"gene","p_val","avg_log2FC","pct.1","pct.2","p_val_adj","cluster","stim","timepoint","comparison"
"UTY",1.14894201183529e-18,1.1700761143355,0.825,0.353,7.20501535621911e-14,"13","BCG_treated","week44","IGRApos_BCG_44wk_vs_IGRAneg_BCG_44wk"
"JDP2",1.10999969982024e-15,7.017219862451,0.196,0,6.96080811757274e-11,"13","BCG_treated","week44","IGRApos_BCG_44wk_vs_IGRAneg_BCG_44wk"
"ENSG00000232855",1.56729208912999e-14,2.37785553132847,0.571,0.26,9.82848869093418e-10,"13","BCG_treated","week44","IGRApos_BCG_44wk_vs_IGRAneg_BCG_44wk"
"XIST",1.72166728875564e-14,-2.00963995298645,0.119,0.468,1.07965755677866e-09,"13","BCG_treated","week44","IGRApos_BCG_44wk_vs_IGRAneg_BCG_44wk"
"RNU4-2",4.40864898146119e-14,1.33935537636153,0.873,0.491,2.76466377627431e-09,"13","BCG_treated","week44","IGRApos_BCG_44wk_vs_IGRAneg_BCG_44wk"
"IFI44L",4.5008082378256e-14,1.89840199514583,0.68,0.341,2.82245684594043e-09,"13","BCG_treated","week44","IGRApos_BCG_44wk_vs_IGRAneg_BCG_44wk"
"PARP14",1.56123472490711e-13,0.802307471628644,0.95,0.775,9.79050295989249e-09,"13","BCG_treated","week44","IGRApos_BCG_44wk_vs_IGRAneg_BCG_44wk"
"OXR1",7.14199467178505e-13,7.23093826732517,0.656,0.416,4.47874485867641e-08,"13","BCG_treated","week44","IGRApos_BCG_44wk_vs_IGRAneg_BCG_44wk"
"LINC02934",1.90805220478911e-11,6.87990656028544,0.212,0.023,1.19653953762325e-06,"13","BCG_treated","week44","IGRApos_BCG_44wk_vs_IGRAneg_BCG_44wk"
"MT-CO1",6.16751392139401e-11,-0.623382853015163,0.86,0.838,3.86764798010618e-06,"13","BCG_treated","week44","IGRApos_BCG_44wk_vs_IGRAneg_BCG_44wk"
"ZFY",6.50021725297136e-11,2.24723004274347,0.431,0.098,4.07628623933834e-06,"13","BCG_treated","week44","IGRApos_BCG_44wk_vs_IGRAneg_BCG_44wk"
"HFM1",8.35361348174949e-11,-2.1856560185541,0.098,0.237,5.2385510144051e-06,"13","BCG_treated","week44","IGRApos_BCG_44wk_vs_IGRAneg_BCG_44wk"
"H4C8",4.99131352012861e-10,3.97284234015232,0.235,0.035,3.13005270847265e-05,"13","BCG_treated","week44","IGRApos_BCG_44wk_vs_IGRAneg_BCG_44wk"
"RPS6",6.67684227692394e-10,-0.737016777758955,0.714,0.746,4.187047791859e-05,"13","BCG_treated","week44","IGRApos_BCG_44wk_vs_IGRAneg_BCG_44wk"
"RPS4Y1",7.03861855643194e-10,1.48998513476964,0.526,0.162,4.41391769673847e-05,"13","BCG_treated","week44","IGRApos_BCG_44wk_vs_IGRAneg_BCG_44wk"
"VIM",1.58091128173758e-09,-1.04838457436528,0.521,0.659,9.91389464777638e-05,"13","BCG_treated","week44","IGRApos_BCG_44wk_vs_IGRAneg_BCG_44wk"
"PRKY",1.76083512621236e-09,0.83973288634058,0.717,0.347,0.000110421970764777,"13","BCG_treated","week44","IGRApos_BCG_44wk_vs_IGRAneg_BCG_44wk"
"RPS8",2.00218460781983e-09,-1.09138206677502,0.397,0.526,0.000125556996756382,"13","BCG_treated","week44","IGRApos_BCG_44wk_vs_IGRAneg_BCG_44wk"
"CSMD1",2.26023990213483e-09,3.08715311837859,0.217,0.035,0.000141739644262875,"13","BCG_treated","week44","IGRApos_BCG_44wk_vs_IGRAneg_BCG_44wk"
"RPL5",1.1708887016942e-08,-0.979786448694912,0.444,0.514,0.000734264304832434,"13","BCG_treated","week44","IGRApos_BCG_44wk_vs_IGRAneg_BCG_44wk"
"LINC00871",1.82811123732373e-08,-4.82007957575781,0.026,0.127,0.00114640855692571,"13","BCG_treated","week44","IGRApos_BCG_44wk_vs_IGRAneg_BCG_44wk"
"SLFN12L",2.4273310124136e-08,0.605745675415504,0.918,0.705,0.00152217927788457,"13","BCG_treated","week44","IGRApos_BCG_44wk_vs_IGRAneg_BCG_44wk"
"STEAP1B",2.45962673623037e-08,-0.679768398472028,0.717,0.751,0.00154243192629006,"13","BCG_treated","week44","IGRApos_BCG_44wk_vs_IGRAneg_BCG_44wk"
"ZNF805",2.78211839155383e-08,-2.36656956880151,0.167,0.243,0.00174466644334341,"13","BCG_treated","week44","IGRApos_BCG_44wk_vs_IGRAneg_BCG_44wk"
"RNU4-1",3.87468469234855e-08,1.5571751148791,0.479,0.162,0.00242981477057178,"13","BCG_treated","week44","IGRApos_BCG_44wk_vs_IGRAneg_BCG_44wk"
"HSH2D",5.38532823936958e-08,0.755854368539418,0.791,0.538,0.00337713933890866,"13","BCG_treated","week44","IGRApos_BCG_44wk_vs_IGRAneg_BCG_44wk"
"SLC30A10",5.41238360257557e-08,4.18194926963129,0.217,0.035,0.00339410575717514,"13","BCG_treated","week44","IGRApos_BCG_44wk_vs_IGRAneg_BCG_44wk"
"MT-RNR2",1.00519738015335e-07,-0.298665278015148,0.997,1,0.00630359277094167,"13","BCG_treated","week44","IGRApos_BCG_44wk_vs_IGRAneg_BCG_44wk"
"PFN1",1.0439580597411e-07,-0.894038560601553,0.487,0.543,0.00654666099263645,"13","BCG_treated","week44","IGRApos_BCG_44wk_vs_IGRAneg_BCG_44wk"
"LINC00845",1.11755956122518e-07,6.11895567575335,0.143,0,0.00700821600844309,"13","BCG_treated","week44","IGRApos_BCG_44wk_vs_IGRAneg_BCG_44wk"
"CNTNAP5",1.12058801601353e-07,3.78179330663714,0.246,0.075,0.00702720744842082,"13","BCG_treated","week44","IGRApos_BCG_44wk_vs_IGRAneg_BCG_44wk"
"FES",1.24503143873761e-07,0.920884542760434,0.706,0.405,0.00780759215232357,"13","BCG_treated","week44","IGRApos_BCG_44wk_vs_IGRAneg_BCG_44wk"
"IRF9",1.43692843264716e-07,1.14400304943265,0.587,0.254,0.00901097820113031,"13","BCG_treated","week44","IGRApos_BCG_44wk_vs_IGRAneg_BCG_44wk"
"ENSG00000233005",1.7633612789073e-07,4.22944508962988,0.177,0.017,0.0110580385800277,"13","BCG_treated","week44","IGRApos_BCG_44wk_vs_IGRAneg_BCG_44wk"
"EEF1A1",2.31820069969464e-07,-0.468327378139744,0.857,0.838,0.0145374365877851,"13","BCG_treated","week44","IGRApos_BCG_44wk_vs_IGRAneg_BCG_44wk"
"XAF1",2.33562993634878e-07,0.756265899520845,0.799,0.549,0.0146467353308432,"13","BCG_treated","week44","IGRApos_BCG_44wk_vs_IGRAneg_BCG_44wk"
"FLNA",2.3666638340619e-07,-0.584006374338785,0.735,0.786,0.0148413489034022,"13","BCG_treated","week44","IGRApos_BCG_44wk_vs_IGRAneg_BCG_44wk"
"ZFPM2",2.61159356002755e-07,-3.86814002146219,0.048,0.11,0.0163773032149327,"13","BCG_treated","week44","IGRApos_BCG_44wk_vs_IGRAneg_BCG_44wk"
"ENSG00000289228",3.83551958992037e-07,-5.36726243909551,0.008,0.11,0.0240525433483906,"13","BCG_treated","week44","IGRApos_BCG_44wk_vs_IGRAneg_BCG_44wk"
"EIF3A",5.03066741060019e-07,-0.526235945449805,0.704,0.665,0.0315473153318738,"13","BCG_treated","week44","IGRApos_BCG_44wk_vs_IGRAneg_BCG_44wk"
"NCAM1",5.59397661035834e-07,0.670690400877645,0.841,0.59,0.0350798273235572,"13","BCG_treated","week44","IGRApos_BCG_44wk_vs_IGRAneg_BCG_44wk"
"CGGBP1",5.9925048890318e-07,-0.901923183148909,0.373,0.41,0.0375789981591184,"13","BCG_treated","week44","IGRApos_BCG_44wk_vs_IGRAneg_BCG_44wk"
"SH3BGRL3",6.98068720311682e-07,-1.47161152822488,0.183,0.329,0.0437758894507456,"13","BCG_treated","week44","IGRApos_BCG_44wk_vs_IGRAneg_BCG_44wk"
"ATG2A",8.82465076372856e-07,-0.242449055440155,0.254,0.127,0.0553393849393418,"13","BCG_treated","week44","IGRApos_BCG_44wk_vs_IGRAneg_BCG_44wk"
"RPS3",1.24068925554995e-06,-0.845122889203875,0.444,0.561,0.0778036232155372,"13","BCG_treated","week44","IGRApos_BCG_44wk_vs_IGRAneg_BCG_44wk"
"RPLP2",1.24476929476008e-06,-0.952583196133544,0.36,0.439,0.0780594824744044,"13","BCG_treated","week44","IGRApos_BCG_44wk_vs_IGRAneg_BCG_44wk"
"RPL11",1.31465252501389e-06,-0.699317486562019,0.558,0.607,0.0824418598436208,"13","BCG_treated","week44","IGRApos_BCG_44wk_vs_IGRAneg_BCG_44wk"
"B4GALT1",1.38865489435923e-06,0.711553898489068,0.862,0.682,0.0870825484252673,"13","BCG_treated","week44","IGRApos_BCG_44wk_vs_IGRAneg_BCG_44wk"
"UBB",1.42076897574716e-06,-0.853748556878989,0.352,0.364,0.0890964224691042,"13","BCG_treated","week44","IGRApos_BCG_44wk_vs_IGRAneg_BCG_44wk"
"PRKCA",1.63397105530002e-06,-0.908839654181374,0.521,0.665,0.102466324877864,"13","BCG_treated","week44","IGRApos_BCG_44wk_vs_IGRAneg_BCG_44wk"
"PDE7B",1.74624629703545e-06,0.759596719740111,0.698,0.451,0.109507105287093,"13","BCG_treated","week44","IGRApos_BCG_44wk_vs_IGRAneg_BCG_44wk"
"UBC",1.76195100215e-06,-0.856084215695286,0.484,0.48,0.110491947344827,"13","BCG_treated","week44","IGRApos_BCG_44wk_vs_IGRAneg_BCG_44wk"
"LINC01871",2.03537296502968e-06,1.1829839898937,0.299,0.098,0.127638238637011,"13","BCG_treated","week44","IGRApos_BCG_44wk_vs_IGRAneg_BCG_44wk"
"RPL19",2.30620705487696e-06,-0.759343675018856,0.479,0.468,0.144622244411334,"13","BCG_treated","week44","IGRApos_BCG_44wk_vs_IGRAneg_BCG_44wk"
"CD226",2.41696957878135e-06,0.828931723719103,0.69,0.428,0.151568162285378,"13","BCG_treated","week44","IGRApos_BCG_44wk_vs_IGRAneg_BCG_44wk"
"USP9Y",2.56518543037933e-06,0.712284888505922,0.632,0.312,0.160862778339088,"13","BCG_treated","week44","IGRApos_BCG_44wk_vs_IGRAneg_BCG_44wk"
"BDNF-AS",2.80932131008818e-06,-3.55317658725874,0.053,0.156,0.17617253935563,"13","BCG_treated","week44","IGRApos_BCG_44wk_vs_IGRAneg_BCG_44wk"
"XKR4",2.83696843025588e-06,3.80278395463197,0.114,0.006,0.177906290261346,"13","BCG_treated","week44","IGRApos_BCG_44wk_vs_IGRAneg_BCG_44wk"
"EZR",3.2850354174619e-06,-0.712514585077721,0.439,0.468,0.206004571029036,"13","BCG_treated","week44","IGRApos_BCG_44wk_vs_IGRAneg_BCG_44wk"
"C19orf12",3.45401031149737e-06,-1.42585341558953,0.23,0.231,0.216600986634,"13","BCG_treated","week44","IGRApos_BCG_44wk_vs_IGRAneg_BCG_44wk"
"CYP1B1-AS1",3.78170752263714e-06,-3.98390183814264,0.034,0.139,0.237150878744575,"13","BCG_treated","week44","IGRApos_BCG_44wk_vs_IGRAneg_BCG_44wk"
"DHRS3",4.20590992651834e-06,-0.974639563543121,0.45,0.624,0.263752611491965,"13","BCG_treated","week44","IGRApos_BCG_44wk_vs_IGRAneg_BCG_44wk"
"PDE5A",5.04534034683531e-06,4.59960906413463,0.111,0,0.316393293150042,"13","BCG_treated","week44","IGRApos_BCG_44wk_vs_IGRAneg_BCG_44wk"
"EMP3",5.5259158283597e-06,-1.18354595760213,0.249,0.335,0.346530181596437,"13","BCG_treated","week44","IGRApos_BCG_44wk_vs_IGRAneg_BCG_44wk"
"ATP9A",5.65203927066002e-06,1.39916136403467,0.27,0.081,0.35443938266309,"13","BCG_treated","week44","IGRApos_BCG_44wk_vs_IGRAneg_BCG_44wk"
"YWHAB",6.26931880131535e-06,-0.708355677392789,0.529,0.59,0.393148982030486,"13","BCG_treated","week44","IGRApos_BCG_44wk_vs_IGRAneg_BCG_44wk"
"RPS19",6.28066801610129e-06,-0.87724605436073,0.376,0.451,0.393860691289712,"13","BCG_treated","week44","IGRApos_BCG_44wk_vs_IGRAneg_BCG_44wk"
"GRAMD1B",6.50813498050695e-06,0.456624717715935,0.878,0.636,0.408125144627591,"13","BCG_treated","week44","IGRApos_BCG_44wk_vs_IGRAneg_BCG_44wk"
"ANKMY1",6.7120012518611e-06,-0.707384735994657,0.421,0.428,0.42090959850421,"13","BCG_treated","week44","IGRApos_BCG_44wk_vs_IGRAneg_BCG_44wk"
"ENSG00000253452",7.26007129638318e-06,-3.2417181649641,0.042,0.121,0.455279070996189,"13","BCG_treated","week44","IGRApos_BCG_44wk_vs_IGRAneg_BCG_44wk"
"PRRX2",7.39465236948869e-06,5.61567017531846,0.101,0,0.463718650090636,"13","BCG_treated","week44","IGRApos_BCG_44wk_vs_IGRAneg_BCG_44wk"
"HSP90B1",8.13856004671546e-06,-0.852438139673931,0.701,0.699,0.510369100529526,"13","BCG_treated","week44","IGRApos_BCG_44wk_vs_IGRAneg_BCG_44wk"
"IFI6",8.50345548441477e-06,2.18060033524932,0.183,0.029,0.53325169342765,"13","BCG_treated","week44","IGRApos_BCG_44wk_vs_IGRAneg_BCG_44wk"
"RPL14",8.90596767795072e-06,-0.819287506075658,0.328,0.416,0.55849323308429,"13","BCG_treated","week44","IGRApos_BCG_44wk_vs_IGRAneg_BCG_44wk"
"RPL13",9.38768481031466e-06,-1.0684444119803,0.288,0.387,0.588701714454832,"13","BCG_treated","week44","IGRApos_BCG_44wk_vs_IGRAneg_BCG_44wk"
"SRSF1",9.9527342863022e-06,-0.520090882003332,0.431,0.399,0.624135967094011,"13","BCG_treated","week44","IGRApos_BCG_44wk_vs_IGRAneg_BCG_44wk"
"ENSG00000237550",1.02398245783463e-05,-1.23103293569367,0.228,0.353,0.642139399308098,"13","BCG_treated","week44","IGRApos_BCG_44wk_vs_IGRAneg_BCG_44wk"
"RPS4X",1.13844667419936e-05,-0.86796279931963,0.365,0.428,0.713919909390417,"13","BCG_treated","week44","IGRApos_BCG_44wk_vs_IGRAneg_BCG_44wk"
"DDX21",1.28274193093426e-05,-1.01405444892653,0.439,0.52,0.804407464888872,"13","BCG_treated","week44","IGRApos_BCG_44wk_vs_IGRAneg_BCG_44wk"
"RAMP1",1.43673101501188e-05,1.72129875854879,0.36,0.133,0.900974019513949,"13","BCG_treated","week44","IGRApos_BCG_44wk_vs_IGRAneg_BCG_44wk"
"HSP90AB1",1.64139420056324e-05,-0.821085333940607,0.622,0.618,1,"13","BCG_treated","week44","IGRApos_BCG_44wk_vs_IGRAneg_BCG_44wk"
"ZDHHC14",1.6991772316232e-05,0.928655919526856,0.799,0.566,1,"13","BCG_treated","week44","IGRApos_BCG_44wk_vs_IGRAneg_BCG_44wk"
"HSPA4",1.7371644059565e-05,0.229811970866374,0.5,0.289,1,"13","BCG_treated","week44","IGRApos_BCG_44wk_vs_IGRAneg_BCG_44wk"
"TEX53",1.79231492354591e-05,3.90658643751646,0.116,0.006,1,"13","BCG_treated","week44","IGRApos_BCG_44wk_vs_IGRAneg_BCG_44wk"
"MT-ATP6",1.87051044545239e-05,-0.918788440875295,0.392,0.497,1,"13","BCG_treated","week44","IGRApos_BCG_44wk_vs_IGRAneg_BCG_44wk"
"SIPA1L1",2.10386288459638e-05,0.546593197768928,0.971,0.925,1,"13","BCG_treated","week44","IGRApos_BCG_44wk_vs_IGRAneg_BCG_44wk"
"CDK6",2.1278418523882e-05,-1.20141871647977,0.508,0.532,1,"13","BCG_treated","week44","IGRApos_BCG_44wk_vs_IGRAneg_BCG_44wk"
"MYL12A",2.13171954165216e-05,-1.19880943795815,0.235,0.341,1,"13","BCG_treated","week44","IGRApos_BCG_44wk_vs_IGRAneg_BCG_44wk"
"KDM6A",2.20549619743431e-05,-0.327759944175559,0.862,0.734,1,"13","BCG_treated","week44","IGRApos_BCG_44wk_vs_IGRAneg_BCG_44wk"
"DDX3Y",2.23912870128039e-05,0.880437595167451,0.386,0.145,1,"13","BCG_treated","week44","IGRApos_BCG_44wk_vs_IGRAneg_BCG_44wk"
"KMT2E",2.35737475664674e-05,0.370468645836018,0.989,0.942,1,"13","BCG_treated","week44","IGRApos_BCG_44wk_vs_IGRAneg_BCG_44wk"
"NCALD",2.50744648576237e-05,0.475599053520846,0.86,0.757,1,"13","BCG_treated","week44","IGRApos_BCG_44wk_vs_IGRAneg_BCG_44wk"
"CD38",2.76423506213756e-05,0.952133576665967,0.743,0.497,1,"13","BCG_treated","week44","IGRApos_BCG_44wk_vs_IGRAneg_BCG_44wk"
"OAS2",2.77094508640763e-05,1.41095020854974,0.45,0.202,1,"13","BCG_treated","week44","IGRApos_BCG_44wk_vs_IGRAneg_BCG_44wk"
"RPLP1",2.87617310720102e-05,-0.794917311748331,0.431,0.497,1,"13","BCG_treated","week44","IGRApos_BCG_44wk_vs_IGRAneg_BCG_44wk"
"RGS9",2.94282401732149e-05,1.03651903969884,0.407,0.202,1,"13","BCG_treated","week44","IGRApos_BCG_44wk_vs_IGRAneg_BCG_44wk"
"IFI44",3.0359150045752e-05,0.767130821331921,0.548,0.283,1,"13","BCG_treated","week44","IGRApos_BCG_44wk_vs_IGRAneg_BCG_44wk"
"HSPA8",3.31668116988677e-05,-0.674568213177815,0.529,0.561,1,"13","BCG_treated","week44","IGRApos_BCG_44wk_vs_IGRAneg_BCG_44wk"
"BORA",3.35669287294608e-05,2.19462278098141,0.183,0.04,1,"13","BCG_treated","week44","IGRApos_BCG_44wk_vs_IGRAneg_BCG_44wk"
"EEF2",3.54178226770653e-05,-0.416719352505463,0.696,0.676,1,"13","BCG_treated","week44","IGRApos_BCG_44wk_vs_IGRAneg_BCG_44wk"
"TBC1D4",3.56077750134794e-05,-1.84901682404005,0.066,0.168,1,"13","BCG_treated","week44","IGRApos_BCG_44wk_vs_IGRAneg_BCG_44wk"
"ADGRG3",4.05794361671182e-05,1.00318257401421,0.563,0.324,1,"13","BCG_treated","week44","IGRApos_BCG_44wk_vs_IGRAneg_BCG_44wk"
"RPL4",4.30014125014471e-05,-0.625538571196527,0.442,0.503,1,"13","BCG_treated","week44","IGRApos_BCG_44wk_vs_IGRAneg_BCG_44wk"
"PLXNA4",4.42420070970688e-05,0.720408191546005,0.418,0.214,1,"13","BCG_treated","week44","IGRApos_BCG_44wk_vs_IGRAneg_BCG_44wk"
"SMC1A",4.8888844382991e-05,-0.617799606189417,0.505,0.526,1,"13","BCG_treated","week44","IGRApos_BCG_44wk_vs_IGRAneg_BCG_44wk"
"ARHGAP31",5.15783638966601e-05,-0.751173479950008,0.693,0.671,1,"13","BCG_treated","week44","IGRApos_BCG_44wk_vs_IGRAneg_BCG_44wk"
"MT-ND4",5.66967682483143e-05,-0.471337815990638,0.743,0.769,1,"13","BCG_treated","week44","IGRApos_BCG_44wk_vs_IGRAneg_BCG_44wk"
"SLC25A21",5.72801174331742e-05,-2.94421047067807,0.05,0.139,1,"13","BCG_treated","week44","IGRApos_BCG_44wk_vs_IGRAneg_BCG_44wk"
"RACK1",5.84233926998621e-05,-0.548232154932738,0.503,0.439,1,"13","BCG_treated","week44","IGRApos_BCG_44wk_vs_IGRAneg_BCG_44wk"
"PABPN1",5.86231426101535e-05,-0.716203983496582,0.481,0.48,1,"13","BCG_treated","week44","IGRApos_BCG_44wk_vs_IGRAneg_BCG_44wk"
"KIAA2026",6.72431712560276e-05,-0.417241095063721,0.762,0.746,1,"13","BCG_treated","week44","IGRApos_BCG_44wk_vs_IGRAneg_BCG_44wk"
"TPT1",6.7943689983864e-05,-0.470694493663253,0.728,0.74,1,"13","BCG_treated","week44","IGRApos_BCG_44wk_vs_IGRAneg_BCG_44wk"
"RPL3",7.1816536596304e-05,-0.569553318011892,0.508,0.491,1,"13","BCG_treated","week44","IGRApos_BCG_44wk_vs_IGRAneg_BCG_44wk"
"ACLY",7.21056576020567e-05,-0.503821388080368,0.376,0.318,1,"13","BCG_treated","week44","IGRApos_BCG_44wk_vs_IGRAneg_BCG_44wk"
"ENSG00000284461",7.47090789143019e-05,-0.81794893326265,0.304,0.289,1,"13","BCG_treated","week44","IGRApos_BCG_44wk_vs_IGRAneg_BCG_44wk"
"ENSG00000225689",7.69621381810773e-05,3.88888035998524,0.175,0.029,1,"13","BCG_treated","week44","IGRApos_BCG_44wk_vs_IGRAneg_BCG_44wk"
"CRYBB2P1.1",7.87629734146683e-05,2.15043962917858,0.169,0.052,1,"13","BCG_treated","week44","IGRApos_BCG_44wk_vs_IGRAneg_BCG_44wk"
"HSPA5",8.50888413800598e-05,-0.645251586443377,0.55,0.497,1,"13","BCG_treated","week44","IGRApos_BCG_44wk_vs_IGRAneg_BCG_44wk"
"EXTL3",0.000101356134423757,0.393827999335314,0.217,0.092,1,"13","BCG_treated","week44","IGRApos_BCG_44wk_vs_IGRAneg_BCG_44wk"
"KDM5D",0.000107676094875724,1.50977023383101,0.27,0.075,1,"13","BCG_treated","week44","IGRApos_BCG_44wk_vs_IGRAneg_BCG_44wk"
"TAGLN2",0.000110572891380523,-0.812937060307447,0.283,0.364,1,"13","BCG_treated","week44","IGRApos_BCG_44wk_vs_IGRAneg_BCG_44wk"
"ENSG00000227803",0.00012360688009284,2.26184581570619,0.169,0.046,1,"13","BCG_treated","week44","IGRApos_BCG_44wk_vs_IGRAneg_BCG_44wk"
"HLA-H",0.000127372440790662,0.940538114208085,0.413,0.249,1,"13","BCG_treated","week44","IGRApos_BCG_44wk_vs_IGRAneg_BCG_44wk"
"RPS29",0.000132623035848485,-0.906050182231421,0.373,0.474,1,"13","BCG_treated","week44","IGRApos_BCG_44wk_vs_IGRAneg_BCG_44wk"
"GLUD1",0.00013793072092358,-0.667295529590355,0.333,0.364,1,"13","BCG_treated","week44","IGRApos_BCG_44wk_vs_IGRAneg_BCG_44wk"
"SET",0.000141652395694277,-0.517230599188634,0.582,0.595,1,"13","BCG_treated","week44","IGRApos_BCG_44wk_vs_IGRAneg_BCG_44wk"
"KPNB1-DT",0.000142298013746558,-1.73658247526709,0.09,0.197,1,"13","BCG_treated","week44","IGRApos_BCG_44wk_vs_IGRAneg_BCG_44wk"
"KIZ-AS1",0.000147420161069802,-1.19583369174284,0.177,0.266,1,"13","BCG_treated","week44","IGRApos_BCG_44wk_vs_IGRAneg_BCG_44wk"
"SRSF10",0.000149344603221727,-0.449272543451486,0.55,0.474,1,"13","BCG_treated","week44","IGRApos_BCG_44wk_vs_IGRAneg_BCG_44wk"
"DDX60",0.000152047085248157,0.814415760643878,0.54,0.283,1,"13","BCG_treated","week44","IGRApos_BCG_44wk_vs_IGRAneg_BCG_44wk"
"ZFAND4",0.000152458378613315,0.887050046258244,0.331,0.133,1,"13","BCG_treated","week44","IGRApos_BCG_44wk_vs_IGRAneg_BCG_44wk"
"RPL35",0.00015308263888057,-1.35690996351908,0.185,0.306,1,"13","BCG_treated","week44","IGRApos_BCG_44wk_vs_IGRAneg_BCG_44wk"
"ZNF721",0.000158239996552692,-0.694474925782556,0.418,0.497,1,"13","BCG_treated","week44","IGRApos_BCG_44wk_vs_IGRAneg_BCG_44wk"
"EMILIN2",0.000161655785685136,-2.12637040147977,0.05,0.116,1,"13","BCG_treated","week44","IGRApos_BCG_44wk_vs_IGRAneg_BCG_44wk"
"DDX60L",0.000164467687926822,0.666184296128041,0.603,0.329,1,"13","BCG_treated","week44","IGRApos_BCG_44wk_vs_IGRAneg_BCG_44wk"
"RPL21",0.000166722718058741,-0.830773630986478,0.307,0.376,1,"13","BCG_treated","week44","IGRApos_BCG_44wk_vs_IGRAneg_BCG_44wk"
"SRP72",0.000183075155450449,-0.688540347878783,0.413,0.405,1,"13","BCG_treated","week44","IGRApos_BCG_44wk_vs_IGRAneg_BCG_44wk"
"EEF1B2",0.000184020436604433,-1.08494771712161,0.146,0.231,1,"13","BCG_treated","week44","IGRApos_BCG_44wk_vs_IGRAneg_BCG_44wk"
"VDAC1",0.000190161107660543,-0.638145477084849,0.362,0.353,1,"13","BCG_treated","week44","IGRApos_BCG_44wk_vs_IGRAneg_BCG_44wk"
"EFHD2",0.000203085019797678,-0.857771573877481,0.323,0.376,1,"13","BCG_treated","week44","IGRApos_BCG_44wk_vs_IGRAneg_BCG_44wk"
"ANXA1",0.00020745769764104,-1.37400402932053,0.151,0.283,1,"13","BCG_treated","week44","IGRApos_BCG_44wk_vs_IGRAneg_BCG_44wk"
"ENO1",0.00020920598291946,-0.584835633534699,0.542,0.561,1,"13","BCG_treated","week44","IGRApos_BCG_44wk_vs_IGRAneg_BCG_44wk"
"GPM6A",0.000211019735156844,2.72864885976689,0.122,0.017,1,"13","BCG_treated","week44","IGRApos_BCG_44wk_vs_IGRAneg_BCG_44wk"
"UCHL3",0.000212559392167436,-1.01676796168605,0.22,0.272,1,"13","BCG_treated","week44","IGRApos_BCG_44wk_vs_IGRAneg_BCG_44wk"
"PIK3R1",0.000221830677316449,0.733411448757965,0.881,0.763,1,"13","BCG_treated","week44","IGRApos_BCG_44wk_vs_IGRAneg_BCG_44wk"
"TIPRL",0.000222342000600899,-0.625677138137809,0.331,0.335,1,"13","BCG_treated","week44","IGRApos_BCG_44wk_vs_IGRAneg_BCG_44wk"
"ENSG00000290199",0.000244802617443359,-2.08407904219399,0.053,0.139,1,"13","BCG_treated","week44","IGRApos_BCG_44wk_vs_IGRAneg_BCG_44wk"
"RPL38",0.000245243821247127,-1.40784687326535,0.188,0.254,1,"13","BCG_treated","week44","IGRApos_BCG_44wk_vs_IGRAneg_BCG_44wk"
"FBXO5",0.000260028450336918,-2.01671794894775,0.048,0.121,1,"13","BCG_treated","week44","IGRApos_BCG_44wk_vs_IGRAneg_BCG_44wk"
"IL2RA",0.000263861437139389,-0.90953305438816,0.487,0.457,1,"13","BCG_treated","week44","IGRApos_BCG_44wk_vs_IGRAneg_BCG_44wk"
"CNR2",0.000263925257845863,-0.830525245419166,0.519,0.538,1,"13","BCG_treated","week44","IGRApos_BCG_44wk_vs_IGRAneg_BCG_44wk"
"RPS27A",0.000272184553480251,-0.88259205773902,0.283,0.387,1,"13","BCG_treated","week44","IGRApos_BCG_44wk_vs_IGRAneg_BCG_44wk"
"ARHGAP26",0.000274494656250392,-0.651760270830648,0.733,0.78,1,"13","BCG_treated","week44","IGRApos_BCG_44wk_vs_IGRAneg_BCG_44wk"
"CELF2",0.000279968134833707,-0.506404828532468,0.791,0.792,1,"13","BCG_treated","week44","IGRApos_BCG_44wk_vs_IGRAneg_BCG_44wk"
"NBPF26",0.000294138150169469,-1.80860569915658,0.122,0.197,1,"13","BCG_treated","week44","IGRApos_BCG_44wk_vs_IGRAneg_BCG_44wk"
"KLHDC10",0.000296947439723941,-0.468647271841748,0.362,0.283,1,"13","BCG_treated","week44","IGRApos_BCG_44wk_vs_IGRAneg_BCG_44wk"
"TRG-AS1",0.000308484761843887,-0.624765027661259,0.563,0.566,1,"13","BCG_treated","week44","IGRApos_BCG_44wk_vs_IGRAneg_BCG_44wk"
"GBA2",0.000323774593633868,-0.739208189074347,0.312,0.277,1,"13","BCG_treated","week44","IGRApos_BCG_44wk_vs_IGRAneg_BCG_44wk"
"RARA",0.000335661086997755,-1.16655216615111,0.201,0.266,1,"13","BCG_treated","week44","IGRApos_BCG_44wk_vs_IGRAneg_BCG_44wk"
"IL21R",0.000338452991803742,0.647849684473407,0.698,0.445,1,"13","BCG_treated","week44","IGRApos_BCG_44wk_vs_IGRAneg_BCG_44wk"
"L3MBTL4",0.000349053133524129,-0.703334191772042,0.479,0.584,1,"13","BCG_treated","week44","IGRApos_BCG_44wk_vs_IGRAneg_BCG_44wk"
"SLC2A3",0.00035793374157656,0.350426161335296,0.365,0.197,1,"13","BCG_treated","week44","IGRApos_BCG_44wk_vs_IGRAneg_BCG_44wk"
"PKM",0.000366343861632171,-0.549285047513055,0.434,0.416,1,"13","BCG_treated","week44","IGRApos_BCG_44wk_vs_IGRAneg_BCG_44wk"
"CAP1",0.000378031254948886,-0.518559526047794,0.608,0.613,1,"13","BCG_treated","week44","IGRApos_BCG_44wk_vs_IGRAneg_BCG_44wk"
"ARHGAP12",0.000383961094754346,0.35604143090111,0.336,0.179,1,"13","BCG_treated","week44","IGRApos_BCG_44wk_vs_IGRAneg_BCG_44wk"
"FBXO9",0.000399698189188098,-0.860819007576319,0.294,0.341,1,"13","BCG_treated","week44","IGRApos_BCG_44wk_vs_IGRAneg_BCG_44wk"
"PGAP1",0.000405599282813799,1.52835381547414,0.233,0.075,1,"13","BCG_treated","week44","IGRApos_BCG_44wk_vs_IGRAneg_BCG_44wk"
"B2M",0.000412221781917768,-0.354970225953136,0.979,0.96,1,"13","BCG_treated","week44","IGRApos_BCG_44wk_vs_IGRAneg_BCG_44wk"
"GPR65",0.000414514601510728,0.833083234035497,0.37,0.179,1,"13","BCG_treated","week44","IGRApos_BCG_44wk_vs_IGRAneg_BCG_44wk"
"PAN2",0.000424786241398294,-0.135216463047693,0.146,0.069,1,"13","BCG_treated","week44","IGRApos_BCG_44wk_vs_IGRAneg_BCG_44wk"
"NUTM2B-AS1",0.000425860423081094,-0.351425799789722,0.675,0.607,1,"13","BCG_treated","week44","IGRApos_BCG_44wk_vs_IGRAneg_BCG_44wk"
"TACC1",0.000426225542461409,-0.275772374762466,0.759,0.682,1,"13","BCG_treated","week44","IGRApos_BCG_44wk_vs_IGRAneg_BCG_44wk"
"PRPF38B",0.000440308295952574,-0.485423100150104,0.69,0.624,1,"13","BCG_treated","week44","IGRApos_BCG_44wk_vs_IGRAneg_BCG_44wk"
"RPS15A",0.000453704823587763,-0.819155188044274,0.302,0.347,1,"13","BCG_treated","week44","IGRApos_BCG_44wk_vs_IGRAneg_BCG_44wk"
"TMSB10",0.000475715545409491,-1.07693039328965,0.217,0.266,1,"13","BCG_treated","week44","IGRApos_BCG_44wk_vs_IGRAneg_BCG_44wk"
"REST",0.000491696820427364,-0.545683674274073,0.392,0.462,1,"13","BCG_treated","week44","IGRApos_BCG_44wk_vs_IGRAneg_BCG_44wk"
"LINC01128",0.000491975868321673,-1.81037044247131,0.156,0.202,1,"13","BCG_treated","week44","IGRApos_BCG_44wk_vs_IGRAneg_BCG_44wk"
"BMS1",0.000498922663750754,-0.389319183235382,0.418,0.341,1,"13","BCG_treated","week44","IGRApos_BCG_44wk_vs_IGRAneg_BCG_44wk"
"ENSG00000228334",0.000507224016953166,1.46475070402282,0.233,0.081,1,"13","BCG_treated","week44","IGRApos_BCG_44wk_vs_IGRAneg_BCG_44wk"
"TRIM56",0.000508997144187193,-0.440590019364593,0.548,0.468,1,"13","BCG_treated","week44","IGRApos_BCG_44wk_vs_IGRAneg_BCG_44wk"
"RAB1A",0.000512782177289428,-0.502150326757147,0.64,0.613,1,"13","BCG_treated","week44","IGRApos_BCG_44wk_vs_IGRAneg_BCG_44wk"
"ENSG00000262370",0.000514818727813845,2.38864983472503,0.108,0.017,1,"13","BCG_treated","week44","IGRApos_BCG_44wk_vs_IGRAneg_BCG_44wk"
"ENSG00000251652",0.000525951617973772,-1.54455589430358,0.146,0.202,1,"13","BCG_treated","week44","IGRApos_BCG_44wk_vs_IGRAneg_BCG_44wk"
"SYTL3",0.000528298094259035,0.542917835516735,0.947,0.873,1,"13","BCG_treated","week44","IGRApos_BCG_44wk_vs_IGRAneg_BCG_44wk"
"RPL34",0.000528591486563914,-0.544858556488111,0.442,0.48,1,"13","BCG_treated","week44","IGRApos_BCG_44wk_vs_IGRAneg_BCG_44wk"
"YARS1",0.000536607020825061,-0.38611412800302,0.823,0.751,1,"13","BCG_treated","week44","IGRApos_BCG_44wk_vs_IGRAneg_BCG_44wk"
"TLE3",0.00053776906021119,-0.698541405016279,0.444,0.491,1,"13","BCG_treated","week44","IGRApos_BCG_44wk_vs_IGRAneg_BCG_44wk"
"PRKAG1",0.0005403153959722,-1.45653368730792,0.167,0.225,1,"13","BCG_treated","week44","IGRApos_BCG_44wk_vs_IGRAneg_BCG_44wk"
"GCNT1",0.000559680162909341,-0.958549073271314,0.27,0.335,1,"13","BCG_treated","week44","IGRApos_BCG_44wk_vs_IGRAneg_BCG_44wk"
"FOSL2",0.000570528050457932,0.944056455745517,0.688,0.451,1,"13","BCG_treated","week44","IGRApos_BCG_44wk_vs_IGRAneg_BCG_44wk"
"ENSG00000270066",0.000571495725451328,1.84021345808584,0.183,0.058,1,"13","BCG_treated","week44","IGRApos_BCG_44wk_vs_IGRAneg_BCG_44wk"
"NOLC1",0.000578154384540196,-0.656229092356827,0.344,0.387,1,"13","BCG_treated","week44","IGRApos_BCG_44wk_vs_IGRAneg_BCG_44wk"
"CYFIP2",0.000580998848215092,-0.417907405986121,0.889,0.867,1,"13","BCG_treated","week44","IGRApos_BCG_44wk_vs_IGRAneg_BCG_44wk"
"OAS3",0.000598195172782152,1.16254007838911,0.437,0.208,1,"13","BCG_treated","week44","IGRApos_BCG_44wk_vs_IGRAneg_BCG_44wk"
"POC1B-AS1",0.000600107917772749,-1.32868916026259,0.082,0.173,1,"13","BCG_treated","week44","IGRApos_BCG_44wk_vs_IGRAneg_BCG_44wk"
"ILDR2",0.000610413149069813,1.3211842176188,0.288,0.098,1,"13","BCG_treated","week44","IGRApos_BCG_44wk_vs_IGRAneg_BCG_44wk"
"MAP4",0.00062986959809346,-0.42765850280896,0.77,0.798,1,"13","BCG_treated","week44","IGRApos_BCG_44wk_vs_IGRAneg_BCG_44wk"
"NBAS",0.000632589256578094,-0.22898626845193,0.646,0.543,1,"13","BCG_treated","week44","IGRApos_BCG_44wk_vs_IGRAneg_BCG_44wk"
"ST3GAL1",0.000643498492257767,0.353561316207393,0.587,0.364,1,"13","BCG_treated","week44","IGRApos_BCG_44wk_vs_IGRAneg_BCG_44wk"
"CMSS1",0.000667351416570587,-0.789634879841773,0.437,0.503,1,"13","BCG_treated","week44","IGRApos_BCG_44wk_vs_IGRAneg_BCG_44wk"
"PSMA4",0.000683007327252119,-0.715067566496784,0.296,0.295,1,"13","BCG_treated","week44","IGRApos_BCG_44wk_vs_IGRAneg_BCG_44wk"
"AFAP1",0.000696787906737324,2.14593061400699,0.153,0.035,1,"13","BCG_treated","week44","IGRApos_BCG_44wk_vs_IGRAneg_BCG_44wk"
"SPTLC3",0.000714487289739067,-1.67724616221465,0.034,0.11,1,"13","BCG_treated","week44","IGRApos_BCG_44wk_vs_IGRAneg_BCG_44wk"
"SCAF11",0.000719746148212411,-0.201727208691464,0.876,0.803,1,"13","BCG_treated","week44","IGRApos_BCG_44wk_vs_IGRAneg_BCG_44wk"
"RPF2",0.000730370207493954,-1.15042983318994,0.172,0.214,1,"13","BCG_treated","week44","IGRApos_BCG_44wk_vs_IGRAneg_BCG_44wk"
"TMEM120A",0.000732639586763039,0.965187004221848,0.341,0.139,1,"13","BCG_treated","week44","IGRApos_BCG_44wk_vs_IGRAneg_BCG_44wk"
"UBE3A",0.000761314199117417,-0.428665537196347,0.683,0.688,1,"13","BCG_treated","week44","IGRApos_BCG_44wk_vs_IGRAneg_BCG_44wk"
"IKZF3",0.000765015748859405,-0.830165031141511,0.328,0.364,1,"13","BCG_treated","week44","IGRApos_BCG_44wk_vs_IGRAneg_BCG_44wk"
"CNNM3",0.000777946973997363,1.4825560088287,0.198,0.052,1,"13","BCG_treated","week44","IGRApos_BCG_44wk_vs_IGRAneg_BCG_44wk"
"B4GALNT1",0.000813883450169416,1.43419134004209,0.18,0.069,1,"13","BCG_treated","week44","IGRApos_BCG_44wk_vs_IGRAneg_BCG_44wk"
"PARP8",0.000817454337329061,0.411345089639187,0.966,0.85,1,"13","BCG_treated","week44","IGRApos_BCG_44wk_vs_IGRAneg_BCG_44wk"
"IPO7",0.000823447089529696,-0.506415570528156,0.508,0.52,1,"13","BCG_treated","week44","IGRApos_BCG_44wk_vs_IGRAneg_BCG_44wk"
"SLC12A6",0.000848347918457271,-0.440067055133913,0.63,0.601,1,"13","BCG_treated","week44","IGRApos_BCG_44wk_vs_IGRAneg_BCG_44wk"
"SLC5A3",0.000856216790040798,-0.367240975988692,0.868,0.821,1,"13","BCG_treated","week44","IGRApos_BCG_44wk_vs_IGRAneg_BCG_44wk"
"PDIA4",0.000860251065284732,-0.486435002805269,0.28,0.22,1,"13","BCG_treated","week44","IGRApos_BCG_44wk_vs_IGRAneg_BCG_44wk"
"HNRNPK",0.000868289491447142,-0.348925289593796,0.751,0.717,1,"13","BCG_treated","week44","IGRApos_BCG_44wk_vs_IGRAneg_BCG_44wk"
"KIAA0319L",0.000905541473418297,0.429740613012464,0.91,0.78,1,"13","BCG_treated","week44","IGRApos_BCG_44wk_vs_IGRAneg_BCG_44wk"
"MTMR12",0.000923226815414429,-0.798507713198158,0.275,0.289,1,"13","BCG_treated","week44","IGRApos_BCG_44wk_vs_IGRAneg_BCG_44wk"
"AKAP7",0.000974568455532537,-0.529869344630003,0.214,0.173,1,"13","BCG_treated","week44","IGRApos_BCG_44wk_vs_IGRAneg_BCG_44wk"
"TMPO",0.000979584735292508,-0.125458006662108,0.378,0.266,1,"13","BCG_treated","week44","IGRApos_BCG_44wk_vs_IGRAneg_BCG_44wk"
"CCT6A",0.000992253248739935,-0.56830632594499,0.373,0.382,1,"13","BCG_treated","week44","IGRApos_BCG_44wk_vs_IGRAneg_BCG_44wk"
"ABRAXAS2",0.00101493356063514,-1.09328761230671,0.14,0.225,1,"13","BCG_treated","week44","IGRApos_BCG_44wk_vs_IGRAneg_BCG_44wk"
"STYXL1",0.00104559571520766,0.462272353001606,0.365,0.179,1,"13","BCG_treated","week44","IGRApos_BCG_44wk_vs_IGRAneg_BCG_44wk"
"INKA2",0.00105636510310784,-2.11989621697352,0.04,0.104,1,"13","BCG_treated","week44","IGRApos_BCG_44wk_vs_IGRAneg_BCG_44wk"
"RPL23",0.00105722713883534,-0.607677591139899,0.418,0.462,1,"13","BCG_treated","week44","IGRApos_BCG_44wk_vs_IGRAneg_BCG_44wk"
"HLA-A",0.00106893844391764,-0.344064491631467,0.963,0.971,1,"13","BCG_treated","week44","IGRApos_BCG_44wk_vs_IGRAneg_BCG_44wk"
"NDFIP2",0.00107175818263828,-1.60910275901776,0.106,0.185,1,"13","BCG_treated","week44","IGRApos_BCG_44wk_vs_IGRAneg_BCG_44wk"
"ENOSF1",0.00108245397965182,1.17033183317066,0.378,0.191,1,"13","BCG_treated","week44","IGRApos_BCG_44wk_vs_IGRAneg_BCG_44wk"
"ABLIM1",0.00110839443620259,1.05655473114221,0.73,0.566,1,"13","BCG_treated","week44","IGRApos_BCG_44wk_vs_IGRAneg_BCG_44wk"
"MFNG",0.00112019856347544,-1.01523413152868,0.177,0.237,1,"13","BCG_treated","week44","IGRApos_BCG_44wk_vs_IGRAneg_BCG_44wk"
"SOAT1",0.00112172199448786,0.66673128775177,0.418,0.22,1,"13","BCG_treated","week44","IGRApos_BCG_44wk_vs_IGRAneg_BCG_44wk"
"IL18RAP",0.00112479246451801,0.660265185930201,0.526,0.353,1,"13","BCG_treated","week44","IGRApos_BCG_44wk_vs_IGRAneg_BCG_44wk"
"RPL6",0.00113701558478572,-0.63162378075624,0.402,0.416,1,"13","BCG_treated","week44","IGRApos_BCG_44wk_vs_IGRAneg_BCG_44wk"
"CALM1",0.00114453449807611,-0.721792617525592,0.452,0.497,1,"13","BCG_treated","week44","IGRApos_BCG_44wk_vs_IGRAneg_BCG_44wk"
"APRG1",0.00114916186562882,-1.15125371247924,0.114,0.168,1,"13","BCG_treated","week44","IGRApos_BCG_44wk_vs_IGRAneg_BCG_44wk"
"RHOG",0.00115368721325408,-1.23026537980992,0.146,0.214,1,"13","BCG_treated","week44","IGRApos_BCG_44wk_vs_IGRAneg_BCG_44wk"
"SBNO1",0.0011663225718294,-0.512610517708464,0.529,0.526,1,"13","BCG_treated","week44","IGRApos_BCG_44wk_vs_IGRAneg_BCG_44wk"
"CMIP",0.00117395093116367,0.297437581658347,0.976,0.902,1,"13","BCG_treated","week44","IGRApos_BCG_44wk_vs_IGRAneg_BCG_44wk"
"SLC27A4",0.00117974652540028,-0.480197420947822,0.775,0.786,1,"13","BCG_treated","week44","IGRApos_BCG_44wk_vs_IGRAneg_BCG_44wk"
"ETV6",0.00118317100419807,0.433522805533675,0.947,0.844,1,"13","BCG_treated","week44","IGRApos_BCG_44wk_vs_IGRAneg_BCG_44wk"
"CNBP",0.00118844262044423,-0.500530273435848,0.505,0.538,1,"13","BCG_treated","week44","IGRApos_BCG_44wk_vs_IGRAneg_BCG_44wk"
"PLEKHA7",0.00119872415250748,-1.13076016138274,0.183,0.243,1,"13","BCG_treated","week44","IGRApos_BCG_44wk_vs_IGRAneg_BCG_44wk"
"DCP1A",0.001203579526284,-0.193899387544589,0.548,0.428,1,"13","BCG_treated","week44","IGRApos_BCG_44wk_vs_IGRAneg_BCG_44wk"
"POLH",0.0012170128632415,-0.818781181259431,0.188,0.26,1,"13","BCG_treated","week44","IGRApos_BCG_44wk_vs_IGRAneg_BCG_44wk"
"NCOA1",0.0012179096249677,-0.380705857098826,0.934,0.925,1,"13","BCG_treated","week44","IGRApos_BCG_44wk_vs_IGRAneg_BCG_44wk"
"RPL27",0.00122572406525984,-0.782996034949504,0.304,0.376,1,"13","BCG_treated","week44","IGRApos_BCG_44wk_vs_IGRAneg_BCG_44wk"
"RSAD2",0.00126724364372424,1.02196691232355,0.225,0.081,1,"13","BCG_treated","week44","IGRApos_BCG_44wk_vs_IGRAneg_BCG_44wk"
"RPL13A",0.00127662590123525,-0.573601542439893,0.545,0.578,1,"13","BCG_treated","week44","IGRApos_BCG_44wk_vs_IGRAneg_BCG_44wk"
"EIF1",0.00129722583843192,-0.797001665331779,0.381,0.434,1,"13","BCG_treated","week44","IGRApos_BCG_44wk_vs_IGRAneg_BCG_44wk"
"PCBP1",0.00134610981848646,-0.844097884092496,0.235,0.289,1,"13","BCG_treated","week44","IGRApos_BCG_44wk_vs_IGRAneg_BCG_44wk"
"SLC35E2B",0.00136453526516955,-0.863573756880629,0.209,0.254,1,"13","BCG_treated","week44","IGRApos_BCG_44wk_vs_IGRAneg_BCG_44wk"
"MYNN",0.00136920214858204,-0.908866301084626,0.214,0.266,1,"13","BCG_treated","week44","IGRApos_BCG_44wk_vs_IGRAneg_BCG_44wk"
"EIF4A1",0.00138071495259157,-0.605262176665348,0.476,0.503,1,"13","BCG_treated","week44","IGRApos_BCG_44wk_vs_IGRAneg_BCG_44wk"
"PIK3IP1",0.00139465102103342,-0.201800814162795,0.23,0.173,1,"13","BCG_treated","week44","IGRApos_BCG_44wk_vs_IGRAneg_BCG_44wk"
"TAF9",0.00140452513900491,0.570436375338872,0.124,0.04,1,"13","BCG_treated","week44","IGRApos_BCG_44wk_vs_IGRAneg_BCG_44wk"
"RPS17",0.00141276682277709,-0.986670320827599,0.13,0.208,1,"13","BCG_treated","week44","IGRApos_BCG_44wk_vs_IGRAneg_BCG_44wk"
"ABHD2",0.00142295889608359,0.503897788390593,0.923,0.838,1,"13","BCG_treated","week44","IGRApos_BCG_44wk_vs_IGRAneg_BCG_44wk"
"CCNG2",0.00143435989168657,-0.568606449591891,0.151,0.208,1,"13","BCG_treated","week44","IGRApos_BCG_44wk_vs_IGRAneg_BCG_44wk"
"KCNMB4",0.00143686713827502,-1.38449659090655,0.087,0.168,1,"13","BCG_treated","week44","IGRApos_BCG_44wk_vs_IGRAneg_BCG_44wk"
"RPL32",0.00148100279689463,-0.754790679010326,0.296,0.353,1,"13","BCG_treated","week44","IGRApos_BCG_44wk_vs_IGRAneg_BCG_44wk"
"ATF4",0.00148691526320615,-0.766372923493577,0.312,0.335,1,"13","BCG_treated","week44","IGRApos_BCG_44wk_vs_IGRAneg_BCG_44wk"
"ZKSCAN3",0.00148920252424044,1.84120339507596,0.124,0.023,1,"13","BCG_treated","week44","IGRApos_BCG_44wk_vs_IGRAneg_BCG_44wk"
"PDCD5",0.0014962871905252,-1.67039119540794,0.095,0.139,1,"13","BCG_treated","week44","IGRApos_BCG_44wk_vs_IGRAneg_BCG_44wk"
"RPL12",0.00150796647638521,-1.07240710141971,0.241,0.312,1,"13","BCG_treated","week44","IGRApos_BCG_44wk_vs_IGRAneg_BCG_44wk"
"CCND2",0.00152375476865076,-0.759015430462278,0.463,0.428,1,"13","BCG_treated","week44","IGRApos_BCG_44wk_vs_IGRAneg_BCG_44wk"
"MIR4300HG",0.00154722863802808,2.354897331295,0.143,0.04,1,"13","BCG_treated","week44","IGRApos_BCG_44wk_vs_IGRAneg_BCG_44wk"
"HMGN2",0.0015712551626938,-0.484140429231336,0.172,0.133,1,"13","BCG_treated","week44","IGRApos_BCG_44wk_vs_IGRAneg_BCG_44wk"
"TRIM22",0.00159626232436468,0.637683111893944,0.542,0.335,1,"13","BCG_treated","week44","IGRApos_BCG_44wk_vs_IGRAneg_BCG_44wk"
"MT-ND5",0.00168854707151058,-0.349117640509141,0.95,0.942,1,"13","BCG_treated","week44","IGRApos_BCG_44wk_vs_IGRAneg_BCG_44wk"
"OOEP",0.00169615432773289,-1.29280314271007,0.095,0.173,1,"13","BCG_treated","week44","IGRApos_BCG_44wk_vs_IGRAneg_BCG_44wk"
"HDLBP",0.00171937122174352,-0.406080676476059,0.648,0.642,1,"13","BCG_treated","week44","IGRApos_BCG_44wk_vs_IGRAneg_BCG_44wk"
"DNAJB1",0.00171946082797608,-1.70511183369372,0.087,0.133,1,"13","BCG_treated","week44","IGRApos_BCG_44wk_vs_IGRAneg_BCG_44wk"
"RPL10A",0.00173623475553732,-0.788511829932686,0.188,0.208,1,"13","BCG_treated","week44","IGRApos_BCG_44wk_vs_IGRAneg_BCG_44wk"
"TYMP",0.00175147091573185,0.670142064193178,0.259,0.104,1,"13","BCG_treated","week44","IGRApos_BCG_44wk_vs_IGRAneg_BCG_44wk"
"NUP107",0.00176050755290256,-0.785986648164994,0.302,0.335,1,"13","BCG_treated","week44","IGRApos_BCG_44wk_vs_IGRAneg_BCG_44wk"
"DCAF5",0.00176518851746157,-0.382363099283982,0.63,0.566,1,"13","BCG_treated","week44","IGRApos_BCG_44wk_vs_IGRAneg_BCG_44wk"
"CERK",0.00177633887966176,0.467833431794364,0.291,0.139,1,"13","BCG_treated","week44","IGRApos_BCG_44wk_vs_IGRAneg_BCG_44wk"
"EIF2AK2",0.00179874323019011,0.764387530313915,0.672,0.439,1,"13","BCG_treated","week44","IGRApos_BCG_44wk_vs_IGRAneg_BCG_44wk"
"PA2G4",0.00180930117279368,-0.486552913173334,0.429,0.416,1,"13","BCG_treated","week44","IGRApos_BCG_44wk_vs_IGRAneg_BCG_44wk"
"MAP4K5",0.00181144307471469,-0.374963779822074,0.579,0.52,1,"13","BCG_treated","week44","IGRApos_BCG_44wk_vs_IGRAneg_BCG_44wk"
"NAA35",0.0018140449213268,-0.520102853990975,0.423,0.434,1,"13","BCG_treated","week44","IGRApos_BCG_44wk_vs_IGRAneg_BCG_44wk"
"EIF4G2",0.00182108289117605,-0.230827340191056,0.788,0.792,1,"13","BCG_treated","week44","IGRApos_BCG_44wk_vs_IGRAneg_BCG_44wk"
"MX1",0.0018720299227184,0.773800714163523,0.537,0.295,1,"13","BCG_treated","week44","IGRApos_BCG_44wk_vs_IGRAneg_BCG_44wk"
"GNAS",0.00188524744982443,-0.23650845325022,0.712,0.601,1,"13","BCG_treated","week44","IGRApos_BCG_44wk_vs_IGRAneg_BCG_44wk"
"DOCK5",0.00188560545050869,0.979464067617677,0.606,0.428,1,"13","BCG_treated","week44","IGRApos_BCG_44wk_vs_IGRAneg_BCG_44wk"
"RPS11",0.00188804782167909,-0.906680399842921,0.31,0.416,1,"13","BCG_treated","week44","IGRApos_BCG_44wk_vs_IGRAneg_BCG_44wk"
"ENSG00000214265",0.00191020408858915,0.917080054420426,0.36,0.202,1,"13","BCG_treated","week44","IGRApos_BCG_44wk_vs_IGRAneg_BCG_44wk"
"FSD1L",0.00194071310722384,-1.10531307317132,0.124,0.168,1,"13","BCG_treated","week44","IGRApos_BCG_44wk_vs_IGRAneg_BCG_44wk"
"BLM",0.0020155059074242,0.377672603486673,0.439,0.249,1,"13","BCG_treated","week44","IGRApos_BCG_44wk_vs_IGRAneg_BCG_44wk"
"ELAVL1",0.00202408847630463,-0.881530681482762,0.315,0.358,1,"13","BCG_treated","week44","IGRApos_BCG_44wk_vs_IGRAneg_BCG_44wk"
"ENSG00000227240",0.00206697149062913,-0.826772776613705,0.471,0.665,1,"13","BCG_treated","week44","IGRApos_BCG_44wk_vs_IGRAneg_BCG_44wk"
"COX4I1",0.00209801230026515,-0.766435703101126,0.254,0.283,1,"13","BCG_treated","week44","IGRApos_BCG_44wk_vs_IGRAneg_BCG_44wk"
"MT-ND1",0.00210430325689564,-0.473304775392056,0.357,0.358,1,"13","BCG_treated","week44","IGRApos_BCG_44wk_vs_IGRAneg_BCG_44wk"
"AMD1",0.00214613629220413,-0.789027346806471,0.288,0.347,1,"13","BCG_treated","week44","IGRApos_BCG_44wk_vs_IGRAneg_BCG_44wk"
"ZNF713",0.00219123121420674,-0.139920508633633,0.103,0.156,1,"13","BCG_treated","week44","IGRApos_BCG_44wk_vs_IGRAneg_BCG_44wk"
"RBM3",0.00220738066771924,-0.711849380762182,0.304,0.312,1,"13","BCG_treated","week44","IGRApos_BCG_44wk_vs_IGRAneg_BCG_44wk"
"RAN",0.00222396985059177,-0.920271123718455,0.172,0.214,1,"13","BCG_treated","week44","IGRApos_BCG_44wk_vs_IGRAneg_BCG_44wk"
"RPL35A",0.00222838140445972,-0.771692926725711,0.323,0.382,1,"13","BCG_treated","week44","IGRApos_BCG_44wk_vs_IGRAneg_BCG_44wk"
"DCBLD1",0.00223821086226244,-2.08472095453872,0.04,0.104,1,"13","BCG_treated","week44","IGRApos_BCG_44wk_vs_IGRAneg_BCG_44wk"
"TTTY14",0.00231178479737974,0.717650971035283,0.323,0.162,1,"13","BCG_treated","week44","IGRApos_BCG_44wk_vs_IGRAneg_BCG_44wk"
"STAT1",0.00233577959015235,0.369244604809682,0.857,0.682,1,"13","BCG_treated","week44","IGRApos_BCG_44wk_vs_IGRAneg_BCG_44wk"
"NRIR",0.00237724236164419,1.85167175226268,0.101,0.017,1,"13","BCG_treated","week44","IGRApos_BCG_44wk_vs_IGRAneg_BCG_44wk"
"DENND4B",0.00239386596132882,-0.148773778752576,0.302,0.208,1,"13","BCG_treated","week44","IGRApos_BCG_44wk_vs_IGRAneg_BCG_44wk"
"ENY2",0.00245142902117077,-1.07597099203639,0.122,0.197,1,"13","BCG_treated","week44","IGRApos_BCG_44wk_vs_IGRAneg_BCG_44wk"
"IGHMBP2",0.00245529373831996,1.60380808766868,0.193,0.058,1,"13","BCG_treated","week44","IGRApos_BCG_44wk_vs_IGRAneg_BCG_44wk"
"TCF4",0.0025253849469497,0.952937136720131,0.402,0.301,1,"13","BCG_treated","week44","IGRApos_BCG_44wk_vs_IGRAneg_BCG_44wk"
"RPS12",0.00254140037669088,-0.715558367381276,0.241,0.277,1,"13","BCG_treated","week44","IGRApos_BCG_44wk_vs_IGRAneg_BCG_44wk"
"NME2",0.00255117302018519,-1.39122187453562,0.095,0.162,1,"13","BCG_treated","week44","IGRApos_BCG_44wk_vs_IGRAneg_BCG_44wk"
"SUMF1",0.00256581353687396,0.53875493067494,0.513,0.289,1,"13","BCG_treated","week44","IGRApos_BCG_44wk_vs_IGRAneg_BCG_44wk"
"CCDC138",0.0025760157318688,0.916556846688598,0.23,0.098,1,"13","BCG_treated","week44","IGRApos_BCG_44wk_vs_IGRAneg_BCG_44wk"
"STK17B",0.00273805921883688,-0.332055653994255,0.905,0.89,1,"13","BCG_treated","week44","IGRApos_BCG_44wk_vs_IGRAneg_BCG_44wk"
"SUMO2",0.00274746309377221,-0.727269096877046,0.27,0.306,1,"13","BCG_treated","week44","IGRApos_BCG_44wk_vs_IGRAneg_BCG_44wk"
"TNFAIP3",0.00275545204963365,0.507687682383311,0.881,0.786,1,"13","BCG_treated","week44","IGRApos_BCG_44wk_vs_IGRAneg_BCG_44wk"
"PHACTR2",0.00278550759269645,0.613172435709279,0.937,0.838,1,"13","BCG_treated","week44","IGRApos_BCG_44wk_vs_IGRAneg_BCG_44wk"
"CIAPIN1",0.00280251506213387,-0.991702255770319,0.13,0.168,1,"13","BCG_treated","week44","IGRApos_BCG_44wk_vs_IGRAneg_BCG_44wk"
"TGIF2",0.00280765420612838,-0.779360207412199,0.299,0.335,1,"13","BCG_treated","week44","IGRApos_BCG_44wk_vs_IGRAneg_BCG_44wk"
"TSTD3",0.00281571599281837,-0.791724139557283,0.161,0.168,1,"13","BCG_treated","week44","IGRApos_BCG_44wk_vs_IGRAneg_BCG_44wk"
"ARHGEF1",0.00281794863541239,-0.359983868106341,0.802,0.763,1,"13","BCG_treated","week44","IGRApos_BCG_44wk_vs_IGRAneg_BCG_44wk"
"TRBC2",0.0028350434993917,-0.569157486737044,0.415,0.41,1,"13","BCG_treated","week44","IGRApos_BCG_44wk_vs_IGRAneg_BCG_44wk"
"NCDN",0.00288215021710217,0.528292914694964,0.254,0.116,1,"13","BCG_treated","week44","IGRApos_BCG_44wk_vs_IGRAneg_BCG_44wk"
"TGFBR2",0.00294439810758647,-0.507059772853578,0.495,0.48,1,"13","BCG_treated","week44","IGRApos_BCG_44wk_vs_IGRAneg_BCG_44wk"
"SMS",0.00295720167463579,0.430262580151393,0.278,0.139,1,"13","BCG_treated","week44","IGRApos_BCG_44wk_vs_IGRAneg_BCG_44wk"
"DCAF10",0.0029781707783728,-0.511100218179452,0.434,0.382,1,"13","BCG_treated","week44","IGRApos_BCG_44wk_vs_IGRAneg_BCG_44wk"
"RUNX1",0.00300194542263739,-0.438406395368676,0.458,0.491,1,"13","BCG_treated","week44","IGRApos_BCG_44wk_vs_IGRAneg_BCG_44wk"
"RNF24",0.00300304822223951,-0.728597995090131,0.302,0.376,1,"13","BCG_treated","week44","IGRApos_BCG_44wk_vs_IGRAneg_BCG_44wk"
"TMEM131L",0.00300687816702538,-0.466205034530334,0.78,0.786,1,"13","BCG_treated","week44","IGRApos_BCG_44wk_vs_IGRAneg_BCG_44wk"
"PPP3R1",0.00304005951452551,-0.195497977995546,0.63,0.52,1,"13","BCG_treated","week44","IGRApos_BCG_44wk_vs_IGRAneg_BCG_44wk"
"COPS2",0.00304376318215565,-0.371665650796948,0.352,0.289,1,"13","BCG_treated","week44","IGRApos_BCG_44wk_vs_IGRAneg_BCG_44wk"
"APBA2",0.00305183454357615,-0.791687712938123,0.249,0.347,1,"13","BCG_treated","week44","IGRApos_BCG_44wk_vs_IGRAneg_BCG_44wk"
"DNAJA1",0.00310929310340104,-0.406413522183652,0.503,0.52,1,"13","BCG_treated","week44","IGRApos_BCG_44wk_vs_IGRAneg_BCG_44wk"
"MARCHF7",0.0031813580866076,-0.365907664064182,0.717,0.694,1,"13","BCG_treated","week44","IGRApos_BCG_44wk_vs_IGRAneg_BCG_44wk"
"DENND11",0.00320346298160791,0.155427315356462,0.524,0.353,1,"13","BCG_treated","week44","IGRApos_BCG_44wk_vs_IGRAneg_BCG_44wk"
"PPP1R2",0.00322558928070636,-0.710543051622409,0.365,0.358,1,"13","BCG_treated","week44","IGRApos_BCG_44wk_vs_IGRAneg_BCG_44wk"
"FASN",0.0032256081818378,-0.924686794162375,0.151,0.156,1,"13","BCG_treated","week44","IGRApos_BCG_44wk_vs_IGRAneg_BCG_44wk"
"KLRD1",0.0032642651003504,0.324519666953039,0.91,0.855,1,"13","BCG_treated","week44","IGRApos_BCG_44wk_vs_IGRAneg_BCG_44wk"
"ROCK1",0.00326467928118902,-0.321139256513372,0.857,0.827,1,"13","BCG_treated","week44","IGRApos_BCG_44wk_vs_IGRAneg_BCG_44wk"
"ARL8A",0.00327328071939263,-1.19201660946137,0.119,0.179,1,"13","BCG_treated","week44","IGRApos_BCG_44wk_vs_IGRAneg_BCG_44wk"
"PGGHG",0.00327622539929352,0.517270618664732,0.352,0.179,1,"13","BCG_treated","week44","IGRApos_BCG_44wk_vs_IGRAneg_BCG_44wk"
"TUBA1B",0.00329492525467626,-0.778123381140628,0.135,0.197,1,"13","BCG_treated","week44","IGRApos_BCG_44wk_vs_IGRAneg_BCG_44wk"
"ANP32B",0.00336600461506829,-0.629346746607458,0.344,0.37,1,"13","BCG_treated","week44","IGRApos_BCG_44wk_vs_IGRAneg_BCG_44wk"
"CHMP3",0.0033858791507816,-0.511691480829147,0.384,0.341,1,"13","BCG_treated","week44","IGRApos_BCG_44wk_vs_IGRAneg_BCG_44wk"
"NDUFA12",0.00340305282075492,-0.457263824391461,0.198,0.15,1,"13","BCG_treated","week44","IGRApos_BCG_44wk_vs_IGRAneg_BCG_44wk"
"LY75",0.00342774906196028,0.770738067920185,0.5,0.283,1,"13","BCG_treated","week44","IGRApos_BCG_44wk_vs_IGRAneg_BCG_44wk"
"MCM7",0.00346935764351815,-0.40689757183386,0.23,0.185,1,"13","BCG_treated","week44","IGRApos_BCG_44wk_vs_IGRAneg_BCG_44wk"
"LIX1-AS1",0.00354807626538261,-1.43655081617741,0.058,0.116,1,"13","BCG_treated","week44","IGRApos_BCG_44wk_vs_IGRAneg_BCG_44wk"
"WHAMMP1",0.00358356512875189,-0.302465161382156,0.37,0.283,1,"13","BCG_treated","week44","IGRApos_BCG_44wk_vs_IGRAneg_BCG_44wk"
"MTDH",0.00364525347984806,-0.287142831973782,0.706,0.63,1,"13","BCG_treated","week44","IGRApos_BCG_44wk_vs_IGRAneg_BCG_44wk"
"LAMTOR5",0.00365517311363184,0.220433626342657,0.108,0.046,1,"13","BCG_treated","week44","IGRApos_BCG_44wk_vs_IGRAneg_BCG_44wk"
"ENSG00000272657",0.00371377873843523,-0.870471008553705,0.214,0.266,1,"13","BCG_treated","week44","IGRApos_BCG_44wk_vs_IGRAneg_BCG_44wk"
"ATP10A",0.00371417364879618,-0.416820843241173,0.82,0.861,1,"13","BCG_treated","week44","IGRApos_BCG_44wk_vs_IGRAneg_BCG_44wk"
"CCDC6",0.00373679090929039,-0.493612162476375,0.606,0.647,1,"13","BCG_treated","week44","IGRApos_BCG_44wk_vs_IGRAneg_BCG_44wk"
"MAML3",0.00374347249523369,0.385218556737804,0.931,0.827,1,"13","BCG_treated","week44","IGRApos_BCG_44wk_vs_IGRAneg_BCG_44wk"
"ZNF251",0.00375762021677027,-0.861420500667285,0.283,0.341,1,"13","BCG_treated","week44","IGRApos_BCG_44wk_vs_IGRAneg_BCG_44wk"
"HIVEP3",0.00375966534832136,-0.562200003915794,0.577,0.607,1,"13","BCG_treated","week44","IGRApos_BCG_44wk_vs_IGRAneg_BCG_44wk"
"PDLIM5",0.00383986496226722,-0.480847995016402,0.333,0.301,1,"13","BCG_treated","week44","IGRApos_BCG_44wk_vs_IGRAneg_BCG_44wk"
"LAPTM5",0.00385968542589377,-0.654195251635461,0.333,0.347,1,"13","BCG_treated","week44","IGRApos_BCG_44wk_vs_IGRAneg_BCG_44wk"
"MRPS31",0.00386865540206089,0.994810133472645,0.447,0.26,1,"13","BCG_treated","week44","IGRApos_BCG_44wk_vs_IGRAneg_BCG_44wk"
"KLRB1",0.00387273524478351,-1.07652009611019,0.103,0.168,1,"13","BCG_treated","week44","IGRApos_BCG_44wk_vs_IGRAneg_BCG_44wk"
"FUT8",0.0038920973772132,0.452663822905798,0.823,0.694,1,"13","BCG_treated","week44","IGRApos_BCG_44wk_vs_IGRAneg_BCG_44wk"
"LPCAT3",0.00391299929329642,-0.490020379408663,0.235,0.179,1,"13","BCG_treated","week44","IGRApos_BCG_44wk_vs_IGRAneg_BCG_44wk"
"RAB3IP",0.00392394576667971,-0.512462048727103,0.323,0.295,1,"13","BCG_treated","week44","IGRApos_BCG_44wk_vs_IGRAneg_BCG_44wk"
"DPP4",0.00392486560759901,2.02327821754612,0.177,0.081,1,"13","BCG_treated","week44","IGRApos_BCG_44wk_vs_IGRAneg_BCG_44wk"
"BAZ1B",0.00405407355689932,-0.411210492298108,0.646,0.659,1,"13","BCG_treated","week44","IGRApos_BCG_44wk_vs_IGRAneg_BCG_44wk"
"PARP9",0.00405734755454365,0.575917559420419,0.566,0.364,1,"13","BCG_treated","week44","IGRApos_BCG_44wk_vs_IGRAneg_BCG_44wk"
"PBX1",0.00406107334561604,-1.69234149752904,0.042,0.104,1,"13","BCG_treated","week44","IGRApos_BCG_44wk_vs_IGRAneg_BCG_44wk"
"NCOA7",0.00406691634656512,0.39724526918645,0.664,0.428,1,"13","BCG_treated","week44","IGRApos_BCG_44wk_vs_IGRAneg_BCG_44wk"
"FDFT1",0.00409042811850813,-0.577891836067345,0.241,0.306,1,"13","BCG_treated","week44","IGRApos_BCG_44wk_vs_IGRAneg_BCG_44wk"
"DNAJC7",0.00410946197556225,-0.680872630911714,0.378,0.422,1,"13","BCG_treated","week44","IGRApos_BCG_44wk_vs_IGRAneg_BCG_44wk"
"MIR3667HG",0.00411164413929199,-0.278599472991931,0.64,0.699,1,"13","BCG_treated","week44","IGRApos_BCG_44wk_vs_IGRAneg_BCG_44wk"
"ALPK1",0.00411861061458384,1.47827219830408,0.111,0.029,1,"13","BCG_treated","week44","IGRApos_BCG_44wk_vs_IGRAneg_BCG_44wk"
"SMAD3",0.00412887874894705,-0.308818782388388,0.955,0.96,1,"13","BCG_treated","week44","IGRApos_BCG_44wk_vs_IGRAneg_BCG_44wk"
"NKG7",0.00413197314969808,-0.992859411481603,0.294,0.341,1,"13","BCG_treated","week44","IGRApos_BCG_44wk_vs_IGRAneg_BCG_44wk"
"ANKLE2",0.00414801440367557,-0.282380693696681,0.574,0.509,1,"13","BCG_treated","week44","IGRApos_BCG_44wk_vs_IGRAneg_BCG_44wk"
"DYNC1LI2",0.00420339341079318,-0.319484344328768,0.479,0.41,1,"13","BCG_treated","week44","IGRApos_BCG_44wk_vs_IGRAneg_BCG_44wk"
"TCF25",0.00421099420380906,-0.362445001015652,0.698,0.63,1,"13","BCG_treated","week44","IGRApos_BCG_44wk_vs_IGRAneg_BCG_44wk"
"ATP8A1",0.00421293080355448,0.517801928965747,0.907,0.775,1,"13","BCG_treated","week44","IGRApos_BCG_44wk_vs_IGRAneg_BCG_44wk"
"MT-CYB",0.00424234702392555,-0.316985539607857,0.489,0.451,1,"13","BCG_treated","week44","IGRApos_BCG_44wk_vs_IGRAneg_BCG_44wk"
"ENSG00000288597",0.00424614383587478,0.912446165347649,0.122,0.04,1,"13","BCG_treated","week44","IGRApos_BCG_44wk_vs_IGRAneg_BCG_44wk"
"PIK3C2B",0.00424697645322581,0.70934800077743,0.394,0.214,1,"13","BCG_treated","week44","IGRApos_BCG_44wk_vs_IGRAneg_BCG_44wk"
"TMOD3",0.00425183320935647,-0.40077016801625,0.656,0.682,1,"13","BCG_treated","week44","IGRApos_BCG_44wk_vs_IGRAneg_BCG_44wk"
"OBSCN",0.00426358193280828,-0.996234110791658,0.132,0.225,1,"13","BCG_treated","week44","IGRApos_BCG_44wk_vs_IGRAneg_BCG_44wk"
"SUN2",0.00428567544839491,-0.409321540381615,0.696,0.699,1,"13","BCG_treated","week44","IGRApos_BCG_44wk_vs_IGRAneg_BCG_44wk"
"CALCOCO2",0.00431058031498505,0.236038499702104,0.471,0.289,1,"13","BCG_treated","week44","IGRApos_BCG_44wk_vs_IGRAneg_BCG_44wk"
"IFNG",0.00431410107735269,-2.44843423954063,0.122,0.156,1,"13","BCG_treated","week44","IGRApos_BCG_44wk_vs_IGRAneg_BCG_44wk"
"NCOA6",0.00431737377650564,-0.403146121116769,0.635,0.566,1,"13","BCG_treated","week44","IGRApos_BCG_44wk_vs_IGRAneg_BCG_44wk"
"INO80D",0.00433284502599851,-0.411036967124467,0.532,0.491,1,"13","BCG_treated","week44","IGRApos_BCG_44wk_vs_IGRAneg_BCG_44wk"
"TIRAP",0.004383022538587,-0.614688132115705,0.167,0.104,1,"13","BCG_treated","week44","IGRApos_BCG_44wk_vs_IGRAneg_BCG_44wk"
"KTN1",0.00438512178396478,-0.276634337452029,0.804,0.734,1,"13","BCG_treated","week44","IGRApos_BCG_44wk_vs_IGRAneg_BCG_44wk"
"ARCN1",0.00441505731993821,-0.468949852580607,0.376,0.434,1,"13","BCG_treated","week44","IGRApos_BCG_44wk_vs_IGRAneg_BCG_44wk"
"RPS5",0.00441909080688101,-0.826213443351595,0.222,0.272,1,"13","BCG_treated","week44","IGRApos_BCG_44wk_vs_IGRAneg_BCG_44wk"
"EDF1",0.004425762729405,-0.669297552512616,0.206,0.191,1,"13","BCG_treated","week44","IGRApos_BCG_44wk_vs_IGRAneg_BCG_44wk"
"VEGFA",0.00446894501712929,0.802233203536965,0.386,0.185,1,"13","BCG_treated","week44","IGRApos_BCG_44wk_vs_IGRAneg_BCG_44wk"
"WSB1",0.00449359702525397,0.418907193982847,0.733,0.52,1,"13","BCG_treated","week44","IGRApos_BCG_44wk_vs_IGRAneg_BCG_44wk"
"TRAFD1",0.00450578321148898,1.0749363403219,0.235,0.116,1,"13","BCG_treated","week44","IGRApos_BCG_44wk_vs_IGRAneg_BCG_44wk"
"OS9",0.00453953323007419,-0.172936588498359,0.566,0.434,1,"13","BCG_treated","week44","IGRApos_BCG_44wk_vs_IGRAneg_BCG_44wk"
"CEP250-AS1",0.00463737147906165,-0.437689654696206,0.254,0.185,1,"13","BCG_treated","week44","IGRApos_BCG_44wk_vs_IGRAneg_BCG_44wk"
"FOXO1",0.00464743786273313,0.537383576455551,0.68,0.445,1,"13","BCG_treated","week44","IGRApos_BCG_44wk_vs_IGRAneg_BCG_44wk"
"ENSG00000253666",0.00466214451648244,1.12825716719904,0.151,0.046,1,"13","BCG_treated","week44","IGRApos_BCG_44wk_vs_IGRAneg_BCG_44wk"
"UBE2H",0.00469388870657784,-0.432817685491931,0.529,0.526,1,"13","BCG_treated","week44","IGRApos_BCG_44wk_vs_IGRAneg_BCG_44wk"
"SBF1",0.0046975174592044,-0.252959687102058,0.386,0.439,1,"13","BCG_treated","week44","IGRApos_BCG_44wk_vs_IGRAneg_BCG_44wk"
"GADD45B",0.00479036439039554,-1.12048694080156,0.183,0.214,1,"13","BCG_treated","week44","IGRApos_BCG_44wk_vs_IGRAneg_BCG_44wk"
"LTA4H",0.00480788554000575,0.637159660671911,0.413,0.225,1,"13","BCG_treated","week44","IGRApos_BCG_44wk_vs_IGRAneg_BCG_44wk"
"MPZL3",0.00481188417587251,-0.772196902232862,0.251,0.318,1,"13","BCG_treated","week44","IGRApos_BCG_44wk_vs_IGRAneg_BCG_44wk"
"ANP32E",0.00485432540426892,-0.700063398548175,0.27,0.283,1,"13","BCG_treated","week44","IGRApos_BCG_44wk_vs_IGRAneg_BCG_44wk"
"ZNF407",0.00486975990434194,-0.329252547874412,0.78,0.798,1,"13","BCG_treated","week44","IGRApos_BCG_44wk_vs_IGRAneg_BCG_44wk"
"DTX2P1-UPK3BP1-PMS2P11",0.00488665530795947,-0.871982265664928,0.151,0.162,1,"13","BCG_treated","week44","IGRApos_BCG_44wk_vs_IGRAneg_BCG_44wk"
"SMG6",0.0049295024629662,-0.285212198083018,0.741,0.659,1,"13","BCG_treated","week44","IGRApos_BCG_44wk_vs_IGRAneg_BCG_44wk"
"DDX19A",0.00493225685226405,-0.945589395480899,0.19,0.22,1,"13","BCG_treated","week44","IGRApos_BCG_44wk_vs_IGRAneg_BCG_44wk"
"SIN3B",0.0049458623411051,-0.355630418863286,0.331,0.283,1,"13","BCG_treated","week44","IGRApos_BCG_44wk_vs_IGRAneg_BCG_44wk"
"TMSB4X",0.00497566219178044,-0.290789165175954,0.894,0.855,1,"13","BCG_treated","week44","IGRApos_BCG_44wk_vs_IGRAneg_BCG_44wk"
"COLGALT2",0.00501990437733008,0.83367740808142,0.339,0.202,1,"13","BCG_treated","week44","IGRApos_BCG_44wk_vs_IGRAneg_BCG_44wk"
"FYN",0.00503116408766764,0.298338076222903,0.979,0.965,1,"13","BCG_treated","week44","IGRApos_BCG_44wk_vs_IGRAneg_BCG_44wk"
"HLA-F",0.00506054551200875,-0.390727783970173,0.73,0.734,1,"13","BCG_treated","week44","IGRApos_BCG_44wk_vs_IGRAneg_BCG_44wk"
"ZHX2",0.00506209358055394,0.3498481351297,0.958,0.884,1,"13","BCG_treated","week44","IGRApos_BCG_44wk_vs_IGRAneg_BCG_44wk"
"TMBIM6",0.00510535219076182,-0.346543421048022,0.481,0.41,1,"13","BCG_treated","week44","IGRApos_BCG_44wk_vs_IGRAneg_BCG_44wk"
"ATP6V0E1",0.00515724544453629,-0.507455452735543,0.333,0.318,1,"13","BCG_treated","week44","IGRApos_BCG_44wk_vs_IGRAneg_BCG_44wk"
"TMEM63A",0.00517203155968619,0.108418997365602,0.344,0.231,1,"13","BCG_treated","week44","IGRApos_BCG_44wk_vs_IGRAneg_BCG_44wk"
"TNPO1",0.00520993215799137,-0.48441986566818,0.556,0.549,1,"13","BCG_treated","week44","IGRApos_BCG_44wk_vs_IGRAneg_BCG_44wk"
"ZDHHC7",0.00526277985267181,-0.344037264904722,0.259,0.191,1,"13","BCG_treated","week44","IGRApos_BCG_44wk_vs_IGRAneg_BCG_44wk"
"HSP90AA1",0.00529404718275762,-0.433280433726454,0.746,0.671,1,"13","BCG_treated","week44","IGRApos_BCG_44wk_vs_IGRAneg_BCG_44wk"
"FERMT3",0.00529527455917195,-0.290265610894757,0.302,0.231,1,"13","BCG_treated","week44","IGRApos_BCG_44wk_vs_IGRAneg_BCG_44wk"
"CCDC69",0.00530238147276686,-0.529125095037775,0.651,0.671,1,"13","BCG_treated","week44","IGRApos_BCG_44wk_vs_IGRAneg_BCG_44wk"
"DNAJB12",0.00530368016684574,-0.585075228388858,0.288,0.318,1,"13","BCG_treated","week44","IGRApos_BCG_44wk_vs_IGRAneg_BCG_44wk"
"C9orf78",0.00531248099593186,-0.597649936960291,0.254,0.243,1,"13","BCG_treated","week44","IGRApos_BCG_44wk_vs_IGRAneg_BCG_44wk"
"GTF3A",0.00534509897198024,-0.528522267982055,0.262,0.26,1,"13","BCG_treated","week44","IGRApos_BCG_44wk_vs_IGRAneg_BCG_44wk"
"TRAPPC13",0.00535798963177947,-0.738418542354574,0.212,0.185,1,"13","BCG_treated","week44","IGRApos_BCG_44wk_vs_IGRAneg_BCG_44wk"
"IL7R",0.00535826979525755,0.335901714814283,0.778,0.595,1,"13","BCG_treated","week44","IGRApos_BCG_44wk_vs_IGRAneg_BCG_44wk"
"HERC6",0.00538267115360453,0.78658033851839,0.418,0.225,1,"13","BCG_treated","week44","IGRApos_BCG_44wk_vs_IGRAneg_BCG_44wk"
"SNHG26",0.00538657844838503,-1.52908290571702,0.053,0.104,1,"13","BCG_treated","week44","IGRApos_BCG_44wk_vs_IGRAneg_BCG_44wk"
"RPGRIP1L",0.00540803770904773,1.5704095064607,0.103,0.023,1,"13","BCG_treated","week44","IGRApos_BCG_44wk_vs_IGRAneg_BCG_44wk"
"BNIP2",0.00551314864437796,-0.42032980965462,0.402,0.353,1,"13","BCG_treated","week44","IGRApos_BCG_44wk_vs_IGRAneg_BCG_44wk"
"STIM1",0.00551325037161423,-0.299028144193017,0.751,0.723,1,"13","BCG_treated","week44","IGRApos_BCG_44wk_vs_IGRAneg_BCG_44wk"
"ZNF551",0.00552025481676638,-0.813667726767977,0.148,0.191,1,"13","BCG_treated","week44","IGRApos_BCG_44wk_vs_IGRAneg_BCG_44wk"
"PDE9A",0.0055241621611872,0.514978643932611,0.397,0.231,1,"13","BCG_treated","week44","IGRApos_BCG_44wk_vs_IGRAneg_BCG_44wk"
"CCT2",0.00556336031473575,-0.305970380415048,0.32,0.243,1,"13","BCG_treated","week44","IGRApos_BCG_44wk_vs_IGRAneg_BCG_44wk"
"RPL18",0.00557270275015701,-0.715028619789954,0.259,0.318,1,"13","BCG_treated","week44","IGRApos_BCG_44wk_vs_IGRAneg_BCG_44wk"
"KLHDC4",0.00561784970118545,-0.499311649913289,0.593,0.63,1,"13","BCG_treated","week44","IGRApos_BCG_44wk_vs_IGRAneg_BCG_44wk"
"NCL",0.00563550503582209,-0.408238542718395,0.791,0.786,1,"13","BCG_treated","week44","IGRApos_BCG_44wk_vs_IGRAneg_BCG_44wk"
"QKI",0.00563595454719444,-0.349222313986627,0.677,0.636,1,"13","BCG_treated","week44","IGRApos_BCG_44wk_vs_IGRAneg_BCG_44wk"
"PLA2G4C",0.00563863262163122,-1.18539267255813,0.151,0.168,1,"13","BCG_treated","week44","IGRApos_BCG_44wk_vs_IGRAneg_BCG_44wk"
"ENSG00000272369",0.005708162689526,0.792538219232447,0.325,0.197,1,"13","BCG_treated","week44","IGRApos_BCG_44wk_vs_IGRAneg_BCG_44wk"
"MIR181A2HG",0.00572114860378665,-1.69721367433465,0.048,0.127,1,"13","BCG_treated","week44","IGRApos_BCG_44wk_vs_IGRAneg_BCG_44wk"
"CUBN",0.00575078425894035,-1.01682922235012,0.13,0.145,1,"13","BCG_treated","week44","IGRApos_BCG_44wk_vs_IGRAneg_BCG_44wk"
"SEC31B",0.00575651691590456,1.20056902474596,0.138,0.04,1,"13","BCG_treated","week44","IGRApos_BCG_44wk_vs_IGRAneg_BCG_44wk"
"YRDC",0.0059055576367149,1.63983123883699,0.143,0.035,1,"13","BCG_treated","week44","IGRApos_BCG_44wk_vs_IGRAneg_BCG_44wk"
"AKNA",0.00596120687597179,0.281002522150963,0.947,0.925,1,"13","BCG_treated","week44","IGRApos_BCG_44wk_vs_IGRAneg_BCG_44wk"
"OTUD6B",0.00599363949919949,-0.794158759052565,0.214,0.26,1,"13","BCG_treated","week44","IGRApos_BCG_44wk_vs_IGRAneg_BCG_44wk"
"GZMB",0.00604133427506444,-0.401230554464593,0.442,0.341,1,"13","BCG_treated","week44","IGRApos_BCG_44wk_vs_IGRAneg_BCG_44wk"
"TMEM140",0.00605087693421308,1.12516677081021,0.23,0.087,1,"13","BCG_treated","week44","IGRApos_BCG_44wk_vs_IGRAneg_BCG_44wk"
"HMGB1",0.00605754416932349,-0.448074905850406,0.434,0.41,1,"13","BCG_treated","week44","IGRApos_BCG_44wk_vs_IGRAneg_BCG_44wk"
"YBX1",0.00607129459656506,-0.437936611869166,0.463,0.491,1,"13","BCG_treated","week44","IGRApos_BCG_44wk_vs_IGRAneg_BCG_44wk"
"MRPS27",0.00609001990536374,-0.501396791180722,0.36,0.347,1,"13","BCG_treated","week44","IGRApos_BCG_44wk_vs_IGRAneg_BCG_44wk"
"PUM3",0.00610609132599771,-0.372350028643616,0.534,0.48,1,"13","BCG_treated","week44","IGRApos_BCG_44wk_vs_IGRAneg_BCG_44wk"
"SLC25A3",0.00613385804208786,-0.522665488161887,0.27,0.266,1,"13","BCG_treated","week44","IGRApos_BCG_44wk_vs_IGRAneg_BCG_44wk"
"AHR",0.00628753647742154,-0.780403516840477,0.36,0.434,1,"13","BCG_treated","week44","IGRApos_BCG_44wk_vs_IGRAneg_BCG_44wk"
"SEC31A",0.00630256448587123,-0.243070329964317,0.635,0.572,1,"13","BCG_treated","week44","IGRApos_BCG_44wk_vs_IGRAneg_BCG_44wk"
"KIAA1958",0.00634120416168987,-0.805554506142383,0.235,0.272,1,"13","BCG_treated","week44","IGRApos_BCG_44wk_vs_IGRAneg_BCG_44wk"
"LCP2",0.00641448789297026,-0.560737009481641,0.884,0.896,1,"13","BCG_treated","week44","IGRApos_BCG_44wk_vs_IGRAneg_BCG_44wk"
"SLA",0.00645628116792104,-0.151634061931242,0.672,0.538,1,"13","BCG_treated","week44","IGRApos_BCG_44wk_vs_IGRAneg_BCG_44wk"
"CBX5",0.00648088439872086,-0.536455465718716,0.37,0.41,1,"13","BCG_treated","week44","IGRApos_BCG_44wk_vs_IGRAneg_BCG_44wk"
"ZNF276",0.00648122306889388,-0.486376474008972,0.254,0.231,1,"13","BCG_treated","week44","IGRApos_BCG_44wk_vs_IGRAneg_BCG_44wk"
"WWC2",0.0064919194458197,-1.62880661960467,0.13,0.162,1,"13","BCG_treated","week44","IGRApos_BCG_44wk_vs_IGRAneg_BCG_44wk"
"USP7",0.00649418324679743,-0.194259312054443,0.653,0.538,1,"13","BCG_treated","week44","IGRApos_BCG_44wk_vs_IGRAneg_BCG_44wk"
"GPRIN3",0.00654513246793904,0.40001565580291,0.907,0.74,1,"13","BCG_treated","week44","IGRApos_BCG_44wk_vs_IGRAneg_BCG_44wk"
"NPEPPS",0.00660371595245081,-0.415563295213342,0.577,0.549,1,"13","BCG_treated","week44","IGRApos_BCG_44wk_vs_IGRAneg_BCG_44wk"
"RPS21",0.00660692595406882,-1.28421920837634,0.119,0.179,1,"13","BCG_treated","week44","IGRApos_BCG_44wk_vs_IGRAneg_BCG_44wk"
"LINC00174",0.00660934236888528,1.38651236868468,0.251,0.116,1,"13","BCG_treated","week44","IGRApos_BCG_44wk_vs_IGRAneg_BCG_44wk"
"TC2N",0.00661784037147608,0.544523215418695,0.524,0.347,1,"13","BCG_treated","week44","IGRApos_BCG_44wk_vs_IGRAneg_BCG_44wk"
"MYO1D",0.00665159412707447,-0.88819823747104,0.172,0.225,1,"13","BCG_treated","week44","IGRApos_BCG_44wk_vs_IGRAneg_BCG_44wk"
"DDX18",0.00670731168758828,-0.14251017642029,0.503,0.393,1,"13","BCG_treated","week44","IGRApos_BCG_44wk_vs_IGRAneg_BCG_44wk"
"ARID5B",0.00672025151183501,0.833501305076006,0.672,0.526,1,"13","BCG_treated","week44","IGRApos_BCG_44wk_vs_IGRAneg_BCG_44wk"
"FURIN",0.00674897537140332,0.504482197002662,0.738,0.572,1,"13","BCG_treated","week44","IGRApos_BCG_44wk_vs_IGRAneg_BCG_44wk"
"POLR2J3",0.00675545858944061,-0.891515438134737,0.167,0.191,1,"13","BCG_treated","week44","IGRApos_BCG_44wk_vs_IGRAneg_BCG_44wk"
"MRPL1",0.00676995005668091,0.57988651224739,0.341,0.301,1,"13","BCG_treated","week44","IGRApos_BCG_44wk_vs_IGRAneg_BCG_44wk"
"SLA2",0.00679949806514724,0.630004450916521,0.72,0.561,1,"13","BCG_treated","week44","IGRApos_BCG_44wk_vs_IGRAneg_BCG_44wk"
"LYRM2",0.00680567592573278,-0.971490064921715,0.114,0.139,1,"13","BCG_treated","week44","IGRApos_BCG_44wk_vs_IGRAneg_BCG_44wk"
"SLC35F2",0.00683110133872327,-0.759564752880918,0.185,0.185,1,"13","BCG_treated","week44","IGRApos_BCG_44wk_vs_IGRAneg_BCG_44wk"
"CALM2",0.00687703048398726,-0.205072196789838,0.474,0.376,1,"13","BCG_treated","week44","IGRApos_BCG_44wk_vs_IGRAneg_BCG_44wk"
"GNA15",0.00699069173886101,0.826808482225175,0.331,0.173,1,"13","BCG_treated","week44","IGRApos_BCG_44wk_vs_IGRAneg_BCG_44wk"
"EIF4ENIF1",0.00701727828140601,-0.661527591764204,0.296,0.312,1,"13","BCG_treated","week44","IGRApos_BCG_44wk_vs_IGRAneg_BCG_44wk"
"SUCLG2-DT",0.00703045803210603,-1.1899209075381,0.087,0.145,1,"13","BCG_treated","week44","IGRApos_BCG_44wk_vs_IGRAneg_BCG_44wk"
"PRMT7",0.00703108417124371,0.447494738510378,0.624,0.41,1,"13","BCG_treated","week44","IGRApos_BCG_44wk_vs_IGRAneg_BCG_44wk"
"HCFC1",0.00704212520704907,-0.3185135842401,0.315,0.272,1,"13","BCG_treated","week44","IGRApos_BCG_44wk_vs_IGRAneg_BCG_44wk"
"RBM17",0.00708903819867036,-0.619418888555131,0.563,0.566,1,"13","BCG_treated","week44","IGRApos_BCG_44wk_vs_IGRAneg_BCG_44wk"
"ACTR2",0.00709837670551424,-0.40878969859974,0.728,0.705,1,"13","BCG_treated","week44","IGRApos_BCG_44wk_vs_IGRAneg_BCG_44wk"
"CBX6",0.00711768789129899,-0.715824745908476,0.23,0.277,1,"13","BCG_treated","week44","IGRApos_BCG_44wk_vs_IGRAneg_BCG_44wk"
"ATP6V1A",0.00712952589801478,0.966138537336163,0.452,0.277,1,"13","BCG_treated","week44","IGRApos_BCG_44wk_vs_IGRAneg_BCG_44wk"
"DUSP16",0.00713370078452919,0.659812643097916,0.683,0.503,1,"13","BCG_treated","week44","IGRApos_BCG_44wk_vs_IGRAneg_BCG_44wk"
"LSM14A",0.00720928833225346,-0.262439972849103,0.738,0.659,1,"13","BCG_treated","week44","IGRApos_BCG_44wk_vs_IGRAneg_BCG_44wk"
"SDHB",0.00721225891452563,-0.689534655997099,0.225,0.243,1,"13","BCG_treated","week44","IGRApos_BCG_44wk_vs_IGRAneg_BCG_44wk"
"CRLF3",0.00724645476056039,-0.371435721064161,0.368,0.405,1,"13","BCG_treated","week44","IGRApos_BCG_44wk_vs_IGRAneg_BCG_44wk"
"USF1",0.00727695546952223,0.936010148089738,0.212,0.075,1,"13","BCG_treated","week44","IGRApos_BCG_44wk_vs_IGRAneg_BCG_44wk"
"ZNF718",0.00728936504500988,0.227079942957849,0.421,0.272,1,"13","BCG_treated","week44","IGRApos_BCG_44wk_vs_IGRAneg_BCG_44wk"
"KDM5B",0.00733081584557248,-0.401726915242171,0.775,0.751,1,"13","BCG_treated","week44","IGRApos_BCG_44wk_vs_IGRAneg_BCG_44wk"
"NAP1L1",0.00733967096077143,-0.277957647231961,0.743,0.694,1,"13","BCG_treated","week44","IGRApos_BCG_44wk_vs_IGRAneg_BCG_44wk"
"LCOR",0.00734077358618318,-0.221591706380326,0.807,0.74,1,"13","BCG_treated","week44","IGRApos_BCG_44wk_vs_IGRAneg_BCG_44wk"
"SLC4A2",0.00735361440266232,0.627835626201155,0.159,0.064,1,"13","BCG_treated","week44","IGRApos_BCG_44wk_vs_IGRAneg_BCG_44wk"
"MARK3",0.00735475554496904,-0.339887898295161,0.762,0.751,1,"13","BCG_treated","week44","IGRApos_BCG_44wk_vs_IGRAneg_BCG_44wk"
"MFSD14CP",0.00739648156041153,-0.5802543664113,0.196,0.173,1,"13","BCG_treated","week44","IGRApos_BCG_44wk_vs_IGRAneg_BCG_44wk"
"MED17",0.0073983609040213,-0.2491405979106,0.376,0.289,1,"13","BCG_treated","week44","IGRApos_BCG_44wk_vs_IGRAneg_BCG_44wk"
"ZFX",0.00745304684844107,-0.542334174757827,0.484,0.491,1,"13","BCG_treated","week44","IGRApos_BCG_44wk_vs_IGRAneg_BCG_44wk"
"TSC22D2",0.00746421506633817,-0.322011510971439,0.492,0.422,1,"13","BCG_treated","week44","IGRApos_BCG_44wk_vs_IGRAneg_BCG_44wk"
"DNMT3A",0.00748717619570402,-0.430479502865025,0.489,0.457,1,"13","BCG_treated","week44","IGRApos_BCG_44wk_vs_IGRAneg_BCG_44wk"
"INSIG1",0.00755787483865674,-1.13252330975212,0.124,0.087,1,"13","BCG_treated","week44","IGRApos_BCG_44wk_vs_IGRAneg_BCG_44wk"
"RPL36",0.00757829098998416,-0.727916360375828,0.193,0.243,1,"13","BCG_treated","week44","IGRApos_BCG_44wk_vs_IGRAneg_BCG_44wk"
"CAPN10",0.0077331148579015,-0.691646528957686,0.259,0.277,1,"13","BCG_treated","week44","IGRApos_BCG_44wk_vs_IGRAneg_BCG_44wk"
"POMP",0.00777621307347845,-0.8418785076432,0.188,0.237,1,"13","BCG_treated","week44","IGRApos_BCG_44wk_vs_IGRAneg_BCG_44wk"
"BZW1",0.00780138612088286,-0.213808724951025,0.601,0.503,1,"13","BCG_treated","week44","IGRApos_BCG_44wk_vs_IGRAneg_BCG_44wk"
"HELZ2",0.00797578584263414,1.20854861382968,0.209,0.081,1,"13","BCG_treated","week44","IGRApos_BCG_44wk_vs_IGRAneg_BCG_44wk"
"BHLHE40",0.00797776857819046,-0.349255037844793,0.804,0.786,1,"13","BCG_treated","week44","IGRApos_BCG_44wk_vs_IGRAneg_BCG_44wk"
"CEP85L",0.00798297500650026,-0.369786880032936,0.601,0.572,1,"13","BCG_treated","week44","IGRApos_BCG_44wk_vs_IGRAneg_BCG_44wk"
"G6PD",0.00800376241236501,-0.867965333384304,0.167,0.191,1,"13","BCG_treated","week44","IGRApos_BCG_44wk_vs_IGRAneg_BCG_44wk"
"SIVA1",0.00803291994385429,-0.444567863666957,0.13,0.081,1,"13","BCG_treated","week44","IGRApos_BCG_44wk_vs_IGRAneg_BCG_44wk"
"LINC00598",0.00808941634102476,2.05831588974557,0.116,0.023,1,"13","BCG_treated","week44","IGRApos_BCG_44wk_vs_IGRAneg_BCG_44wk"
"PTGDR",0.00817762958197838,0.334871308718365,0.484,0.353,1,"13","BCG_treated","week44","IGRApos_BCG_44wk_vs_IGRAneg_BCG_44wk"
"UBE2D3",0.00824627656629128,-0.307269829100566,0.738,0.717,1,"13","BCG_treated","week44","IGRApos_BCG_44wk_vs_IGRAneg_BCG_44wk"
"APLP2",0.00825914740911251,-0.680296132897698,0.272,0.329,1,"13","BCG_treated","week44","IGRApos_BCG_44wk_vs_IGRAneg_BCG_44wk"
"KCNQ5",0.00832518457504933,-0.501229721874596,0.312,0.405,1,"13","BCG_treated","week44","IGRApos_BCG_44wk_vs_IGRAneg_BCG_44wk"
"ERO1B",0.00842842440069094,-0.296155765760776,0.384,0.301,1,"13","BCG_treated","week44","IGRApos_BCG_44wk_vs_IGRAneg_BCG_44wk"
"RAPGEF6",0.00846357156599315,-0.323081913004079,0.833,0.803,1,"13","BCG_treated","week44","IGRApos_BCG_44wk_vs_IGRAneg_BCG_44wk"
"NFKBIZ",0.00848780940125401,0.552233855299632,0.706,0.486,1,"13","BCG_treated","week44","IGRApos_BCG_44wk_vs_IGRAneg_BCG_44wk"
"LRP5L",0.00856413569527447,-1.01855009359255,0.138,0.179,1,"13","BCG_treated","week44","IGRApos_BCG_44wk_vs_IGRAneg_BCG_44wk"
"RPSA",0.00870557808870307,-0.619511165729815,0.32,0.353,1,"13","BCG_treated","week44","IGRApos_BCG_44wk_vs_IGRAneg_BCG_44wk"
"LEMD2",0.00872303154416334,0.286530937589243,0.217,0.104,1,"13","BCG_treated","week44","IGRApos_BCG_44wk_vs_IGRAneg_BCG_44wk"
"COQ4",0.00874424823389463,-0.218277727399721,0.114,0.058,1,"13","BCG_treated","week44","IGRApos_BCG_44wk_vs_IGRAneg_BCG_44wk"
"NIPAL3",0.00874701982279943,0.993643719218256,0.32,0.162,1,"13","BCG_treated","week44","IGRApos_BCG_44wk_vs_IGRAneg_BCG_44wk"
"CHMP4B",0.00877865624163013,-0.434759318679159,0.399,0.353,1,"13","BCG_treated","week44","IGRApos_BCG_44wk_vs_IGRAneg_BCG_44wk"
"LGALS9",0.0087991551529099,1.18876709268415,0.148,0.04,1,"13","BCG_treated","week44","IGRApos_BCG_44wk_vs_IGRAneg_BCG_44wk"
"PRRC2B",0.00883524177027566,-0.33924575733776,0.87,0.879,1,"13","BCG_treated","week44","IGRApos_BCG_44wk_vs_IGRAneg_BCG_44wk"
"TRAF1",0.0088634058132302,-0.476182599430209,0.788,0.78,1,"13","BCG_treated","week44","IGRApos_BCG_44wk_vs_IGRAneg_BCG_44wk"
"PLCL1",0.00886750598797241,-1.37838286900431,0.132,0.214,1,"13","BCG_treated","week44","IGRApos_BCG_44wk_vs_IGRAneg_BCG_44wk"
"ARPC2",0.00887401873799485,-0.349283438854962,0.778,0.757,1,"13","BCG_treated","week44","IGRApos_BCG_44wk_vs_IGRAneg_BCG_44wk"
"TAMALIN",0.0089164604499011,1.56039652129101,0.119,0.029,1,"13","BCG_treated","week44","IGRApos_BCG_44wk_vs_IGRAneg_BCG_44wk"
"FAM217B",0.0089192349175395,-1.25080713997657,0.101,0.139,1,"13","BCG_treated","week44","IGRApos_BCG_44wk_vs_IGRAneg_BCG_44wk"
"CHD8",0.00892363749260441,-0.38775138948923,0.693,0.671,1,"13","BCG_treated","week44","IGRApos_BCG_44wk_vs_IGRAneg_BCG_44wk"
"ISG20",0.00901428495171443,0.705376835364161,0.339,0.168,1,"13","BCG_treated","week44","IGRApos_BCG_44wk_vs_IGRAneg_BCG_44wk"
"TMX1",0.00901523874463848,-0.741763587238861,0.238,0.306,1,"13","BCG_treated","week44","IGRApos_BCG_44wk_vs_IGRAneg_BCG_44wk"
"SPAG7",0.00904719618882848,-1.10319381177614,0.093,0.156,1,"13","BCG_treated","week44","IGRApos_BCG_44wk_vs_IGRAneg_BCG_44wk"
"CCT8",0.00911050876676326,-0.545333179100115,0.294,0.301,1,"13","BCG_treated","week44","IGRApos_BCG_44wk_vs_IGRAneg_BCG_44wk"
"GAPVD1",0.00922865545242551,-0.204574969863623,0.619,0.526,1,"13","BCG_treated","week44","IGRApos_BCG_44wk_vs_IGRAneg_BCG_44wk"
"HEXA",0.00923905360236492,-0.29127662729106,0.331,0.243,1,"13","BCG_treated","week44","IGRApos_BCG_44wk_vs_IGRAneg_BCG_44wk"
"FAM53B",0.00925126976290073,-0.481498678314617,0.312,0.335,1,"13","BCG_treated","week44","IGRApos_BCG_44wk_vs_IGRAneg_BCG_44wk"
"SARNP",0.00925660119041179,-0.322622861914311,0.476,0.439,1,"13","BCG_treated","week44","IGRApos_BCG_44wk_vs_IGRAneg_BCG_44wk"
"RAB35",0.00931237330186304,-0.551782826558958,0.323,0.312,1,"13","BCG_treated","week44","IGRApos_BCG_44wk_vs_IGRAneg_BCG_44wk"
"RPS2",0.00933268543647416,-0.531388186429058,0.291,0.26,1,"13","BCG_treated","week44","IGRApos_BCG_44wk_vs_IGRAneg_BCG_44wk"
"ATP5F1D",0.00935256584563922,-1.54320122062486,0.058,0.116,1,"13","BCG_treated","week44","IGRApos_BCG_44wk_vs_IGRAneg_BCG_44wk"
"MIEF1",0.00935715645742226,-0.157542448937681,0.159,0.104,1,"13","BCG_treated","week44","IGRApos_BCG_44wk_vs_IGRAneg_BCG_44wk"
"BORCS5",0.00938297621398484,1.00411949756496,0.344,0.22,1,"13","BCG_treated","week44","IGRApos_BCG_44wk_vs_IGRAneg_BCG_44wk"
"ADAM19",0.0094569416044298,1.02597716492122,0.167,0.075,1,"13","BCG_treated","week44","IGRApos_BCG_44wk_vs_IGRAneg_BCG_44wk"
"MFSD14CP.1",0.00948489352579579,0.997421276380535,0.484,0.289,1,"13","BCG_treated","week44","IGRApos_BCG_44wk_vs_IGRAneg_BCG_44wk"
"RAB33B-AS1",0.00948926839940412,-1.30102903172838,0.127,0.214,1,"13","BCG_treated","week44","IGRApos_BCG_44wk_vs_IGRAneg_BCG_44wk"
"SLC20A1",0.00949291037549367,-0.221503574339386,0.336,0.266,1,"13","BCG_treated","week44","IGRApos_BCG_44wk_vs_IGRAneg_BCG_44wk"
"ANKS1A",0.00952388792439942,-0.187312159528682,0.63,0.503,1,"13","BCG_treated","week44","IGRApos_BCG_44wk_vs_IGRAneg_BCG_44wk"
"RNF130",0.0095251108896373,-0.422220833481526,0.59,0.636,1,"13","BCG_treated","week44","IGRApos_BCG_44wk_vs_IGRAneg_BCG_44wk"
"TOP1",0.00953565338744167,-0.361004866782552,0.627,0.595,1,"13","BCG_treated","week44","IGRApos_BCG_44wk_vs_IGRAneg_BCG_44wk"
"NIFK-AS1",0.00955377881660594,-0.74844576485262,0.238,0.272,1,"13","BCG_treated","week44","IGRApos_BCG_44wk_vs_IGRAneg_BCG_44wk"
"EPRS1",0.00960409349222614,-0.545792560595059,0.455,0.439,1,"13","BCG_treated","week44","IGRApos_BCG_44wk_vs_IGRAneg_BCG_44wk"
"DEK",0.00961871685400489,-0.332244134329213,0.55,0.555,1,"13","BCG_treated","week44","IGRApos_BCG_44wk_vs_IGRAneg_BCG_44wk"
"AHI1",0.00962187161384053,0.308417020331786,0.955,0.954,1,"13","BCG_treated","week44","IGRApos_BCG_44wk_vs_IGRAneg_BCG_44wk"
"RPL31P46",0.00964137611684484,-1.04742407484443,0.101,0.168,1,"13","BCG_treated","week44","IGRApos_BCG_44wk_vs_IGRAneg_BCG_44wk"
"AFG3L2",0.00966482770818463,-0.276049069059489,0.373,0.306,1,"13","BCG_treated","week44","IGRApos_BCG_44wk_vs_IGRAneg_BCG_44wk"
"CDC42SE2",0.00967339658337625,0.15115145062552,0.979,0.954,1,"13","BCG_treated","week44","IGRApos_BCG_44wk_vs_IGRAneg_BCG_44wk"
"ALKBH8",0.00986502886234274,-0.930108719022032,0.156,0.191,1,"13","BCG_treated","week44","IGRApos_BCG_44wk_vs_IGRAneg_BCG_44wk"
"RRP7BP.1",0.00992990273859985,-0.780626819108377,0.14,0.133,1,"13","BCG_treated","week44","IGRApos_BCG_44wk_vs_IGRAneg_BCG_44wk"
"RAB2A",0.00994039079498867,-0.40659227320247,0.746,0.682,1,"13","BCG_treated","week44","IGRApos_BCG_44wk_vs_IGRAneg_BCG_44wk"
"RPS24",0.0100290048908674,-0.566083071032041,0.468,0.491,1,"13","BCG_treated","week44","IGRApos_BCG_44wk_vs_IGRAneg_BCG_44wk"
"DCP2",0.0100348567393009,0.37139412172861,0.476,0.277,1,"13","BCG_treated","week44","IGRApos_BCG_44wk_vs_IGRAneg_BCG_44wk"
"APAF1",0.0100867978105917,2.29602603258991,0.32,0.185,1,"13","BCG_treated","week44","IGRApos_BCG_44wk_vs_IGRAneg_BCG_44wk"
"SYNE3",0.010135757350077,-0.314075108600882,0.204,0.139,1,"13","BCG_treated","week44","IGRApos_BCG_44wk_vs_IGRAneg_BCG_44wk"
"PRKRA",0.0101950057047452,-0.111191991748655,0.259,0.173,1,"13","BCG_treated","week44","IGRApos_BCG_44wk_vs_IGRAneg_BCG_44wk"
"PRKCH-AS1",0.0102279278787413,1.69010411598662,0.156,0.064,1,"13","BCG_treated","week44","IGRApos_BCG_44wk_vs_IGRAneg_BCG_44wk"
"PLSCR1",0.0103348388742565,0.570931716303903,0.601,0.399,1,"13","BCG_treated","week44","IGRApos_BCG_44wk_vs_IGRAneg_BCG_44wk"
"SEC62",0.0104260105409836,-0.438903061948657,0.434,0.399,1,"13","BCG_treated","week44","IGRApos_BCG_44wk_vs_IGRAneg_BCG_44wk"
"MCL1",0.0104364686179574,0.145191339159388,0.672,0.474,1,"13","BCG_treated","week44","IGRApos_BCG_44wk_vs_IGRAneg_BCG_44wk"
"AARS1",0.0104981025801498,-0.540352167484892,0.294,0.277,1,"13","BCG_treated","week44","IGRApos_BCG_44wk_vs_IGRAneg_BCG_44wk"
"RNASEK",0.010511233160486,-0.948746415321887,0.153,0.173,1,"13","BCG_treated","week44","IGRApos_BCG_44wk_vs_IGRAneg_BCG_44wk"
"TLN1",0.0105397574829869,-0.333837067521273,0.802,0.803,1,"13","BCG_treated","week44","IGRApos_BCG_44wk_vs_IGRAneg_BCG_44wk"
"FGR",0.0105859015953003,-0.560954593236354,0.331,0.329,1,"13","BCG_treated","week44","IGRApos_BCG_44wk_vs_IGRAneg_BCG_44wk"
"AAMDC",0.0106812666367943,-0.699242906801381,0.257,0.266,1,"13","BCG_treated","week44","IGRApos_BCG_44wk_vs_IGRAneg_BCG_44wk"
"P2RY14",0.0106953002023524,0.224147984008097,0.434,0.272,1,"13","BCG_treated","week44","IGRApos_BCG_44wk_vs_IGRAneg_BCG_44wk"
"PPP2R3C",0.0106993670331427,-0.56082061757685,0.368,0.382,1,"13","BCG_treated","week44","IGRApos_BCG_44wk_vs_IGRAneg_BCG_44wk"
"ACSL5",0.0107121221886272,-0.342828569313378,0.368,0.312,1,"13","BCG_treated","week44","IGRApos_BCG_44wk_vs_IGRAneg_BCG_44wk"
"RBL1",0.010736418503827,-0.367004317908065,0.347,0.306,1,"13","BCG_treated","week44","IGRApos_BCG_44wk_vs_IGRAneg_BCG_44wk"
"U2SURP",0.0107718794131637,-0.242540927915144,0.675,0.595,1,"13","BCG_treated","week44","IGRApos_BCG_44wk_vs_IGRAneg_BCG_44wk"
"NR3C1",0.010805282452707,-0.237091516411793,0.984,0.971,1,"13","BCG_treated","week44","IGRApos_BCG_44wk_vs_IGRAneg_BCG_44wk"
"PSMD1",0.0108284489346305,-0.145322635719137,0.59,0.474,1,"13","BCG_treated","week44","IGRApos_BCG_44wk_vs_IGRAneg_BCG_44wk"
"NAT9",0.0108302016757264,-0.187051360089181,0.103,0.052,1,"13","BCG_treated","week44","IGRApos_BCG_44wk_vs_IGRAneg_BCG_44wk"
"AGGF1",0.0108453192700216,0.76088662235461,0.325,0.162,1,"13","BCG_treated","week44","IGRApos_BCG_44wk_vs_IGRAneg_BCG_44wk"
"SKAP1",0.0108675904878762,-0.535643568379104,0.696,0.653,1,"13","BCG_treated","week44","IGRApos_BCG_44wk_vs_IGRAneg_BCG_44wk"
"USP18",0.0108806227556964,1.16474490643271,0.127,0.035,1,"13","BCG_treated","week44","IGRApos_BCG_44wk_vs_IGRAneg_BCG_44wk"
"CCDC82",0.010891673627462,-0.454325866141582,0.368,0.393,1,"13","BCG_treated","week44","IGRApos_BCG_44wk_vs_IGRAneg_BCG_44wk"
"TUBB",0.0108954351490638,-0.677605783241667,0.299,0.312,1,"13","BCG_treated","week44","IGRApos_BCG_44wk_vs_IGRAneg_BCG_44wk"
"GATAD2B",0.0109602247753278,-0.150891701233442,0.847,0.775,1,"13","BCG_treated","week44","IGRApos_BCG_44wk_vs_IGRAneg_BCG_44wk"
"POLG2",0.0110041838651693,-0.639254069842242,0.228,0.225,1,"13","BCG_treated","week44","IGRApos_BCG_44wk_vs_IGRAneg_BCG_44wk"
"RBPJ",0.0110644067249788,-0.284150053129956,0.881,0.936,1,"13","BCG_treated","week44","IGRApos_BCG_44wk_vs_IGRAneg_BCG_44wk"
"IFIH1",0.0110812297546546,0.594210874498696,0.503,0.341,1,"13","BCG_treated","week44","IGRApos_BCG_44wk_vs_IGRAneg_BCG_44wk"
"PACS1",0.0111022485810706,-0.384440623631352,0.868,0.896,1,"13","BCG_treated","week44","IGRApos_BCG_44wk_vs_IGRAneg_BCG_44wk"
"ERBIN",0.0111764453803455,-0.250989057852137,0.804,0.798,1,"13","BCG_treated","week44","IGRApos_BCG_44wk_vs_IGRAneg_BCG_44wk"
"TASP1",0.0111854061739146,-0.406660023602827,0.423,0.393,1,"13","BCG_treated","week44","IGRApos_BCG_44wk_vs_IGRAneg_BCG_44wk"
"MBNL1",0.0111931552635602,0.14932178957007,1,0.971,1,"13","BCG_treated","week44","IGRApos_BCG_44wk_vs_IGRAneg_BCG_44wk"
"GSK3A",0.0112040008405446,-0.434241269293512,0.132,0.098,1,"13","BCG_treated","week44","IGRApos_BCG_44wk_vs_IGRAneg_BCG_44wk"
"ENSG00000237372",0.0113427830764476,1.28775269383499,0.151,0.052,1,"13","BCG_treated","week44","IGRApos_BCG_44wk_vs_IGRAneg_BCG_44wk"
"KRCC1",0.0113508797845608,-0.421359057904346,0.386,0.364,1,"13","BCG_treated","week44","IGRApos_BCG_44wk_vs_IGRAneg_BCG_44wk"
"CARD19",0.0113831964268061,-0.791645316349212,0.183,0.225,1,"13","BCG_treated","week44","IGRApos_BCG_44wk_vs_IGRAneg_BCG_44wk"
"TTC14",0.0114074385647951,0.151625736772629,0.632,0.434,1,"13","BCG_treated","week44","IGRApos_BCG_44wk_vs_IGRAneg_BCG_44wk"
"MYLIP",0.0114516332804169,0.331041208542431,0.177,0.087,1,"13","BCG_treated","week44","IGRApos_BCG_44wk_vs_IGRAneg_BCG_44wk"
"HDGF",0.011531325742538,-0.432785988080773,0.28,0.254,1,"13","BCG_treated","week44","IGRApos_BCG_44wk_vs_IGRAneg_BCG_44wk"
"HIF1A-AS3",0.0115682142604503,0.157201932933955,0.143,0.069,1,"13","BCG_treated","week44","IGRApos_BCG_44wk_vs_IGRAneg_BCG_44wk"
"NCR1",0.0116074921124793,0.335158138163349,0.55,0.353,1,"13","BCG_treated","week44","IGRApos_BCG_44wk_vs_IGRAneg_BCG_44wk"
"ST6GALNAC3",0.0116216049144525,1.24697193190244,0.127,0.04,1,"13","BCG_treated","week44","IGRApos_BCG_44wk_vs_IGRAneg_BCG_44wk"
"RSL1D1",0.0116450280313842,-0.715007211343813,0.331,0.382,1,"13","BCG_treated","week44","IGRApos_BCG_44wk_vs_IGRAneg_BCG_44wk"
"TIA1",0.0116593317855536,0.480619558382433,0.468,0.266,1,"13","BCG_treated","week44","IGRApos_BCG_44wk_vs_IGRAneg_BCG_44wk"
"SRP54-AS1",0.0116818851895424,-1.03658368449018,0.124,0.191,1,"13","BCG_treated","week44","IGRApos_BCG_44wk_vs_IGRAneg_BCG_44wk"
"BCL3",0.01177985671022,0.537066472922821,0.45,0.266,1,"13","BCG_treated","week44","IGRApos_BCG_44wk_vs_IGRAneg_BCG_44wk"
"ACSL6",0.0117909685930569,1.31576683285792,0.143,0.064,1,"13","BCG_treated","week44","IGRApos_BCG_44wk_vs_IGRAneg_BCG_44wk"
"OSBPL8",0.011825732465728,-0.367832631609284,0.802,0.769,1,"13","BCG_treated","week44","IGRApos_BCG_44wk_vs_IGRAneg_BCG_44wk"
"STIP1",0.0118537276713008,-0.541162942064315,0.402,0.376,1,"13","BCG_treated","week44","IGRApos_BCG_44wk_vs_IGRAneg_BCG_44wk"
"RBBP6",0.0118618240000517,-0.354397137908684,0.548,0.509,1,"13","BCG_treated","week44","IGRApos_BCG_44wk_vs_IGRAneg_BCG_44wk"
"DGKD",0.0119181834501297,-0.399807255957827,0.524,0.468,1,"13","BCG_treated","week44","IGRApos_BCG_44wk_vs_IGRAneg_BCG_44wk"
"VPS53",0.0119246654999345,-0.328809169079489,0.698,0.705,1,"13","BCG_treated","week44","IGRApos_BCG_44wk_vs_IGRAneg_BCG_44wk"
"SKIC3",0.0119269544937593,-0.481169407693999,0.534,0.514,1,"13","BCG_treated","week44","IGRApos_BCG_44wk_vs_IGRAneg_BCG_44wk"
"ZNF786",0.0120033931842252,-0.846105119544687,0.167,0.202,1,"13","BCG_treated","week44","IGRApos_BCG_44wk_vs_IGRAneg_BCG_44wk"
"CRTAM",0.0120060253233983,-1.16438542067433,0.381,0.416,1,"13","BCG_treated","week44","IGRApos_BCG_44wk_vs_IGRAneg_BCG_44wk"
"ACTG1",0.0121050975881355,-0.529975319410098,0.561,0.555,1,"13","BCG_treated","week44","IGRApos_BCG_44wk_vs_IGRAneg_BCG_44wk"
"RASAL3",0.0121116152407851,-0.439561254034867,0.571,0.497,1,"13","BCG_treated","week44","IGRApos_BCG_44wk_vs_IGRAneg_BCG_44wk"
"ABCC10",0.0121190648693095,-0.607022298251728,0.267,0.243,1,"13","BCG_treated","week44","IGRApos_BCG_44wk_vs_IGRAneg_BCG_44wk"
"TAOK2",0.0121260854031665,-0.592365001881679,0.246,0.266,1,"13","BCG_treated","week44","IGRApos_BCG_44wk_vs_IGRAneg_BCG_44wk"
"BCL9L",0.0121306426509244,-0.639197719206487,0.354,0.376,1,"13","BCG_treated","week44","IGRApos_BCG_44wk_vs_IGRAneg_BCG_44wk"
"GIMAP7",0.0121514252781262,-0.417309223943354,0.463,0.41,1,"13","BCG_treated","week44","IGRApos_BCG_44wk_vs_IGRAneg_BCG_44wk"
"PTPRA",0.0121562426319812,0.10816975614495,0.725,0.538,1,"13","BCG_treated","week44","IGRApos_BCG_44wk_vs_IGRAneg_BCG_44wk"
"IRAK3",0.0122188783611369,0.865651511409548,0.434,0.277,1,"13","BCG_treated","week44","IGRApos_BCG_44wk_vs_IGRAneg_BCG_44wk"
"LMF1",0.012262795612993,-0.104288366526818,0.331,0.231,1,"13","BCG_treated","week44","IGRApos_BCG_44wk_vs_IGRAneg_BCG_44wk"
"ADO",0.0123071567840475,-0.726380533846311,0.124,0.139,1,"13","BCG_treated","week44","IGRApos_BCG_44wk_vs_IGRAneg_BCG_44wk"
"RHOA",0.0123291848793528,-0.347091168790813,0.611,0.601,1,"13","BCG_treated","week44","IGRApos_BCG_44wk_vs_IGRAneg_BCG_44wk"
"DUSP4",0.0123398817427042,0.170212233291781,0.664,0.491,1,"13","BCG_treated","week44","IGRApos_BCG_44wk_vs_IGRAneg_BCG_44wk"
"STX2",0.0123602813548075,-0.730074226250883,0.175,0.162,1,"13","BCG_treated","week44","IGRApos_BCG_44wk_vs_IGRAneg_BCG_44wk"
"RPL8",0.0123955040650016,-0.603390097758672,0.272,0.301,1,"13","BCG_treated","week44","IGRApos_BCG_44wk_vs_IGRAneg_BCG_44wk"
"SMG9",0.012462721316693,-0.753174292749333,0.177,0.22,1,"13","BCG_treated","week44","IGRApos_BCG_44wk_vs_IGRAneg_BCG_44wk"
"ENSG00000249526",0.0125020238564148,-1.09771552676226,0.101,0.133,1,"13","BCG_treated","week44","IGRApos_BCG_44wk_vs_IGRAneg_BCG_44wk"
"HM13",0.0125301459040874,-0.275126128953792,0.519,0.439,1,"13","BCG_treated","week44","IGRApos_BCG_44wk_vs_IGRAneg_BCG_44wk"
"NOP53",0.0125561029182235,-0.418649283357955,0.267,0.266,1,"13","BCG_treated","week44","IGRApos_BCG_44wk_vs_IGRAneg_BCG_44wk"
"JKAMP",0.0126046208652405,-0.839951631103198,0.159,0.185,1,"13","BCG_treated","week44","IGRApos_BCG_44wk_vs_IGRAneg_BCG_44wk"
"VDAC3",0.0126277421115392,1.04351256147963,0.259,0.11,1,"13","BCG_treated","week44","IGRApos_BCG_44wk_vs_IGRAneg_BCG_44wk"
"NSUN6",0.0126382648083512,-0.75986849853219,0.386,0.393,1,"13","BCG_treated","week44","IGRApos_BCG_44wk_vs_IGRAneg_BCG_44wk"
"EIF4E3",0.0126685108048288,0.114623258721129,0.373,0.22,1,"13","BCG_treated","week44","IGRApos_BCG_44wk_vs_IGRAneg_BCG_44wk"
"RPS14",0.0127738688289019,-0.761001490695024,0.331,0.399,1,"13","BCG_treated","week44","IGRApos_BCG_44wk_vs_IGRAneg_BCG_44wk"
"LINC02390",0.0128182743946812,1.56970663184205,0.143,0.035,1,"13","BCG_treated","week44","IGRApos_BCG_44wk_vs_IGRAneg_BCG_44wk"
"EIF1AY",0.0128362586684882,1.00918879996323,0.14,0.04,1,"13","BCG_treated","week44","IGRApos_BCG_44wk_vs_IGRAneg_BCG_44wk"
"SOGA1",0.0128654731676343,1.00674743716945,0.214,0.092,1,"13","BCG_treated","week44","IGRApos_BCG_44wk_vs_IGRAneg_BCG_44wk"
"IRAK2",0.0129141094229222,-0.145237471071171,0.526,0.405,1,"13","BCG_treated","week44","IGRApos_BCG_44wk_vs_IGRAneg_BCG_44wk"
"STK38L",0.0129162328079641,0.143879114332087,0.222,0.127,1,"13","BCG_treated","week44","IGRApos_BCG_44wk_vs_IGRAneg_BCG_44wk"
"VCP",0.0129168783623339,-0.201740354844519,0.487,0.393,1,"13","BCG_treated","week44","IGRApos_BCG_44wk_vs_IGRAneg_BCG_44wk"
"COQ2",0.0129528279234909,0.477551665481895,0.151,0.064,1,"13","BCG_treated","week44","IGRApos_BCG_44wk_vs_IGRAneg_BCG_44wk"
"LSM14B",0.0130160489679164,1.61073905286916,0.127,0.035,1,"13","BCG_treated","week44","IGRApos_BCG_44wk_vs_IGRAneg_BCG_44wk"
"SPN",0.0130386361495222,-0.692042754058946,0.333,0.353,1,"13","BCG_treated","week44","IGRApos_BCG_44wk_vs_IGRAneg_BCG_44wk"
"RPS9",0.0130591776222377,-0.621044858379318,0.246,0.277,1,"13","BCG_treated","week44","IGRApos_BCG_44wk_vs_IGRAneg_BCG_44wk"
"SOCS3",0.0131058899232846,1.20317770459776,0.101,0.029,1,"13","BCG_treated","week44","IGRApos_BCG_44wk_vs_IGRAneg_BCG_44wk"
"SPPL3",0.0131377547949409,-0.20658459331176,0.611,0.514,1,"13","BCG_treated","week44","IGRApos_BCG_44wk_vs_IGRAneg_BCG_44wk"
"ARL17B",0.0131462173107653,-0.742484604608117,0.146,0.133,1,"13","BCG_treated","week44","IGRApos_BCG_44wk_vs_IGRAneg_BCG_44wk"
"BCL11B",0.013260289448923,-0.591797437457218,0.347,0.37,1,"13","BCG_treated","week44","IGRApos_BCG_44wk_vs_IGRAneg_BCG_44wk"
"KDM1B",0.0132916742819441,-1.19392586013539,0.085,0.104,1,"13","BCG_treated","week44","IGRApos_BCG_44wk_vs_IGRAneg_BCG_44wk"
"OXSR1",0.0133703372941731,-0.48470726429769,0.484,0.509,1,"13","BCG_treated","week44","IGRApos_BCG_44wk_vs_IGRAneg_BCG_44wk"
"ANKRD13A",0.0134381261495566,0.449098162173472,0.41,0.237,1,"13","BCG_treated","week44","IGRApos_BCG_44wk_vs_IGRAneg_BCG_44wk"
"BMP2K",0.0134476294403078,-0.350612892131444,0.431,0.416,1,"13","BCG_treated","week44","IGRApos_BCG_44wk_vs_IGRAneg_BCG_44wk"
"ENSG00000286965",0.0135235901273894,-0.890525686686943,0.111,0.11,1,"13","BCG_treated","week44","IGRApos_BCG_44wk_vs_IGRAneg_BCG_44wk"
"GYPE",0.0135852740449197,0.806883495386478,0.103,0.035,1,"13","BCG_treated","week44","IGRApos_BCG_44wk_vs_IGRAneg_BCG_44wk"
"MSH6",0.0136614372469845,-0.105537495239552,0.304,0.214,1,"13","BCG_treated","week44","IGRApos_BCG_44wk_vs_IGRAneg_BCG_44wk"
"PSMD11",0.0136905043925942,-0.450162859991857,0.399,0.358,1,"13","BCG_treated","week44","IGRApos_BCG_44wk_vs_IGRAneg_BCG_44wk"
"AATF",0.0137151879226856,-0.212390836982535,0.579,0.486,1,"13","BCG_treated","week44","IGRApos_BCG_44wk_vs_IGRAneg_BCG_44wk"
"DERA",0.0137664922851091,0.701550221173149,0.362,0.237,1,"13","BCG_treated","week44","IGRApos_BCG_44wk_vs_IGRAneg_BCG_44wk"
"CEPT1",0.0137925201418905,-0.538004999251884,0.357,0.364,1,"13","BCG_treated","week44","IGRApos_BCG_44wk_vs_IGRAneg_BCG_44wk"
"ENSG00000250195",0.0138796860549576,-0.918768089492247,0.061,0.116,1,"13","BCG_treated","week44","IGRApos_BCG_44wk_vs_IGRAneg_BCG_44wk"
"LYAR",0.0138856930176,-0.814087927658606,0.151,0.168,1,"13","BCG_treated","week44","IGRApos_BCG_44wk_vs_IGRAneg_BCG_44wk"
"ADGRG5",0.0139020724751541,-0.92107025998684,0.317,0.399,1,"13","BCG_treated","week44","IGRApos_BCG_44wk_vs_IGRAneg_BCG_44wk"
"USP36",0.0139116829849924,0.53067874627064,0.577,0.364,1,"13","BCG_treated","week44","IGRApos_BCG_44wk_vs_IGRAneg_BCG_44wk"
"TNPO3",0.0139312501315628,-0.189175013679522,0.558,0.48,1,"13","BCG_treated","week44","IGRApos_BCG_44wk_vs_IGRAneg_BCG_44wk"
"NUP62",0.0139368725024869,-0.971196891392232,0.143,0.173,1,"13","BCG_treated","week44","IGRApos_BCG_44wk_vs_IGRAneg_BCG_44wk"
"SRSF5",0.0139647633503925,0.254999395046889,0.611,0.405,1,"13","BCG_treated","week44","IGRApos_BCG_44wk_vs_IGRAneg_BCG_44wk"
"RYBP",0.0139839355336205,-0.266842509782792,0.648,0.607,1,"13","BCG_treated","week44","IGRApos_BCG_44wk_vs_IGRAneg_BCG_44wk"
"DENND3",0.0139942509553824,0.592516130717354,0.672,0.497,1,"13","BCG_treated","week44","IGRApos_BCG_44wk_vs_IGRAneg_BCG_44wk"
"CYTH4",0.014018455283094,-0.674761186382599,0.291,0.318,1,"13","BCG_treated","week44","IGRApos_BCG_44wk_vs_IGRAneg_BCG_44wk"
"LINC00278",0.0140230763581413,0.839764313388307,0.291,0.15,1,"13","BCG_treated","week44","IGRApos_BCG_44wk_vs_IGRAneg_BCG_44wk"
"PACSIN2",0.0141139031536767,-0.494241010227353,0.664,0.676,1,"13","BCG_treated","week44","IGRApos_BCG_44wk_vs_IGRAneg_BCG_44wk"
"TTI2",0.014131733419376,-1.191689793911,0.111,0.127,1,"13","BCG_treated","week44","IGRApos_BCG_44wk_vs_IGRAneg_BCG_44wk"
"ENSG00000290476",0.0141353080297764,-0.263972335789971,0.217,0.173,1,"13","BCG_treated","week44","IGRApos_BCG_44wk_vs_IGRAneg_BCG_44wk"
"STAT4",0.01420767287311,0.18208555838957,0.976,0.931,1,"13","BCG_treated","week44","IGRApos_BCG_44wk_vs_IGRAneg_BCG_44wk"
"ZC4H2",0.0142979312083631,-0.93096721814153,0.169,0.179,1,"13","BCG_treated","week44","IGRApos_BCG_44wk_vs_IGRAneg_BCG_44wk"
"APOBEC3G",0.0142986210607953,-0.497919361720553,0.593,0.659,1,"13","BCG_treated","week44","IGRApos_BCG_44wk_vs_IGRAneg_BCG_44wk"
"HELLS",0.0143011119921561,-0.695750774497714,0.103,0.121,1,"13","BCG_treated","week44","IGRApos_BCG_44wk_vs_IGRAneg_BCG_44wk"
"VPS37B",0.014310963801523,0.956201907726898,0.437,0.254,1,"13","BCG_treated","week44","IGRApos_BCG_44wk_vs_IGRAneg_BCG_44wk"
"DCAF13",0.014390115990763,1.33200197354992,0.206,0.087,1,"13","BCG_treated","week44","IGRApos_BCG_44wk_vs_IGRAneg_BCG_44wk"
"SMAD4",0.0145030337003658,-0.41730768179689,0.534,0.532,1,"13","BCG_treated","week44","IGRApos_BCG_44wk_vs_IGRAneg_BCG_44wk"
"NFE2L3",0.0145310813646003,-0.172406768964901,0.354,0.26,1,"13","BCG_treated","week44","IGRApos_BCG_44wk_vs_IGRAneg_BCG_44wk"
"PJA2",0.0145697247983122,-0.186193419173187,0.69,0.618,1,"13","BCG_treated","week44","IGRApos_BCG_44wk_vs_IGRAneg_BCG_44wk"
"RABL3",0.0146611720579519,-0.371447630889221,0.135,0.092,1,"13","BCG_treated","week44","IGRApos_BCG_44wk_vs_IGRAneg_BCG_44wk"
"VDR",0.0147661494768169,0.685906301648894,0.27,0.133,1,"13","BCG_treated","week44","IGRApos_BCG_44wk_vs_IGRAneg_BCG_44wk"
"DYM",0.0148343006879367,-0.271621397404567,0.865,0.844,1,"13","BCG_treated","week44","IGRApos_BCG_44wk_vs_IGRAneg_BCG_44wk"
"DCUN1D4",0.0148472301934997,-0.586549859537746,0.222,0.277,1,"13","BCG_treated","week44","IGRApos_BCG_44wk_vs_IGRAneg_BCG_44wk"
"ZNF41",0.0148727788493572,-0.43609147392387,0.28,0.231,1,"13","BCG_treated","week44","IGRApos_BCG_44wk_vs_IGRAneg_BCG_44wk"
"NADK",0.0148899222781625,-0.585641350886168,0.169,0.156,1,"13","BCG_treated","week44","IGRApos_BCG_44wk_vs_IGRAneg_BCG_44wk"
"ENSG00000256594",0.0149065629384542,0.734526784759652,0.352,0.168,1,"13","BCG_treated","week44","IGRApos_BCG_44wk_vs_IGRAneg_BCG_44wk"
"LIMD2",0.0150802460198923,-0.331668220588663,0.431,0.376,1,"13","BCG_treated","week44","IGRApos_BCG_44wk_vs_IGRAneg_BCG_44wk"
"MT-ATP8",0.0151350716224965,-0.734968974814532,0.185,0.191,1,"13","BCG_treated","week44","IGRApos_BCG_44wk_vs_IGRAneg_BCG_44wk"
"MPRIP",0.0152188002975589,-0.342575599055147,0.632,0.607,1,"13","BCG_treated","week44","IGRApos_BCG_44wk_vs_IGRAneg_BCG_44wk"
"LYPLA1",0.015260892412236,-0.210038470102946,0.444,0.318,1,"13","BCG_treated","week44","IGRApos_BCG_44wk_vs_IGRAneg_BCG_44wk"
"ANKRD36",0.015320058634214,0.754939442371638,0.659,0.457,1,"13","BCG_treated","week44","IGRApos_BCG_44wk_vs_IGRAneg_BCG_44wk"
"ERICH1",0.0154251491001922,-0.222976946016141,0.638,0.514,1,"13","BCG_treated","week44","IGRApos_BCG_44wk_vs_IGRAneg_BCG_44wk"
"RIF1",0.0154412284384234,-0.254439224817673,0.72,0.665,1,"13","BCG_treated","week44","IGRApos_BCG_44wk_vs_IGRAneg_BCG_44wk"
"LSM6",0.0154587257294038,-1.06855549528559,0.13,0.191,1,"13","BCG_treated","week44","IGRApos_BCG_44wk_vs_IGRAneg_BCG_44wk"
"CRTC2",0.0154822187469342,0.502663530337737,0.413,0.237,1,"13","BCG_treated","week44","IGRApos_BCG_44wk_vs_IGRAneg_BCG_44wk"
"COPB1",0.0154888190942868,-0.319485295062747,0.606,0.572,1,"13","BCG_treated","week44","IGRApos_BCG_44wk_vs_IGRAneg_BCG_44wk"
"IKBKE",0.0155446689722125,0.126490845370498,0.373,0.237,1,"13","BCG_treated","week44","IGRApos_BCG_44wk_vs_IGRAneg_BCG_44wk"
"LRIF1",0.0156778196340656,-0.2872976413114,0.235,0.168,1,"13","BCG_treated","week44","IGRApos_BCG_44wk_vs_IGRAneg_BCG_44wk"
"TSNAX",0.0156965222552455,0.253398352751659,0.283,0.162,1,"13","BCG_treated","week44","IGRApos_BCG_44wk_vs_IGRAneg_BCG_44wk"
"MDFIC",0.0157289434768429,-0.776446477742564,0.452,0.462,1,"13","BCG_treated","week44","IGRApos_BCG_44wk_vs_IGRAneg_BCG_44wk"
"TAF2",0.0157513673621582,0.166170586570976,0.579,0.387,1,"13","BCG_treated","week44","IGRApos_BCG_44wk_vs_IGRAneg_BCG_44wk"
"ENSG00000283201",0.0157878955499188,0.694104265771134,0.249,0.11,1,"13","BCG_treated","week44","IGRApos_BCG_44wk_vs_IGRAneg_BCG_44wk"
"SLC39A8",0.0158188436006571,-0.839791496807291,0.291,0.318,1,"13","BCG_treated","week44","IGRApos_BCG_44wk_vs_IGRAneg_BCG_44wk"
"NFATC2",0.0158355892639554,-0.252860690723068,0.688,0.601,1,"13","BCG_treated","week44","IGRApos_BCG_44wk_vs_IGRAneg_BCG_44wk"
"BAZ2B",0.01583812102198,-0.393710307692959,0.659,0.688,1,"13","BCG_treated","week44","IGRApos_BCG_44wk_vs_IGRAneg_BCG_44wk"
"WDR4",0.0159632874210663,-0.455391021175508,0.228,0.214,1,"13","BCG_treated","week44","IGRApos_BCG_44wk_vs_IGRAneg_BCG_44wk"
"CKAP2",0.0159953254599483,-0.981002421894059,0.116,0.139,1,"13","BCG_treated","week44","IGRApos_BCG_44wk_vs_IGRAneg_BCG_44wk"
"PSMA7",0.0159957504728298,-0.628168179861242,0.222,0.214,1,"13","BCG_treated","week44","IGRApos_BCG_44wk_vs_IGRAneg_BCG_44wk"
"MPC1",0.0160060140419971,-0.721817399330569,0.172,0.191,1,"13","BCG_treated","week44","IGRApos_BCG_44wk_vs_IGRAneg_BCG_44wk"
"SLC29A3",0.0160829335967671,-1.06438270128809,0.114,0.121,1,"13","BCG_treated","week44","IGRApos_BCG_44wk_vs_IGRAneg_BCG_44wk"
"USP16",0.0161176525625424,-0.525497343558329,0.399,0.382,1,"13","BCG_treated","week44","IGRApos_BCG_44wk_vs_IGRAneg_BCG_44wk"
"MTBP",0.0161830824876677,-0.963616621849672,0.114,0.139,1,"13","BCG_treated","week44","IGRApos_BCG_44wk_vs_IGRAneg_BCG_44wk"
"COPS4",0.0162214754640597,-0.742079096783248,0.188,0.179,1,"13","BCG_treated","week44","IGRApos_BCG_44wk_vs_IGRAneg_BCG_44wk"
"HIPK2",0.0163167846819286,-0.33057312028446,0.749,0.746,1,"13","BCG_treated","week44","IGRApos_BCG_44wk_vs_IGRAneg_BCG_44wk"
"HERC5",0.0164018672824313,0.993915926112865,0.214,0.087,1,"13","BCG_treated","week44","IGRApos_BCG_44wk_vs_IGRAneg_BCG_44wk"
"MARS1",0.0164062843424368,-0.397336732330064,0.513,0.462,1,"13","BCG_treated","week44","IGRApos_BCG_44wk_vs_IGRAneg_BCG_44wk"
"ZNF200",0.0164272679522599,0.405738061150675,0.13,0.064,1,"13","BCG_treated","week44","IGRApos_BCG_44wk_vs_IGRAneg_BCG_44wk"
"RPL37A",0.0164660997291893,-0.653095747323033,0.415,0.451,1,"13","BCG_treated","week44","IGRApos_BCG_44wk_vs_IGRAneg_BCG_44wk"
"MAP3K20",0.0165388859283824,-1.02923382852782,0.111,0.168,1,"13","BCG_treated","week44","IGRApos_BCG_44wk_vs_IGRAneg_BCG_44wk"
"POLR2J3.1",0.0165726290386421,-1.04867042091967,0.119,0.162,1,"13","BCG_treated","week44","IGRApos_BCG_44wk_vs_IGRAneg_BCG_44wk"
"DNM1L",0.016638388496454,-0.251542732024378,0.444,0.399,1,"13","BCG_treated","week44","IGRApos_BCG_44wk_vs_IGRAneg_BCG_44wk"
"SRRM1",0.0166903231739116,-0.211690090446784,0.675,0.566,1,"13","BCG_treated","week44","IGRApos_BCG_44wk_vs_IGRAneg_BCG_44wk"
"HNRNPA1",0.0167897021911389,-0.221671489117132,0.704,0.676,1,"13","BCG_treated","week44","IGRApos_BCG_44wk_vs_IGRAneg_BCG_44wk"
"CHCHD3",0.0168155472091445,-0.182085637225774,0.685,0.676,1,"13","BCG_treated","week44","IGRApos_BCG_44wk_vs_IGRAneg_BCG_44wk"
"SPTBN1",0.0168185837849217,0.778046114508094,0.706,0.497,1,"13","BCG_treated","week44","IGRApos_BCG_44wk_vs_IGRAneg_BCG_44wk"
"TBC1D10A",0.0168564931214492,-0.559041941645612,0.212,0.214,1,"13","BCG_treated","week44","IGRApos_BCG_44wk_vs_IGRAneg_BCG_44wk"
"RPUSD3",0.0168639823490327,-0.970421221867828,0.151,0.202,1,"13","BCG_treated","week44","IGRApos_BCG_44wk_vs_IGRAneg_BCG_44wk"
"RPL15",0.0168818396701958,-0.383416650999711,0.32,0.277,1,"13","BCG_treated","week44","IGRApos_BCG_44wk_vs_IGRAneg_BCG_44wk"
"ZNF330",0.0168893357356937,1.45507220245296,0.143,0.046,1,"13","BCG_treated","week44","IGRApos_BCG_44wk_vs_IGRAneg_BCG_44wk"
"OGFOD1",0.0169600454161353,-0.565195863982607,0.214,0.22,1,"13","BCG_treated","week44","IGRApos_BCG_44wk_vs_IGRAneg_BCG_44wk"
"NOP56",0.0170022465834756,-0.408626881806903,0.286,0.277,1,"13","BCG_treated","week44","IGRApos_BCG_44wk_vs_IGRAneg_BCG_44wk"
"SND1",0.0171656214203856,-0.273664302483424,0.799,0.803,1,"13","BCG_treated","week44","IGRApos_BCG_44wk_vs_IGRAneg_BCG_44wk"
"EIF4B",0.0171658438800642,-0.323148738171573,0.611,0.566,1,"13","BCG_treated","week44","IGRApos_BCG_44wk_vs_IGRAneg_BCG_44wk"
"SNRPD1",0.0172568624028393,-0.962596750823653,0.156,0.162,1,"13","BCG_treated","week44","IGRApos_BCG_44wk_vs_IGRAneg_BCG_44wk"
"YTHDF3",0.0173697853427988,0.21979554745698,0.526,0.335,1,"13","BCG_treated","week44","IGRApos_BCG_44wk_vs_IGRAneg_BCG_44wk"
"PLPP5",0.017412811947596,0.773287219528963,0.103,0.029,1,"13","BCG_treated","week44","IGRApos_BCG_44wk_vs_IGRAneg_BCG_44wk"
"ZMYND8",0.0174165267267852,0.251251723234429,0.624,0.445,1,"13","BCG_treated","week44","IGRApos_BCG_44wk_vs_IGRAneg_BCG_44wk"
"GPI",0.0174443590568403,0.956986476410738,0.32,0.156,1,"13","BCG_treated","week44","IGRApos_BCG_44wk_vs_IGRAneg_BCG_44wk"
"B4GALT6",0.0174670008946897,-1.03695392280259,0.209,0.272,1,"13","BCG_treated","week44","IGRApos_BCG_44wk_vs_IGRAneg_BCG_44wk"
"ACSL1",0.0175569033388533,1.72902524155639,0.156,0.052,1,"13","BCG_treated","week44","IGRApos_BCG_44wk_vs_IGRAneg_BCG_44wk"
"COA4",0.0175866761635153,-1.02731555827632,0.056,0.104,1,"13","BCG_treated","week44","IGRApos_BCG_44wk_vs_IGRAneg_BCG_44wk"
"LRCH1",0.0175957711457502,-0.236576091915444,0.741,0.746,1,"13","BCG_treated","week44","IGRApos_BCG_44wk_vs_IGRAneg_BCG_44wk"
"TTPAL",0.0177694676583146,-0.237997133859704,0.159,0.104,1,"13","BCG_treated","week44","IGRApos_BCG_44wk_vs_IGRAneg_BCG_44wk"
"SERTAD2",0.0178019573800537,-0.883776101436947,0.198,0.26,1,"13","BCG_treated","week44","IGRApos_BCG_44wk_vs_IGRAneg_BCG_44wk"
"LDLR",0.0178113690175499,-0.788359696219537,0.098,0.139,1,"13","BCG_treated","week44","IGRApos_BCG_44wk_vs_IGRAneg_BCG_44wk"
"DDB1",0.017833381917735,-0.373591112953327,0.455,0.382,1,"13","BCG_treated","week44","IGRApos_BCG_44wk_vs_IGRAneg_BCG_44wk"
"IL10RB",0.0179187267413211,-0.349894325177544,0.241,0.191,1,"13","BCG_treated","week44","IGRApos_BCG_44wk_vs_IGRAneg_BCG_44wk"
"CLASRP",0.0181029379057254,-0.312063867178657,0.373,0.324,1,"13","BCG_treated","week44","IGRApos_BCG_44wk_vs_IGRAneg_BCG_44wk"
"MTERF4",0.0181353560792457,-0.506807317178061,0.265,0.312,1,"13","BCG_treated","week44","IGRApos_BCG_44wk_vs_IGRAneg_BCG_44wk"
"STK11",0.0181921664938473,0.695796173924051,0.206,0.098,1,"13","BCG_treated","week44","IGRApos_BCG_44wk_vs_IGRAneg_BCG_44wk"
"ENSG00000257027",0.0181958488066417,0.671705943978894,0.238,0.104,1,"13","BCG_treated","week44","IGRApos_BCG_44wk_vs_IGRAneg_BCG_44wk"
"PKIA",0.0182183715436035,-0.883602882586559,0.114,0.173,1,"13","BCG_treated","week44","IGRApos_BCG_44wk_vs_IGRAneg_BCG_44wk"
"RPL36AL",0.0182477153231316,-0.839217122729399,0.214,0.22,1,"13","BCG_treated","week44","IGRApos_BCG_44wk_vs_IGRAneg_BCG_44wk"
"SLC9A9",0.0182520922579804,0.724131091739363,0.479,0.306,1,"13","BCG_treated","week44","IGRApos_BCG_44wk_vs_IGRAneg_BCG_44wk"
"LINC00310",0.0182821104893896,-0.856447257016808,0.193,0.249,1,"13","BCG_treated","week44","IGRApos_BCG_44wk_vs_IGRAneg_BCG_44wk"
"SYNRG",0.0183769505209402,-0.281482706545237,0.802,0.746,1,"13","BCG_treated","week44","IGRApos_BCG_44wk_vs_IGRAneg_BCG_44wk"
"STAG3L5P.1",0.0185240610533021,-0.312451332671782,0.59,0.503,1,"13","BCG_treated","week44","IGRApos_BCG_44wk_vs_IGRAneg_BCG_44wk"
"LBHD1",0.0185458017179603,0.590576724710224,0.148,0.058,1,"13","BCG_treated","week44","IGRApos_BCG_44wk_vs_IGRAneg_BCG_44wk"
"SAR1A",0.0185679829639481,-0.423880729515425,0.455,0.462,1,"13","BCG_treated","week44","IGRApos_BCG_44wk_vs_IGRAneg_BCG_44wk"
"CHD7",0.0186005451556321,-0.437798509704652,0.217,0.185,1,"13","BCG_treated","week44","IGRApos_BCG_44wk_vs_IGRAneg_BCG_44wk"
"EIF4G1",0.0186487331573602,-0.261510322431063,0.606,0.572,1,"13","BCG_treated","week44","IGRApos_BCG_44wk_vs_IGRAneg_BCG_44wk"
"FLNB",0.01880806766685,0.556243945881905,0.601,0.382,1,"13","BCG_treated","week44","IGRApos_BCG_44wk_vs_IGRAneg_BCG_44wk"
"MICALL1",0.0188671132306452,0.199468227525565,0.214,0.116,1,"13","BCG_treated","week44","IGRApos_BCG_44wk_vs_IGRAneg_BCG_44wk"
"BIRC3",0.0188898826634345,0.651468168182413,0.878,0.78,1,"13","BCG_treated","week44","IGRApos_BCG_44wk_vs_IGRAneg_BCG_44wk"
"ANKRD36B",0.0189088381479795,-0.406043645016125,0.36,0.41,1,"13","BCG_treated","week44","IGRApos_BCG_44wk_vs_IGRAneg_BCG_44wk"
"ENSG00000286098",0.0189270029735945,-0.730025113262711,0.214,0.231,1,"13","BCG_treated","week44","IGRApos_BCG_44wk_vs_IGRAneg_BCG_44wk"
"RAB37",0.01896162222483,-0.655153738184947,0.201,0.231,1,"13","BCG_treated","week44","IGRApos_BCG_44wk_vs_IGRAneg_BCG_44wk"
"C11orf58",0.0190152817174596,-0.398797376656882,0.466,0.48,1,"13","BCG_treated","week44","IGRApos_BCG_44wk_vs_IGRAneg_BCG_44wk"
"ZNF37A",0.0190965801627843,-0.284057802303449,0.481,0.434,1,"13","BCG_treated","week44","IGRApos_BCG_44wk_vs_IGRAneg_BCG_44wk"
"GID4",0.01924824269975,1.70712791868736,0.108,0.023,1,"13","BCG_treated","week44","IGRApos_BCG_44wk_vs_IGRAneg_BCG_44wk"
"PIGX",0.019260166474564,-0.161293791609107,0.362,0.266,1,"13","BCG_treated","week44","IGRApos_BCG_44wk_vs_IGRAneg_BCG_44wk"
"DIAPH1",0.0192861217847716,-0.229403225245161,0.767,0.728,1,"13","BCG_treated","week44","IGRApos_BCG_44wk_vs_IGRAneg_BCG_44wk"
"TGOLN2",0.0194577028200185,0.271208842916417,0.5,0.318,1,"13","BCG_treated","week44","IGRApos_BCG_44wk_vs_IGRAneg_BCG_44wk"
"CARD11",0.0195151127292388,0.204209930504155,0.865,0.717,1,"13","BCG_treated","week44","IGRApos_BCG_44wk_vs_IGRAneg_BCG_44wk"
"HNRNPR",0.0195745206908868,-0.154772837548629,0.717,0.59,1,"13","BCG_treated","week44","IGRApos_BCG_44wk_vs_IGRAneg_BCG_44wk"
"ANKHD1-DT",0.0196266613082568,-1.37760462811368,0.045,0.104,1,"13","BCG_treated","week44","IGRApos_BCG_44wk_vs_IGRAneg_BCG_44wk"
"CD53",0.019635883926745,-0.378970938250121,0.717,0.705,1,"13","BCG_treated","week44","IGRApos_BCG_44wk_vs_IGRAneg_BCG_44wk"
"DDX10",0.0196898794588105,-0.326859294985356,0.558,0.509,1,"13","BCG_treated","week44","IGRApos_BCG_44wk_vs_IGRAneg_BCG_44wk"
"ZRSR2",0.0197347969603217,0.351912486274923,0.325,0.179,1,"13","BCG_treated","week44","IGRApos_BCG_44wk_vs_IGRAneg_BCG_44wk"
"RPS10",0.0197374867481786,-0.756578120027299,0.161,0.168,1,"13","BCG_treated","week44","IGRApos_BCG_44wk_vs_IGRAneg_BCG_44wk"
"ANKMY2",0.0197996588404313,-0.71491081963709,0.196,0.208,1,"13","BCG_treated","week44","IGRApos_BCG_44wk_vs_IGRAneg_BCG_44wk"
"PABPC4",0.0198185762997088,-0.536497579339263,0.317,0.335,1,"13","BCG_treated","week44","IGRApos_BCG_44wk_vs_IGRAneg_BCG_44wk"
"RHOQ",0.0198271612343177,-0.563706802985097,0.368,0.347,1,"13","BCG_treated","week44","IGRApos_BCG_44wk_vs_IGRAneg_BCG_44wk"
"TRPM2",0.0198660013146443,0.253506953275359,0.066,0.11,1,"13","BCG_treated","week44","IGRApos_BCG_44wk_vs_IGRAneg_BCG_44wk"
"SAMD9",0.0198774030466008,0.515954090218363,0.606,0.399,1,"13","BCG_treated","week44","IGRApos_BCG_44wk_vs_IGRAneg_BCG_44wk"
"TBK1",0.0198832161455178,-0.242857264533823,0.614,0.52,1,"13","BCG_treated","week44","IGRApos_BCG_44wk_vs_IGRAneg_BCG_44wk"
"CSNK1E",0.0198951724161866,0.543292594491756,0.304,0.15,1,"13","BCG_treated","week44","IGRApos_BCG_44wk_vs_IGRAneg_BCG_44wk"
"SLC25A16",0.0199505341974548,-0.56512067558722,0.204,0.197,1,"13","BCG_treated","week44","IGRApos_BCG_44wk_vs_IGRAneg_BCG_44wk"
"PLCB1",0.0199728782868594,-0.542567005011755,0.788,0.844,1,"13","BCG_treated","week44","IGRApos_BCG_44wk_vs_IGRAneg_BCG_44wk"
"CCDC88B",0.0199852471398678,-0.43503338936419,0.603,0.555,1,"13","BCG_treated","week44","IGRApos_BCG_44wk_vs_IGRAneg_BCG_44wk"
"ARHGEF7",0.0200642943097692,-0.500012261496106,0.751,0.676,1,"13","BCG_treated","week44","IGRApos_BCG_44wk_vs_IGRAneg_BCG_44wk"
"POLR1D",0.0200965696193812,-0.352767428490905,0.302,0.254,1,"13","BCG_treated","week44","IGRApos_BCG_44wk_vs_IGRAneg_BCG_44wk"
"RPN1",0.0201817750613096,-0.14966745637358,0.325,0.243,1,"13","BCG_treated","week44","IGRApos_BCG_44wk_vs_IGRAneg_BCG_44wk"
"RPL27A",0.0202513309007044,-0.579852956575098,0.339,0.318,1,"13","BCG_treated","week44","IGRApos_BCG_44wk_vs_IGRAneg_BCG_44wk"
"ZNF189",0.0202915269022256,-0.934364225841551,0.177,0.191,1,"13","BCG_treated","week44","IGRApos_BCG_44wk_vs_IGRAneg_BCG_44wk"
"RTCB",0.0203248395128262,0.254422211170141,0.249,0.139,1,"13","BCG_treated","week44","IGRApos_BCG_44wk_vs_IGRAneg_BCG_44wk"
"ERAP2",0.0203493470641565,-0.391710268183586,0.415,0.451,1,"13","BCG_treated","week44","IGRApos_BCG_44wk_vs_IGRAneg_BCG_44wk"
"TKT",0.0203660442831992,-0.397185066266778,0.19,0.214,1,"13","BCG_treated","week44","IGRApos_BCG_44wk_vs_IGRAneg_BCG_44wk"
"HGS",0.0203809939688497,-0.326708497199978,0.41,0.312,1,"13","BCG_treated","week44","IGRApos_BCG_44wk_vs_IGRAneg_BCG_44wk"
"FCHO1",0.0204112291590272,-0.697814944145066,0.209,0.26,1,"13","BCG_treated","week44","IGRApos_BCG_44wk_vs_IGRAneg_BCG_44wk"
"GLRX3",0.0204324758796086,0.210030011947007,0.368,0.225,1,"13","BCG_treated","week44","IGRApos_BCG_44wk_vs_IGRAneg_BCG_44wk"
"ENSG00000255872",0.0204803392657761,-0.618407565939424,0.132,0.116,1,"13","BCG_treated","week44","IGRApos_BCG_44wk_vs_IGRAneg_BCG_44wk"
"TCOF1",0.0205271771718705,-0.614987870635524,0.325,0.329,1,"13","BCG_treated","week44","IGRApos_BCG_44wk_vs_IGRAneg_BCG_44wk"
"PGGT1B",0.020698896081632,-0.416120285258139,0.339,0.312,1,"13","BCG_treated","week44","IGRApos_BCG_44wk_vs_IGRAneg_BCG_44wk"
"FKBP5",0.0207627500598328,-0.273583987163919,0.45,0.428,1,"13","BCG_treated","week44","IGRApos_BCG_44wk_vs_IGRAneg_BCG_44wk"
"FHIP1B",0.0207681695442559,-0.850855316374564,0.19,0.202,1,"13","BCG_treated","week44","IGRApos_BCG_44wk_vs_IGRAneg_BCG_44wk"
"DCPS",0.0208059181853877,0.264595049538802,0.188,0.098,1,"13","BCG_treated","week44","IGRApos_BCG_44wk_vs_IGRAneg_BCG_44wk"
"KANSL1",0.0208110788381287,0.169670944446211,0.944,0.798,1,"13","BCG_treated","week44","IGRApos_BCG_44wk_vs_IGRAneg_BCG_44wk"
"CDC14A",0.0208136948743122,0.447803329360638,0.759,0.584,1,"13","BCG_treated","week44","IGRApos_BCG_44wk_vs_IGRAneg_BCG_44wk"
"METTL2B",0.0208432248868461,-0.668635568120148,0.193,0.214,1,"13","BCG_treated","week44","IGRApos_BCG_44wk_vs_IGRAneg_BCG_44wk"
"MAPKAP1",0.0208494171012843,-0.183855914966731,0.735,0.642,1,"13","BCG_treated","week44","IGRApos_BCG_44wk_vs_IGRAneg_BCG_44wk"
"ENSG00000285130",0.0208912129745702,-1.12912513506817,0.061,0.116,1,"13","BCG_treated","week44","IGRApos_BCG_44wk_vs_IGRAneg_BCG_44wk"
"MKLN1",0.0208998965455592,-0.292875079184828,0.841,0.798,1,"13","BCG_treated","week44","IGRApos_BCG_44wk_vs_IGRAneg_BCG_44wk"
"G3BP1",0.020906093770715,-0.33516453098256,0.548,0.52,1,"13","BCG_treated","week44","IGRApos_BCG_44wk_vs_IGRAneg_BCG_44wk"
"EIF2B4",0.0209579786182793,-0.545339611459994,0.198,0.179,1,"13","BCG_treated","week44","IGRApos_BCG_44wk_vs_IGRAneg_BCG_44wk"
"CCNT2",0.0210012550960208,-0.336429983675383,0.54,0.509,1,"13","BCG_treated","week44","IGRApos_BCG_44wk_vs_IGRAneg_BCG_44wk"
"EXT1",0.0210728741238889,0.388605651023129,0.725,0.572,1,"13","BCG_treated","week44","IGRApos_BCG_44wk_vs_IGRAneg_BCG_44wk"
"RFLNA",0.0211659886252241,-0.747106579028887,0.251,0.283,1,"13","BCG_treated","week44","IGRApos_BCG_44wk_vs_IGRAneg_BCG_44wk"
"ITGAL",0.0211873396839625,-0.382146589939387,0.876,0.844,1,"13","BCG_treated","week44","IGRApos_BCG_44wk_vs_IGRAneg_BCG_44wk"
"GALNT11",0.021196207935097,0.461191557205078,0.706,0.503,1,"13","BCG_treated","week44","IGRApos_BCG_44wk_vs_IGRAneg_BCG_44wk"
"NCBP2",0.0212078268757453,-0.35643445782007,0.246,0.22,1,"13","BCG_treated","week44","IGRApos_BCG_44wk_vs_IGRAneg_BCG_44wk"
"ZNF69",0.0212860249554846,-0.567492404135372,0.132,0.098,1,"13","BCG_treated","week44","IGRApos_BCG_44wk_vs_IGRAneg_BCG_44wk"
"ZFP90",0.0213394764604929,0.361200796074509,0.296,0.168,1,"13","BCG_treated","week44","IGRApos_BCG_44wk_vs_IGRAneg_BCG_44wk"
"GART",0.0214083875173232,-0.157382315220371,0.376,0.301,1,"13","BCG_treated","week44","IGRApos_BCG_44wk_vs_IGRAneg_BCG_44wk"
"MTRF1L",0.0214649611499593,-1.00705904235835,0.095,0.121,1,"13","BCG_treated","week44","IGRApos_BCG_44wk_vs_IGRAneg_BCG_44wk"
"HIPK1",0.0215052609097058,0.569727010983328,0.759,0.52,1,"13","BCG_treated","week44","IGRApos_BCG_44wk_vs_IGRAneg_BCG_44wk"
"IL12RB2",0.0215524131818647,0.402835260728235,0.902,0.873,1,"13","BCG_treated","week44","IGRApos_BCG_44wk_vs_IGRAneg_BCG_44wk"
"NEK10",0.0216591960811521,-0.620337285615081,0.061,0.104,1,"13","BCG_treated","week44","IGRApos_BCG_44wk_vs_IGRAneg_BCG_44wk"
"DLG3",0.0217303347477658,1.41006373191736,0.138,0.04,1,"13","BCG_treated","week44","IGRApos_BCG_44wk_vs_IGRAneg_BCG_44wk"
"SH3GLB1",0.0219319700680019,-0.349899607377106,0.5,0.486,1,"13","BCG_treated","week44","IGRApos_BCG_44wk_vs_IGRAneg_BCG_44wk"
"ENSG00000285725",0.0219809188455178,-1.20850422614849,0.079,0.104,1,"13","BCG_treated","week44","IGRApos_BCG_44wk_vs_IGRAneg_BCG_44wk"
"RPL7",0.0220164895252448,-0.813016565136061,0.204,0.243,1,"13","BCG_treated","week44","IGRApos_BCG_44wk_vs_IGRAneg_BCG_44wk"
"TMEM106B",0.0220797114211275,-0.30653295599215,0.349,0.301,1,"13","BCG_treated","week44","IGRApos_BCG_44wk_vs_IGRAneg_BCG_44wk"
"WDR1",0.0220943864097107,-0.189760776508985,0.672,0.584,1,"13","BCG_treated","week44","IGRApos_BCG_44wk_vs_IGRAneg_BCG_44wk"
"VPS37A",0.0221542679897144,-0.34090025085049,0.362,0.335,1,"13","BCG_treated","week44","IGRApos_BCG_44wk_vs_IGRAneg_BCG_44wk"
"EIF2D",0.0222415422778868,-0.866690921156948,0.13,0.121,1,"13","BCG_treated","week44","IGRApos_BCG_44wk_vs_IGRAneg_BCG_44wk"
"CYTH3",0.0223196866585063,0.834208293393668,0.323,0.179,1,"13","BCG_treated","week44","IGRApos_BCG_44wk_vs_IGRAneg_BCG_44wk"
"SLC20A2",0.0223639332472683,-0.444528449487298,0.524,0.509,1,"13","BCG_treated","week44","IGRApos_BCG_44wk_vs_IGRAneg_BCG_44wk"
"BAZ1A",0.022433554891367,-0.307731908363764,0.757,0.751,1,"13","BCG_treated","week44","IGRApos_BCG_44wk_vs_IGRAneg_BCG_44wk"
"TMCO4",0.0224791820328017,-0.798887754801147,0.259,0.254,1,"13","BCG_treated","week44","IGRApos_BCG_44wk_vs_IGRAneg_BCG_44wk"
"CDC5L",0.0225045759838677,-0.312498621983099,0.466,0.474,1,"13","BCG_treated","week44","IGRApos_BCG_44wk_vs_IGRAneg_BCG_44wk"
"SHPRH",0.0225726046140778,-0.35545109420827,0.519,0.491,1,"13","BCG_treated","week44","IGRApos_BCG_44wk_vs_IGRAneg_BCG_44wk"
"ZNF250",0.0226086328102159,-1.01143431240434,0.135,0.15,1,"13","BCG_treated","week44","IGRApos_BCG_44wk_vs_IGRAneg_BCG_44wk"
"CAPZB",0.0226483048017597,-0.254729302889218,0.722,0.699,1,"13","BCG_treated","week44","IGRApos_BCG_44wk_vs_IGRAneg_BCG_44wk"
"ENSG00000288018",0.0227388542709281,0.846199622834659,0.159,0.069,1,"13","BCG_treated","week44","IGRApos_BCG_44wk_vs_IGRAneg_BCG_44wk"
"SLC8A1",0.0227473832306271,-1.63928746106742,0.085,0.116,1,"13","BCG_treated","week44","IGRApos_BCG_44wk_vs_IGRAneg_BCG_44wk"
"SCFD1",0.0227661959394583,-0.108885292835478,0.664,0.509,1,"13","BCG_treated","week44","IGRApos_BCG_44wk_vs_IGRAneg_BCG_44wk"
"ENSG00000235609",0.0229592922753915,-1.06234967338227,0.058,0.104,1,"13","BCG_treated","week44","IGRApos_BCG_44wk_vs_IGRAneg_BCG_44wk"
"CEP20",0.0230393792346608,-0.898240607215558,0.135,0.168,1,"13","BCG_treated","week44","IGRApos_BCG_44wk_vs_IGRAneg_BCG_44wk"
"PSD4",0.0230906010795675,-0.268488999759875,0.685,0.624,1,"13","BCG_treated","week44","IGRApos_BCG_44wk_vs_IGRAneg_BCG_44wk"
"CELF1",0.0231387635155982,-0.180820999974473,0.767,0.711,1,"13","BCG_treated","week44","IGRApos_BCG_44wk_vs_IGRAneg_BCG_44wk"
"LARS1",0.0231480226665225,-0.342678782210592,0.524,0.497,1,"13","BCG_treated","week44","IGRApos_BCG_44wk_vs_IGRAneg_BCG_44wk"
"ENSG00000285080",0.0231681632330921,-0.543844866453976,0.283,0.283,1,"13","BCG_treated","week44","IGRApos_BCG_44wk_vs_IGRAneg_BCG_44wk"
"UBA6-DT",0.023196580228214,-0.61036315334133,0.233,0.306,1,"13","BCG_treated","week44","IGRApos_BCG_44wk_vs_IGRAneg_BCG_44wk"
"CEBPZ",0.0232792667527895,-0.506611106784504,0.378,0.358,1,"13","BCG_treated","week44","IGRApos_BCG_44wk_vs_IGRAneg_BCG_44wk"
"MYO9A",0.0233070855118115,-0.29491719913885,0.611,0.624,1,"13","BCG_treated","week44","IGRApos_BCG_44wk_vs_IGRAneg_BCG_44wk"
"SNRPD3",0.0233095426634318,-0.553972127667289,0.241,0.249,1,"13","BCG_treated","week44","IGRApos_BCG_44wk_vs_IGRAneg_BCG_44wk"
"SETD5",0.0233125066537066,-0.2171527457738,0.857,0.85,1,"13","BCG_treated","week44","IGRApos_BCG_44wk_vs_IGRAneg_BCG_44wk"
"CPSF2",0.0233570605785858,-0.229785357301422,0.413,0.329,1,"13","BCG_treated","week44","IGRApos_BCG_44wk_vs_IGRAneg_BCG_44wk"
"GNAI3",0.023399199127277,-0.572516144578421,0.421,0.387,1,"13","BCG_treated","week44","IGRApos_BCG_44wk_vs_IGRAneg_BCG_44wk"
"UTRN",0.0234607110807666,0.176212668060336,0.971,0.954,1,"13","BCG_treated","week44","IGRApos_BCG_44wk_vs_IGRAneg_BCG_44wk"
"DOCK2",0.0235100954036757,-0.12073153006852,0.997,0.96,1,"13","BCG_treated","week44","IGRApos_BCG_44wk_vs_IGRAneg_BCG_44wk"
"WDR11",0.023538427822582,0.434081688755262,0.656,0.468,1,"13","BCG_treated","week44","IGRApos_BCG_44wk_vs_IGRAneg_BCG_44wk"
"KIAA0586",0.0235641084536255,-0.620745494936802,0.399,0.382,1,"13","BCG_treated","week44","IGRApos_BCG_44wk_vs_IGRAneg_BCG_44wk"
"VPS26C",0.0236237995090361,0.154361347497863,0.376,0.249,1,"13","BCG_treated","week44","IGRApos_BCG_44wk_vs_IGRAneg_BCG_44wk"
"HDAC7",0.02373362071778,-0.477037893370543,0.246,0.208,1,"13","BCG_treated","week44","IGRApos_BCG_44wk_vs_IGRAneg_BCG_44wk"
"ENSG00000256199",0.0237392508963209,-1.46069496376367,0.069,0.11,1,"13","BCG_treated","week44","IGRApos_BCG_44wk_vs_IGRAneg_BCG_44wk"
"NDUFA6",0.0237635737542837,-0.821205131065416,0.093,0.133,1,"13","BCG_treated","week44","IGRApos_BCG_44wk_vs_IGRAneg_BCG_44wk"
"NACA",0.0238180647817798,-0.391229529706284,0.392,0.358,1,"13","BCG_treated","week44","IGRApos_BCG_44wk_vs_IGRAneg_BCG_44wk"
"RRP7A",0.0238576105002562,-0.822782767827491,0.172,0.208,1,"13","BCG_treated","week44","IGRApos_BCG_44wk_vs_IGRAneg_BCG_44wk"
"TUBGCP2",0.0238629198196112,-0.253141807230778,0.354,0.266,1,"13","BCG_treated","week44","IGRApos_BCG_44wk_vs_IGRAneg_BCG_44wk"
"NLRP1",0.0238954048812099,0.123367766857449,0.484,0.329,1,"13","BCG_treated","week44","IGRApos_BCG_44wk_vs_IGRAneg_BCG_44wk"
"DRG1",0.0238989040310364,-0.279444515642427,0.444,0.445,1,"13","BCG_treated","week44","IGRApos_BCG_44wk_vs_IGRAneg_BCG_44wk"
"SYTL2",0.0239834627875722,0.642456974038572,0.577,0.405,1,"13","BCG_treated","week44","IGRApos_BCG_44wk_vs_IGRAneg_BCG_44wk"
"ERLIN1",0.0239846343791815,1.08989782667829,0.183,0.069,1,"13","BCG_treated","week44","IGRApos_BCG_44wk_vs_IGRAneg_BCG_44wk"
"CCDC28A",0.0239983515328773,-1.20375425233148,0.095,0.127,1,"13","BCG_treated","week44","IGRApos_BCG_44wk_vs_IGRAneg_BCG_44wk"
"KIF2A",0.0240426121912579,-0.222386428116295,0.672,0.647,1,"13","BCG_treated","week44","IGRApos_BCG_44wk_vs_IGRAneg_BCG_44wk"
"ENSG00000284906",0.024062315321775,-0.790223023134921,0.198,0.22,1,"13","BCG_treated","week44","IGRApos_BCG_44wk_vs_IGRAneg_BCG_44wk"
"TMEM87B",0.02409882491193,0.475677704163701,0.294,0.156,1,"13","BCG_treated","week44","IGRApos_BCG_44wk_vs_IGRAneg_BCG_44wk"
"WARS1",0.0241570105891263,0.550168834692686,0.429,0.243,1,"13","BCG_treated","week44","IGRApos_BCG_44wk_vs_IGRAneg_BCG_44wk"
"ACAP1",0.0241611784243773,-0.52093816556107,0.577,0.572,1,"13","BCG_treated","week44","IGRApos_BCG_44wk_vs_IGRAneg_BCG_44wk"
"NUDC",0.0242531663860804,-0.72003816245968,0.22,0.22,1,"13","BCG_treated","week44","IGRApos_BCG_44wk_vs_IGRAneg_BCG_44wk"
"PRKAR1B",0.0242802111152633,-0.995638523301553,0.124,0.156,1,"13","BCG_treated","week44","IGRApos_BCG_44wk_vs_IGRAneg_BCG_44wk"
"ARRDC3",0.0242901262565258,1.63110590469766,0.143,0.046,1,"13","BCG_treated","week44","IGRApos_BCG_44wk_vs_IGRAneg_BCG_44wk"
"SLC6A6",0.024307239521696,-0.211055701659468,0.524,0.538,1,"13","BCG_treated","week44","IGRApos_BCG_44wk_vs_IGRAneg_BCG_44wk"
"SRGAP2B",0.0244185568717758,0.42302383344031,0.169,0.075,1,"13","BCG_treated","week44","IGRApos_BCG_44wk_vs_IGRAneg_BCG_44wk"
"SYF2",0.0244379024143293,-0.631036712188844,0.222,0.214,1,"13","BCG_treated","week44","IGRApos_BCG_44wk_vs_IGRAneg_BCG_44wk"
"PHF23",0.0244731464586765,0.139071075375853,0.116,0.064,1,"13","BCG_treated","week44","IGRApos_BCG_44wk_vs_IGRAneg_BCG_44wk"
"RBM25",0.0244978416176074,-0.233267648748363,0.913,0.844,1,"13","BCG_treated","week44","IGRApos_BCG_44wk_vs_IGRAneg_BCG_44wk"
"CCNYL1",0.0245105328233228,1.44741784730747,0.151,0.058,1,"13","BCG_treated","week44","IGRApos_BCG_44wk_vs_IGRAneg_BCG_44wk"
"TMEM50A",0.02451204013151,-0.343303991094631,0.336,0.295,1,"13","BCG_treated","week44","IGRApos_BCG_44wk_vs_IGRAneg_BCG_44wk"
"ELP3",0.0245825582084945,0.363354831008163,0.468,0.289,1,"13","BCG_treated","week44","IGRApos_BCG_44wk_vs_IGRAneg_BCG_44wk"
"PHLDA1",0.0246226429519829,-0.78174174812799,0.14,0.22,1,"13","BCG_treated","week44","IGRApos_BCG_44wk_vs_IGRAneg_BCG_44wk"
"ENSG00000283907",0.0246510124382534,-0.580367294252743,0.251,0.225,1,"13","BCG_treated","week44","IGRApos_BCG_44wk_vs_IGRAneg_BCG_44wk"
"ARPC3",0.0247654317071194,-0.504325729471776,0.357,0.358,1,"13","BCG_treated","week44","IGRApos_BCG_44wk_vs_IGRAneg_BCG_44wk"
"TMEM38B",0.0248113229160112,-0.851161157442878,0.132,0.15,1,"13","BCG_treated","week44","IGRApos_BCG_44wk_vs_IGRAneg_BCG_44wk"
"APOL3",0.0248422942513939,0.506408261613547,0.582,0.387,1,"13","BCG_treated","week44","IGRApos_BCG_44wk_vs_IGRAneg_BCG_44wk"
"NOD2",0.0248752766505133,0.731205956884334,0.138,0.052,1,"13","BCG_treated","week44","IGRApos_BCG_44wk_vs_IGRAneg_BCG_44wk"
"CCDC91",0.0250468055807324,0.240375553452616,0.767,0.613,1,"13","BCG_treated","week44","IGRApos_BCG_44wk_vs_IGRAneg_BCG_44wk"
"POGK",0.025207785666809,-0.468217896624902,0.246,0.237,1,"13","BCG_treated","week44","IGRApos_BCG_44wk_vs_IGRAneg_BCG_44wk"
"ARHGAP15",0.0252127711810481,-0.143920212838186,0.989,0.948,1,"13","BCG_treated","week44","IGRApos_BCG_44wk_vs_IGRAneg_BCG_44wk"
"GALM",0.0253154541254017,1.2126475457054,0.198,0.092,1,"13","BCG_treated","week44","IGRApos_BCG_44wk_vs_IGRAneg_BCG_44wk"
"ZNF766",0.0253612892854659,-0.251052679055773,0.225,0.173,1,"13","BCG_treated","week44","IGRApos_BCG_44wk_vs_IGRAneg_BCG_44wk"
"UBA6",0.0254139389698957,-0.171525845959802,0.656,0.538,1,"13","BCG_treated","week44","IGRApos_BCG_44wk_vs_IGRAneg_BCG_44wk"
"GP6-AS1",0.0255188266817501,0.51016405626141,0.241,0.127,1,"13","BCG_treated","week44","IGRApos_BCG_44wk_vs_IGRAneg_BCG_44wk"
"SBF2",0.0257224432677677,0.337765961086296,0.728,0.555,1,"13","BCG_treated","week44","IGRApos_BCG_44wk_vs_IGRAneg_BCG_44wk"
"FAM102B",0.0258043371699499,-0.690263074896739,0.228,0.254,1,"13","BCG_treated","week44","IGRApos_BCG_44wk_vs_IGRAneg_BCG_44wk"
"PRPF3",0.0258661799745397,0.177549612580189,0.437,0.277,1,"13","BCG_treated","week44","IGRApos_BCG_44wk_vs_IGRAneg_BCG_44wk"
"NPM1",0.0258877605773326,-0.280472231278895,0.421,0.382,1,"13","BCG_treated","week44","IGRApos_BCG_44wk_vs_IGRAneg_BCG_44wk"
"YAE1",0.0259478807312518,1.32876089841376,0.122,0.035,1,"13","BCG_treated","week44","IGRApos_BCG_44wk_vs_IGRAneg_BCG_44wk"
"MARCHF8",0.0259775002533014,-0.43756697250574,0.508,0.509,1,"13","BCG_treated","week44","IGRApos_BCG_44wk_vs_IGRAneg_BCG_44wk"
"ZNF800",0.0262228148964674,-0.335953733521893,0.593,0.584,1,"13","BCG_treated","week44","IGRApos_BCG_44wk_vs_IGRAneg_BCG_44wk"
"ZBTB1",0.0263153702067532,-0.15285007395572,0.714,0.694,1,"13","BCG_treated","week44","IGRApos_BCG_44wk_vs_IGRAneg_BCG_44wk"
"SMG1P5",0.026380139228608,-0.12590554332223,0.312,0.202,1,"13","BCG_treated","week44","IGRApos_BCG_44wk_vs_IGRAneg_BCG_44wk"
"METTL15",0.0264020896236294,-0.448944481987438,0.5,0.486,1,"13","BCG_treated","week44","IGRApos_BCG_44wk_vs_IGRAneg_BCG_44wk"
"TNFSF14",0.026500378080604,-0.842673274013114,0.267,0.301,1,"13","BCG_treated","week44","IGRApos_BCG_44wk_vs_IGRAneg_BCG_44wk"
"POLR2F",0.0265557106453686,-0.493006265909574,0.156,0.116,1,"13","BCG_treated","week44","IGRApos_BCG_44wk_vs_IGRAneg_BCG_44wk"
"WDR47",0.0265657219417903,0.299961369945458,0.18,0.098,1,"13","BCG_treated","week44","IGRApos_BCG_44wk_vs_IGRAneg_BCG_44wk"
"SYNE1",0.0265893249585223,-0.349553837912258,0.579,0.532,1,"13","BCG_treated","week44","IGRApos_BCG_44wk_vs_IGRAneg_BCG_44wk"
"MSRA",0.0266076431594196,-0.168761185094396,0.492,0.405,1,"13","BCG_treated","week44","IGRApos_BCG_44wk_vs_IGRAneg_BCG_44wk"
"KIF20B",0.0267911220691715,-0.528670467998688,0.127,0.162,1,"13","BCG_treated","week44","IGRApos_BCG_44wk_vs_IGRAneg_BCG_44wk"
"SNRNP27",0.0269257671521522,0.77875832018055,0.135,0.052,1,"13","BCG_treated","week44","IGRApos_BCG_44wk_vs_IGRAneg_BCG_44wk"
"SMIM10L1",0.0270345429984693,-0.421674012017675,0.124,0.087,1,"13","BCG_treated","week44","IGRApos_BCG_44wk_vs_IGRAneg_BCG_44wk"
"GTF2F1",0.0270619216704941,-0.751894764275992,0.188,0.15,1,"13","BCG_treated","week44","IGRApos_BCG_44wk_vs_IGRAneg_BCG_44wk"
"LTBP3",0.0271413248155225,-0.467599944616955,0.368,0.364,1,"13","BCG_treated","week44","IGRApos_BCG_44wk_vs_IGRAneg_BCG_44wk"
"CCDC32",0.0271628397446538,-0.512520212343834,0.291,0.306,1,"13","BCG_treated","week44","IGRApos_BCG_44wk_vs_IGRAneg_BCG_44wk"
"WTAP",0.0271941316947586,-0.419548752005967,0.474,0.451,1,"13","BCG_treated","week44","IGRApos_BCG_44wk_vs_IGRAneg_BCG_44wk"
"ABCF2",0.0271959301882267,0.572843763485181,0.206,0.098,1,"13","BCG_treated","week44","IGRApos_BCG_44wk_vs_IGRAneg_BCG_44wk"
"SLC25A20",0.0272489262891628,-0.380855537402809,0.148,0.098,1,"13","BCG_treated","week44","IGRApos_BCG_44wk_vs_IGRAneg_BCG_44wk"
"PSMD6",0.0272535210372872,0.115634054510126,0.204,0.11,1,"13","BCG_treated","week44","IGRApos_BCG_44wk_vs_IGRAneg_BCG_44wk"
"CXXC1",0.0272954748602943,0.101650335561513,0.254,0.156,1,"13","BCG_treated","week44","IGRApos_BCG_44wk_vs_IGRAneg_BCG_44wk"
"RSRP1",0.0274402384507213,0.244805088173845,0.802,0.728,1,"13","BCG_treated","week44","IGRApos_BCG_44wk_vs_IGRAneg_BCG_44wk"
"HLA-E",0.0274485065305858,-0.302359052129396,0.905,0.879,1,"13","BCG_treated","week44","IGRApos_BCG_44wk_vs_IGRAneg_BCG_44wk"
"STXBP5",0.027493322353084,-0.282200875325675,0.651,0.659,1,"13","BCG_treated","week44","IGRApos_BCG_44wk_vs_IGRAneg_BCG_44wk"
"ATP2A3",0.0275485567230394,-0.544390497214807,0.267,0.266,1,"13","BCG_treated","week44","IGRApos_BCG_44wk_vs_IGRAneg_BCG_44wk"
"GLCCI1",0.0275598844488841,-0.145173285094448,0.698,0.572,1,"13","BCG_treated","week44","IGRApos_BCG_44wk_vs_IGRAneg_BCG_44wk"
"RAB4A",0.0277054762261199,-0.189175304494771,0.214,0.133,1,"13","BCG_treated","week44","IGRApos_BCG_44wk_vs_IGRAneg_BCG_44wk"
"CST7",0.0277396576731323,-0.748175349649913,0.238,0.306,1,"13","BCG_treated","week44","IGRApos_BCG_44wk_vs_IGRAneg_BCG_44wk"
"NUCB2",0.027776032464983,-0.461573137277711,0.317,0.341,1,"13","BCG_treated","week44","IGRApos_BCG_44wk_vs_IGRAneg_BCG_44wk"
"ITGAE",0.0277849986659793,-0.592385659878393,0.376,0.312,1,"13","BCG_treated","week44","IGRApos_BCG_44wk_vs_IGRAneg_BCG_44wk"
"CCNI",0.0278031937762909,-0.295267845529039,0.587,0.549,1,"13","BCG_treated","week44","IGRApos_BCG_44wk_vs_IGRAneg_BCG_44wk"
"TADA3",0.0278104854299498,-0.507176378955384,0.161,0.145,1,"13","BCG_treated","week44","IGRApos_BCG_44wk_vs_IGRAneg_BCG_44wk"
"ZFAND3",0.0278282240674527,-0.248842621862484,0.976,0.971,1,"13","BCG_treated","week44","IGRApos_BCG_44wk_vs_IGRAneg_BCG_44wk"
"COX20",0.0278510995593053,1.4804360418789,0.156,0.052,1,"13","BCG_treated","week44","IGRApos_BCG_44wk_vs_IGRAneg_BCG_44wk"
"PLEKHM1",0.0278802891291073,-0.350421691471671,0.368,0.329,1,"13","BCG_treated","week44","IGRApos_BCG_44wk_vs_IGRAneg_BCG_44wk"
"TGFB1",0.0279023140978276,-0.432414147096438,0.582,0.584,1,"13","BCG_treated","week44","IGRApos_BCG_44wk_vs_IGRAneg_BCG_44wk"
"GPR132",0.0279285646144668,-0.417852836352877,0.193,0.145,1,"13","BCG_treated","week44","IGRApos_BCG_44wk_vs_IGRAneg_BCG_44wk"
"HYCC1",0.0280050742081615,-0.509699068908292,0.294,0.301,1,"13","BCG_treated","week44","IGRApos_BCG_44wk_vs_IGRAneg_BCG_44wk"
"AKAP13",0.0280617865467538,0.21322398888621,0.963,0.89,1,"13","BCG_treated","week44","IGRApos_BCG_44wk_vs_IGRAneg_BCG_44wk"
"IPO8",0.0280757659826797,0.480234887812627,0.45,0.26,1,"13","BCG_treated","week44","IGRApos_BCG_44wk_vs_IGRAneg_BCG_44wk"
"NFAT5",0.028127421863546,-0.464538323769439,0.937,0.861,1,"13","BCG_treated","week44","IGRApos_BCG_44wk_vs_IGRAneg_BCG_44wk"
"GK",0.0282189093210692,1.09959802073567,0.32,0.168,1,"13","BCG_treated","week44","IGRApos_BCG_44wk_vs_IGRAneg_BCG_44wk"
"GNB1",0.0282289303312204,-0.349284919086808,0.847,0.809,1,"13","BCG_treated","week44","IGRApos_BCG_44wk_vs_IGRAneg_BCG_44wk"
"ANKRD23",0.0283060825418228,0.868841540861613,0.201,0.104,1,"13","BCG_treated","week44","IGRApos_BCG_44wk_vs_IGRAneg_BCG_44wk"
"SLC66A3",0.028323241609353,1.28193718020691,0.151,0.058,1,"13","BCG_treated","week44","IGRApos_BCG_44wk_vs_IGRAneg_BCG_44wk"
"LANCL2",0.0283787870178539,-1.02507274740667,0.143,0.185,1,"13","BCG_treated","week44","IGRApos_BCG_44wk_vs_IGRAneg_BCG_44wk"
"PALB2",0.0284062781626604,-0.830355846195608,0.138,0.139,1,"13","BCG_treated","week44","IGRApos_BCG_44wk_vs_IGRAneg_BCG_44wk"
"DENND1C",0.0285060512215557,0.550449357428489,0.291,0.15,1,"13","BCG_treated","week44","IGRApos_BCG_44wk_vs_IGRAneg_BCG_44wk"
"GOLGA1",0.0285387105440297,-0.408052349537748,0.423,0.416,1,"13","BCG_treated","week44","IGRApos_BCG_44wk_vs_IGRAneg_BCG_44wk"
"NARF",0.0285551039306594,0.653647432700499,0.574,0.416,1,"13","BCG_treated","week44","IGRApos_BCG_44wk_vs_IGRAneg_BCG_44wk"
"TNFRSF18",0.0285669326085113,-0.739533378555381,0.365,0.37,1,"13","BCG_treated","week44","IGRApos_BCG_44wk_vs_IGRAneg_BCG_44wk"
"THSD4-AS1",0.0287754193270969,-0.50496968602022,0.111,0.092,1,"13","BCG_treated","week44","IGRApos_BCG_44wk_vs_IGRAneg_BCG_44wk"
"SPTY2D1",0.0287868052236138,-0.476072414035868,0.265,0.249,1,"13","BCG_treated","week44","IGRApos_BCG_44wk_vs_IGRAneg_BCG_44wk"
"MARF1",0.0288345065678129,0.640624910407378,0.669,0.439,1,"13","BCG_treated","week44","IGRApos_BCG_44wk_vs_IGRAneg_BCG_44wk"
"MROH1",0.0290459787999515,0.158870463464147,0.479,0.468,1,"13","BCG_treated","week44","IGRApos_BCG_44wk_vs_IGRAneg_BCG_44wk"
"G3BP2",0.0291789425346505,-0.400514217677647,0.492,0.428,1,"13","BCG_treated","week44","IGRApos_BCG_44wk_vs_IGRAneg_BCG_44wk"
"TMCC1",0.0291953560771852,-0.153353618108493,0.558,0.457,1,"13","BCG_treated","week44","IGRApos_BCG_44wk_vs_IGRAneg_BCG_44wk"
"TMEM19",0.0293328209418892,1.3298772116125,0.114,0.04,1,"13","BCG_treated","week44","IGRApos_BCG_44wk_vs_IGRAneg_BCG_44wk"
"BSDC1",0.0293415490258907,-0.355390547867963,0.376,0.318,1,"13","BCG_treated","week44","IGRApos_BCG_44wk_vs_IGRAneg_BCG_44wk"
"RHBDF2",0.029494893474758,0.443991463616096,0.683,0.486,1,"13","BCG_treated","week44","IGRApos_BCG_44wk_vs_IGRAneg_BCG_44wk"
"WBP11",0.0295035892016827,-0.470654259409426,0.299,0.283,1,"13","BCG_treated","week44","IGRApos_BCG_44wk_vs_IGRAneg_BCG_44wk"
"ETNK1",0.0295435420289213,-0.240613808119923,0.614,0.566,1,"13","BCG_treated","week44","IGRApos_BCG_44wk_vs_IGRAneg_BCG_44wk"
"FBXO11",0.029606315481747,-0.232949695888387,0.828,0.74,1,"13","BCG_treated","week44","IGRApos_BCG_44wk_vs_IGRAneg_BCG_44wk"
"PAK2",0.0296084369266568,-0.361755096989228,0.683,0.676,1,"13","BCG_treated","week44","IGRApos_BCG_44wk_vs_IGRAneg_BCG_44wk"
"THUMPD2",0.0296398249349319,-0.706200028065281,0.214,0.254,1,"13","BCG_treated","week44","IGRApos_BCG_44wk_vs_IGRAneg_BCG_44wk"
"IFITM1",0.0296413669857564,-0.595348544596379,0.272,0.249,1,"13","BCG_treated","week44","IGRApos_BCG_44wk_vs_IGRAneg_BCG_44wk"
"SEPSECS",0.0297168830171011,-0.54238393517053,0.18,0.156,1,"13","BCG_treated","week44","IGRApos_BCG_44wk_vs_IGRAneg_BCG_44wk"
"APBB1IP",0.0297178503208915,-0.425497513980374,0.638,0.642,1,"13","BCG_treated","week44","IGRApos_BCG_44wk_vs_IGRAneg_BCG_44wk"
"LMNA",0.02983296179726,-1.03687417465681,0.18,0.202,1,"13","BCG_treated","week44","IGRApos_BCG_44wk_vs_IGRAneg_BCG_44wk"
"TMEM179B",0.0299196328481039,1.23817417305639,0.13,0.046,1,"13","BCG_treated","week44","IGRApos_BCG_44wk_vs_IGRAneg_BCG_44wk"
"TALAM1",0.0299539631471311,0.245668356318761,0.974,0.902,1,"13","BCG_treated","week44","IGRApos_BCG_44wk_vs_IGRAneg_BCG_44wk"
"ZNF282",0.0302003419818219,-0.30448528072513,0.296,0.225,1,"13","BCG_treated","week44","IGRApos_BCG_44wk_vs_IGRAneg_BCG_44wk"
"MEGF8",0.0302010190932095,0.568766400204314,0.185,0.087,1,"13","BCG_treated","week44","IGRApos_BCG_44wk_vs_IGRAneg_BCG_44wk"
"SP4",0.0302789401201901,-0.463160907526219,0.439,0.434,1,"13","BCG_treated","week44","IGRApos_BCG_44wk_vs_IGRAneg_BCG_44wk"
"GEMIN5",0.0303768866729426,-0.861220177092732,0.135,0.185,1,"13","BCG_treated","week44","IGRApos_BCG_44wk_vs_IGRAneg_BCG_44wk"
"FXN",0.0304274038013619,-0.950872028566303,0.122,0.121,1,"13","BCG_treated","week44","IGRApos_BCG_44wk_vs_IGRAneg_BCG_44wk"
"SPOP",0.0304580572028246,-0.268807754009775,0.495,0.416,1,"13","BCG_treated","week44","IGRApos_BCG_44wk_vs_IGRAneg_BCG_44wk"
"SP2",0.0304710458279231,-0.547999542445049,0.233,0.266,1,"13","BCG_treated","week44","IGRApos_BCG_44wk_vs_IGRAneg_BCG_44wk"
"SF3B1",0.030563674158944,0.212595420637842,0.873,0.682,1,"13","BCG_treated","week44","IGRApos_BCG_44wk_vs_IGRAneg_BCG_44wk"
"URM1",0.0305854630670782,-1.11848898672125,0.106,0.156,1,"13","BCG_treated","week44","IGRApos_BCG_44wk_vs_IGRAneg_BCG_44wk"
"RPLP0",0.0306092151154344,-0.64719120687582,0.19,0.22,1,"13","BCG_treated","week44","IGRApos_BCG_44wk_vs_IGRAneg_BCG_44wk"
"LARGE1",0.0307298692076888,-0.684248024371754,0.069,0.121,1,"13","BCG_treated","week44","IGRApos_BCG_44wk_vs_IGRAneg_BCG_44wk"
"UBE2R2",0.0308625624110758,-0.306378873162284,0.519,0.457,1,"13","BCG_treated","week44","IGRApos_BCG_44wk_vs_IGRAneg_BCG_44wk"
"MGLL",0.0308693738336071,-1.31868599246333,0.066,0.116,1,"13","BCG_treated","week44","IGRApos_BCG_44wk_vs_IGRAneg_BCG_44wk"
"COLGALT1",0.0309284131652619,-0.795358178159921,0.188,0.197,1,"13","BCG_treated","week44","IGRApos_BCG_44wk_vs_IGRAneg_BCG_44wk"
"CHST11",0.0309422640908069,0.198071554020363,0.979,0.913,1,"13","BCG_treated","week44","IGRApos_BCG_44wk_vs_IGRAneg_BCG_44wk"
"RTTN",0.0309702911816904,-0.531887344977711,0.288,0.329,1,"13","BCG_treated","week44","IGRApos_BCG_44wk_vs_IGRAneg_BCG_44wk"
"LGALS3",0.0309812039840835,0.395545617853175,0.188,0.092,1,"13","BCG_treated","week44","IGRApos_BCG_44wk_vs_IGRAneg_BCG_44wk"
"KLRC3",0.0309927097853333,0.410075521034821,0.794,0.694,1,"13","BCG_treated","week44","IGRApos_BCG_44wk_vs_IGRAneg_BCG_44wk"
"DTX3L",0.031054633165091,0.980325452706566,0.415,0.22,1,"13","BCG_treated","week44","IGRApos_BCG_44wk_vs_IGRAneg_BCG_44wk"
"GPR171",0.0310933962004446,1.10467259273308,0.249,0.116,1,"13","BCG_treated","week44","IGRApos_BCG_44wk_vs_IGRAneg_BCG_44wk"
"IRGQ",0.0311020349922433,-0.855692449996209,0.074,0.11,1,"13","BCG_treated","week44","IGRApos_BCG_44wk_vs_IGRAneg_BCG_44wk"
"ASB16-AS1",0.0312201862391205,-1.18474984601699,0.082,0.133,1,"13","BCG_treated","week44","IGRApos_BCG_44wk_vs_IGRAneg_BCG_44wk"
"AK2",0.0312832621918733,-0.402229060269546,0.291,0.266,1,"13","BCG_treated","week44","IGRApos_BCG_44wk_vs_IGRAneg_BCG_44wk"
"IST1",0.031323657509783,-0.394077099222887,0.481,0.445,1,"13","BCG_treated","week44","IGRApos_BCG_44wk_vs_IGRAneg_BCG_44wk"
"SIPA1L2",0.0313304337448341,0.909029277765712,0.135,0.058,1,"13","BCG_treated","week44","IGRApos_BCG_44wk_vs_IGRAneg_BCG_44wk"
"AHCYL2",0.0313520255059593,-0.300959260588722,0.481,0.422,1,"13","BCG_treated","week44","IGRApos_BCG_44wk_vs_IGRAneg_BCG_44wk"
"CACNB1",0.0313525553771017,-1.25498937813187,0.074,0.116,1,"13","BCG_treated","week44","IGRApos_BCG_44wk_vs_IGRAneg_BCG_44wk"
"MLH3",0.031411768050959,-0.416517823051788,0.27,0.22,1,"13","BCG_treated","week44","IGRApos_BCG_44wk_vs_IGRAneg_BCG_44wk"
"SYK",0.0314688349871638,-0.287339953928173,0.582,0.52,1,"13","BCG_treated","week44","IGRApos_BCG_44wk_vs_IGRAneg_BCG_44wk"
"ARPC1B",0.031487894469292,-0.263321232430688,0.455,0.387,1,"13","BCG_treated","week44","IGRApos_BCG_44wk_vs_IGRAneg_BCG_44wk"
"ORC5",0.031567520784103,-0.113846798555519,0.323,0.225,1,"13","BCG_treated","week44","IGRApos_BCG_44wk_vs_IGRAneg_BCG_44wk"
"FYTTD1",0.0315818218836361,-0.385490705170506,0.444,0.41,1,"13","BCG_treated","week44","IGRApos_BCG_44wk_vs_IGRAneg_BCG_44wk"
"STIMATE",0.0316341275532553,-0.701892420690113,0.254,0.26,1,"13","BCG_treated","week44","IGRApos_BCG_44wk_vs_IGRAneg_BCG_44wk"
"KLHDC3",0.0316353265706851,-0.408944519369099,0.183,0.139,1,"13","BCG_treated","week44","IGRApos_BCG_44wk_vs_IGRAneg_BCG_44wk"
"AKAP1",0.0316898810978398,-0.794151504917076,0.161,0.191,1,"13","BCG_treated","week44","IGRApos_BCG_44wk_vs_IGRAneg_BCG_44wk"
"SAMD9L",0.0317461016488356,0.649574720509204,0.664,0.486,1,"13","BCG_treated","week44","IGRApos_BCG_44wk_vs_IGRAneg_BCG_44wk"
"PRKAR1A",0.0318995725440523,0.186317927198435,0.839,0.653,1,"13","BCG_treated","week44","IGRApos_BCG_44wk_vs_IGRAneg_BCG_44wk"
"IVNS1ABP",0.0320591259819319,-0.621609628924194,0.526,0.497,1,"13","BCG_treated","week44","IGRApos_BCG_44wk_vs_IGRAneg_BCG_44wk"
"LIMK2",0.0321761747036421,0.861948369255598,0.299,0.173,1,"13","BCG_treated","week44","IGRApos_BCG_44wk_vs_IGRAneg_BCG_44wk"
"CSE1L",0.032308428712024,-0.39100179328322,0.299,0.277,1,"13","BCG_treated","week44","IGRApos_BCG_44wk_vs_IGRAneg_BCG_44wk"
"PTMA",0.0323651957063516,-0.242516276236142,0.849,0.763,1,"13","BCG_treated","week44","IGRApos_BCG_44wk_vs_IGRAneg_BCG_44wk"
"XYLT2",0.0324102644883571,0.977039238262682,0.146,0.058,1,"13","BCG_treated","week44","IGRApos_BCG_44wk_vs_IGRAneg_BCG_44wk"
"DHX36",0.0324347502579386,-0.151146152192986,0.738,0.607,1,"13","BCG_treated","week44","IGRApos_BCG_44wk_vs_IGRAneg_BCG_44wk"
"ZNF148",0.032489697968189,-0.219350277691671,0.841,0.798,1,"13","BCG_treated","week44","IGRApos_BCG_44wk_vs_IGRAneg_BCG_44wk"
"GORASP2",0.0324938438624615,0.221044031414661,0.333,0.202,1,"13","BCG_treated","week44","IGRApos_BCG_44wk_vs_IGRAneg_BCG_44wk"
"ARAP2",0.0324976910247662,0.210634369775772,0.995,0.965,1,"13","BCG_treated","week44","IGRApos_BCG_44wk_vs_IGRAneg_BCG_44wk"
"ABTB2",0.0325648988681111,0.519486305844059,0.423,0.237,1,"13","BCG_treated","week44","IGRApos_BCG_44wk_vs_IGRAneg_BCG_44wk"
"PIM2",0.0325802094845678,0.679094388366764,0.405,0.225,1,"13","BCG_treated","week44","IGRApos_BCG_44wk_vs_IGRAneg_BCG_44wk"
"ZFHX3",0.0326099109184045,-0.496086240362063,0.323,0.295,1,"13","BCG_treated","week44","IGRApos_BCG_44wk_vs_IGRAneg_BCG_44wk"
"UQCRB",0.0327098456959427,-1.08911208473005,0.119,0.191,1,"13","BCG_treated","week44","IGRApos_BCG_44wk_vs_IGRAneg_BCG_44wk"
"SUPV3L1",0.0328398276832545,-0.716157058915643,0.151,0.202,1,"13","BCG_treated","week44","IGRApos_BCG_44wk_vs_IGRAneg_BCG_44wk"
"RSF1",0.0328644451084449,-0.157942517664185,0.828,0.717,1,"13","BCG_treated","week44","IGRApos_BCG_44wk_vs_IGRAneg_BCG_44wk"
"POC5",0.0328870067290957,0.835564173457068,0.275,0.133,1,"13","BCG_treated","week44","IGRApos_BCG_44wk_vs_IGRAneg_BCG_44wk"
"PPTC7",0.0329818408015591,-0.376510314047522,0.37,0.393,1,"13","BCG_treated","week44","IGRApos_BCG_44wk_vs_IGRAneg_BCG_44wk"
"POLR1B",0.0329916060244258,-0.592986881978174,0.228,0.231,1,"13","BCG_treated","week44","IGRApos_BCG_44wk_vs_IGRAneg_BCG_44wk"
"XPC",0.0330135401601084,-0.356191166490861,0.447,0.376,1,"13","BCG_treated","week44","IGRApos_BCG_44wk_vs_IGRAneg_BCG_44wk"
"C19orf25",0.0330960758603053,-1.10229063312228,0.127,0.168,1,"13","BCG_treated","week44","IGRApos_BCG_44wk_vs_IGRAneg_BCG_44wk"
"STK38",0.0330990628347432,-0.131542303438667,0.765,0.647,1,"13","BCG_treated","week44","IGRApos_BCG_44wk_vs_IGRAneg_BCG_44wk"
"RNMT",0.0331473699684532,-0.221209732490436,0.336,0.277,1,"13","BCG_treated","week44","IGRApos_BCG_44wk_vs_IGRAneg_BCG_44wk"
"CBX3",0.0332916745517422,-0.408149198752972,0.394,0.422,1,"13","BCG_treated","week44","IGRApos_BCG_44wk_vs_IGRAneg_BCG_44wk"
"EIF2S2",0.0333526031356861,-0.324082108547223,0.405,0.341,1,"13","BCG_treated","week44","IGRApos_BCG_44wk_vs_IGRAneg_BCG_44wk"
"SRFBP1",0.0334113789960088,-0.487716048265984,0.28,0.295,1,"13","BCG_treated","week44","IGRApos_BCG_44wk_vs_IGRAneg_BCG_44wk"
"ATG4C",0.033426952543319,0.551528762041452,0.217,0.116,1,"13","BCG_treated","week44","IGRApos_BCG_44wk_vs_IGRAneg_BCG_44wk"
"ZNF653",0.0335825052006601,1.34954181866337,0.108,0.035,1,"13","BCG_treated","week44","IGRApos_BCG_44wk_vs_IGRAneg_BCG_44wk"
"TNFSF10",0.0336089381473958,0.230548231179457,0.786,0.613,1,"13","BCG_treated","week44","IGRApos_BCG_44wk_vs_IGRAneg_BCG_44wk"
"NAB1",0.0336359677491954,-0.314779897124089,0.389,0.341,1,"13","BCG_treated","week44","IGRApos_BCG_44wk_vs_IGRAneg_BCG_44wk"
"SINHCAF",0.0336570512527792,-0.250477003762282,0.484,0.405,1,"13","BCG_treated","week44","IGRApos_BCG_44wk_vs_IGRAneg_BCG_44wk"
"TBC1D5",0.0336912725494198,0.194042244473378,0.976,0.96,1,"13","BCG_treated","week44","IGRApos_BCG_44wk_vs_IGRAneg_BCG_44wk"
"ARSB",0.0338144484195645,-0.439999706269906,0.212,0.283,1,"13","BCG_treated","week44","IGRApos_BCG_44wk_vs_IGRAneg_BCG_44wk"
"PACS2",0.0338213160053271,-0.563081638920675,0.328,0.301,1,"13","BCG_treated","week44","IGRApos_BCG_44wk_vs_IGRAneg_BCG_44wk"
"PPP1CC",0.0338366996387676,0.59913289047607,0.352,0.202,1,"13","BCG_treated","week44","IGRApos_BCG_44wk_vs_IGRAneg_BCG_44wk"
"ZC3H12A",0.033860921738375,-0.37604585882665,0.347,0.301,1,"13","BCG_treated","week44","IGRApos_BCG_44wk_vs_IGRAneg_BCG_44wk"
"GLG1",0.0339017325092393,0.35314382583482,0.836,0.671,1,"13","BCG_treated","week44","IGRApos_BCG_44wk_vs_IGRAneg_BCG_44wk"
"MAP3K10",0.0339059116249938,-0.924925963455433,0.156,0.22,1,"13","BCG_treated","week44","IGRApos_BCG_44wk_vs_IGRAneg_BCG_44wk"
"TLNRD1",0.0339276828269627,-1.00991538575232,0.095,0.104,1,"13","BCG_treated","week44","IGRApos_BCG_44wk_vs_IGRAneg_BCG_44wk"
"CD244",0.0339964401732782,-0.531304573284289,0.46,0.514,1,"13","BCG_treated","week44","IGRApos_BCG_44wk_vs_IGRAneg_BCG_44wk"
"LRRC41",0.0340443875927421,0.337096050935144,0.373,0.214,1,"13","BCG_treated","week44","IGRApos_BCG_44wk_vs_IGRAneg_BCG_44wk"
"NARS1",0.0340531555239448,-0.451155676154838,0.397,0.405,1,"13","BCG_treated","week44","IGRApos_BCG_44wk_vs_IGRAneg_BCG_44wk"
"PAN3",0.0341650323402285,-0.253454636216288,0.886,0.821,1,"13","BCG_treated","week44","IGRApos_BCG_44wk_vs_IGRAneg_BCG_44wk"
"FHIP2A",0.0341844144298035,0.603539646239964,0.317,0.162,1,"13","BCG_treated","week44","IGRApos_BCG_44wk_vs_IGRAneg_BCG_44wk"
"LATS1",0.03427939140069,-0.321218549742554,0.558,0.48,1,"13","BCG_treated","week44","IGRApos_BCG_44wk_vs_IGRAneg_BCG_44wk"
"MRPL47",0.0343548046160302,-0.672402855441546,0.108,0.092,1,"13","BCG_treated","week44","IGRApos_BCG_44wk_vs_IGRAneg_BCG_44wk"
"FAM24B",0.0343550603819248,-0.343182167614402,0.063,0.104,1,"13","BCG_treated","week44","IGRApos_BCG_44wk_vs_IGRAneg_BCG_44wk"
"BICRA",0.0343641866719973,0.265684768279368,0.556,0.37,1,"13","BCG_treated","week44","IGRApos_BCG_44wk_vs_IGRAneg_BCG_44wk"
"GFOD1",0.0343891940418679,-0.184207283419962,0.54,0.451,1,"13","BCG_treated","week44","IGRApos_BCG_44wk_vs_IGRAneg_BCG_44wk"
"CCT3",0.0344791483316441,-0.470387634223286,0.317,0.353,1,"13","BCG_treated","week44","IGRApos_BCG_44wk_vs_IGRAneg_BCG_44wk"
"WASHC2C",0.034702408086024,0.771972659357649,0.328,0.162,1,"13","BCG_treated","week44","IGRApos_BCG_44wk_vs_IGRAneg_BCG_44wk"
"SLC10A7",0.0347154618210512,0.530139459675813,0.593,0.393,1,"13","BCG_treated","week44","IGRApos_BCG_44wk_vs_IGRAneg_BCG_44wk"
"GMFG",0.0347547686933496,-0.245523408918386,0.323,0.254,1,"13","BCG_treated","week44","IGRApos_BCG_44wk_vs_IGRAneg_BCG_44wk"
"C15orf48",0.0347904858143838,-0.74007613492395,0.177,0.15,1,"13","BCG_treated","week44","IGRApos_BCG_44wk_vs_IGRAneg_BCG_44wk"
"GPATCH2L",0.0348825674843535,-0.228796711523131,0.595,0.532,1,"13","BCG_treated","week44","IGRApos_BCG_44wk_vs_IGRAneg_BCG_44wk"
"CFLAR",0.0349379817096986,-0.237639123350131,0.907,0.896,1,"13","BCG_treated","week44","IGRApos_BCG_44wk_vs_IGRAneg_BCG_44wk"
"NOTCH1",0.0349443250877966,-0.481905328472531,0.548,0.578,1,"13","BCG_treated","week44","IGRApos_BCG_44wk_vs_IGRAneg_BCG_44wk"
"SREK1",0.0350003568198003,-0.35579401813434,0.632,0.595,1,"13","BCG_treated","week44","IGRApos_BCG_44wk_vs_IGRAneg_BCG_44wk"
"SCFD2",0.0350462645248061,-0.246419781388169,0.59,0.549,1,"13","BCG_treated","week44","IGRApos_BCG_44wk_vs_IGRAneg_BCG_44wk"
"SERF2",0.0351091891447335,-0.520176880015782,0.246,0.237,1,"13","BCG_treated","week44","IGRApos_BCG_44wk_vs_IGRAneg_BCG_44wk"
"CRYBG1",0.0351617587299947,-0.385106360968367,0.434,0.387,1,"13","BCG_treated","week44","IGRApos_BCG_44wk_vs_IGRAneg_BCG_44wk"
"REPIN1",0.0352435433031591,-0.876439902702717,0.135,0.156,1,"13","BCG_treated","week44","IGRApos_BCG_44wk_vs_IGRAneg_BCG_44wk"
"DHRS7",0.0352529275825911,-0.426229953407081,0.246,0.197,1,"13","BCG_treated","week44","IGRApos_BCG_44wk_vs_IGRAneg_BCG_44wk"
"YKT6",0.0352609238896769,-0.113654655129807,0.124,0.069,1,"13","BCG_treated","week44","IGRApos_BCG_44wk_vs_IGRAneg_BCG_44wk"
"SLC4A7",0.0354044885064988,-0.266278919598199,0.595,0.578,1,"13","BCG_treated","week44","IGRApos_BCG_44wk_vs_IGRAneg_BCG_44wk"
"PKP4",0.0354301635072321,-0.303102837443935,0.323,0.324,1,"13","BCG_treated","week44","IGRApos_BCG_44wk_vs_IGRAneg_BCG_44wk"
"SELL",0.0354331787571012,0.514967979774372,0.698,0.503,1,"13","BCG_treated","week44","IGRApos_BCG_44wk_vs_IGRAneg_BCG_44wk"
"TMEM65",0.0354441189318886,-0.379003058392015,0.265,0.208,1,"13","BCG_treated","week44","IGRApos_BCG_44wk_vs_IGRAneg_BCG_44wk"
"TOR1AIP1",0.0355416627202971,-0.435529444848095,0.349,0.37,1,"13","BCG_treated","week44","IGRApos_BCG_44wk_vs_IGRAneg_BCG_44wk"
"ZNF254",0.0356675983658019,-0.351956113770566,0.521,0.48,1,"13","BCG_treated","week44","IGRApos_BCG_44wk_vs_IGRAneg_BCG_44wk"
"ENSG00000261208",0.0356915113707124,0.361620629405478,0.251,0.15,1,"13","BCG_treated","week44","IGRApos_BCG_44wk_vs_IGRAneg_BCG_44wk"
"RALGAPA1",0.0357209369472539,0.329861462980218,0.881,0.769,1,"13","BCG_treated","week44","IGRApos_BCG_44wk_vs_IGRAneg_BCG_44wk"
"CIR1",0.0357312230056667,-0.444757982746328,0.405,0.422,1,"13","BCG_treated","week44","IGRApos_BCG_44wk_vs_IGRAneg_BCG_44wk"
"XIAP",0.0357824563872735,-0.333479571359878,0.455,0.399,1,"13","BCG_treated","week44","IGRApos_BCG_44wk_vs_IGRAneg_BCG_44wk"
"MTHFD1L",0.0358783647441933,-0.550909793373137,0.378,0.393,1,"13","BCG_treated","week44","IGRApos_BCG_44wk_vs_IGRAneg_BCG_44wk"
"SCAMP1",0.0359106249513417,-0.208440688938392,0.331,0.254,1,"13","BCG_treated","week44","IGRApos_BCG_44wk_vs_IGRAneg_BCG_44wk"
"IL4R",0.0359480484939634,0.23475924410726,0.886,0.734,1,"13","BCG_treated","week44","IGRApos_BCG_44wk_vs_IGRAneg_BCG_44wk"
"MMD",0.0360180626746943,0.258806129116105,0.339,0.214,1,"13","BCG_treated","week44","IGRApos_BCG_44wk_vs_IGRAneg_BCG_44wk"
"DEF6",0.0360441190318172,0.522943094117083,0.487,0.301,1,"13","BCG_treated","week44","IGRApos_BCG_44wk_vs_IGRAneg_BCG_44wk"
"ELL",0.0361411095202658,-0.425004474716261,0.503,0.526,1,"13","BCG_treated","week44","IGRApos_BCG_44wk_vs_IGRAneg_BCG_44wk"
"PILRA",0.0362796618006982,-0.781407316778674,0.116,0.127,1,"13","BCG_treated","week44","IGRApos_BCG_44wk_vs_IGRAneg_BCG_44wk"
"GCFC2",0.0362884420425816,0.188417604695088,0.206,0.116,1,"13","BCG_treated","week44","IGRApos_BCG_44wk_vs_IGRAneg_BCG_44wk"
"DOCK10",0.0363248572381601,0.139860826123591,0.981,0.977,1,"13","BCG_treated","week44","IGRApos_BCG_44wk_vs_IGRAneg_BCG_44wk"
"TXLNA",0.0363512447090929,-0.343193550835037,0.294,0.277,1,"13","BCG_treated","week44","IGRApos_BCG_44wk_vs_IGRAneg_BCG_44wk"
"TENT5C",0.036364207933695,1.04632580427536,0.32,0.156,1,"13","BCG_treated","week44","IGRApos_BCG_44wk_vs_IGRAneg_BCG_44wk"
"ABCF1",0.0363719673072798,-0.271549133236533,0.561,0.555,1,"13","BCG_treated","week44","IGRApos_BCG_44wk_vs_IGRAneg_BCG_44wk"
"PPP2R5D",0.0364289040242675,-0.631898389165584,0.183,0.145,1,"13","BCG_treated","week44","IGRApos_BCG_44wk_vs_IGRAneg_BCG_44wk"
"IMPG2",0.0364739493354661,-0.872255236759103,0.082,0.116,1,"13","BCG_treated","week44","IGRApos_BCG_44wk_vs_IGRAneg_BCG_44wk"
"PPP1R9A",0.0364930784162511,0.384107904672946,0.664,0.543,1,"13","BCG_treated","week44","IGRApos_BCG_44wk_vs_IGRAneg_BCG_44wk"
"IFT43",0.0366570011162625,-0.629460866349195,0.225,0.266,1,"13","BCG_treated","week44","IGRApos_BCG_44wk_vs_IGRAneg_BCG_44wk"
"ARHGAP45",0.0367626512169941,0.146920064973066,0.526,0.358,1,"13","BCG_treated","week44","IGRApos_BCG_44wk_vs_IGRAneg_BCG_44wk"
"ENPP3",0.0368002865155501,0.51932383469466,0.296,0.185,1,"13","BCG_treated","week44","IGRApos_BCG_44wk_vs_IGRAneg_BCG_44wk"
"ENSG00000291214",0.0368138390718332,-0.361310210291653,0.524,0.48,1,"13","BCG_treated","week44","IGRApos_BCG_44wk_vs_IGRAneg_BCG_44wk"
"GPR155",0.0368913009440142,0.709530937693239,0.23,0.116,1,"13","BCG_treated","week44","IGRApos_BCG_44wk_vs_IGRAneg_BCG_44wk"
"LCMT1",0.0370183466121458,-0.360472825061448,0.251,0.214,1,"13","BCG_treated","week44","IGRApos_BCG_44wk_vs_IGRAneg_BCG_44wk"
"WWC3",0.037074928517003,-0.147827896501178,0.405,0.289,1,"13","BCG_treated","week44","IGRApos_BCG_44wk_vs_IGRAneg_BCG_44wk"
"VAPA",0.0371958241781562,-0.256135197072683,0.529,0.457,1,"13","BCG_treated","week44","IGRApos_BCG_44wk_vs_IGRAneg_BCG_44wk"
"HCG17",0.0372191683567147,-0.780769978169645,0.19,0.202,1,"13","BCG_treated","week44","IGRApos_BCG_44wk_vs_IGRAneg_BCG_44wk"
"MTRES1",0.0372624297959593,0.683841778895619,0.143,0.064,1,"13","BCG_treated","week44","IGRApos_BCG_44wk_vs_IGRAneg_BCG_44wk"
"ZNF354A",0.0372833344972061,-0.895286380178072,0.161,0.179,1,"13","BCG_treated","week44","IGRApos_BCG_44wk_vs_IGRAneg_BCG_44wk"
"ZNF770",0.0373275606361094,-0.177019991049079,0.228,0.156,1,"13","BCG_treated","week44","IGRApos_BCG_44wk_vs_IGRAneg_BCG_44wk"
"P2RY11",0.0374546172598145,-0.976686545629765,0.093,0.11,1,"13","BCG_treated","week44","IGRApos_BCG_44wk_vs_IGRAneg_BCG_44wk"
"INPPL1",0.037569659699918,0.468831832889567,0.328,0.173,1,"13","BCG_treated","week44","IGRApos_BCG_44wk_vs_IGRAneg_BCG_44wk"
"ENSG00000285920",0.0376049632588274,0.176925962985774,0.46,0.295,1,"13","BCG_treated","week44","IGRApos_BCG_44wk_vs_IGRAneg_BCG_44wk"
"WDR43",0.0376450505349491,-0.480314953036275,0.46,0.48,1,"13","BCG_treated","week44","IGRApos_BCG_44wk_vs_IGRAneg_BCG_44wk"
"EIF3J",0.0377076294809838,-0.48981958401463,0.471,0.474,1,"13","BCG_treated","week44","IGRApos_BCG_44wk_vs_IGRAneg_BCG_44wk"
"PARP10",0.0380012536096335,0.421721201414761,0.159,0.081,1,"13","BCG_treated","week44","IGRApos_BCG_44wk_vs_IGRAneg_BCG_44wk"
"ARHGDIB",0.0380225024444564,-0.396179947586972,0.505,0.491,1,"13","BCG_treated","week44","IGRApos_BCG_44wk_vs_IGRAneg_BCG_44wk"
"ITGB1",0.03802342655939,0.121944272034082,0.799,0.624,1,"13","BCG_treated","week44","IGRApos_BCG_44wk_vs_IGRAneg_BCG_44wk"
"PCED1B-AS1",0.038036841057412,-0.835649613626101,0.124,0.11,1,"13","BCG_treated","week44","IGRApos_BCG_44wk_vs_IGRAneg_BCG_44wk"
"ENSG00000235419",0.0380471452890308,-1.18073748871124,0.063,0.116,1,"13","BCG_treated","week44","IGRApos_BCG_44wk_vs_IGRAneg_BCG_44wk"
"RPL23A",0.0380947700138344,-0.54552524409059,0.198,0.225,1,"13","BCG_treated","week44","IGRApos_BCG_44wk_vs_IGRAneg_BCG_44wk"
"PPM1L",0.0381780858872495,-0.540268331606303,0.188,0.277,1,"13","BCG_treated","week44","IGRApos_BCG_44wk_vs_IGRAneg_BCG_44wk"
"CD99",0.0382859167581176,-0.490371066526453,0.286,0.289,1,"13","BCG_treated","week44","IGRApos_BCG_44wk_vs_IGRAneg_BCG_44wk"
"NPHP3",0.038479054378834,0.564497997968762,0.325,0.249,1,"13","BCG_treated","week44","IGRApos_BCG_44wk_vs_IGRAneg_BCG_44wk"
"ZNF655",0.0384840439628996,-0.200611439785401,0.571,0.566,1,"13","BCG_treated","week44","IGRApos_BCG_44wk_vs_IGRAneg_BCG_44wk"
"ITGB2",0.0385222560618689,-0.533278668741452,0.349,0.364,1,"13","BCG_treated","week44","IGRApos_BCG_44wk_vs_IGRAneg_BCG_44wk"
"PLCH2",0.0385663179639734,1.18286768244735,0.13,0.052,1,"13","BCG_treated","week44","IGRApos_BCG_44wk_vs_IGRAneg_BCG_44wk"
"SEMA7A",0.0386255522510866,0.421258584418875,0.124,0.064,1,"13","BCG_treated","week44","IGRApos_BCG_44wk_vs_IGRAneg_BCG_44wk"
"SON",0.0386417975169762,-0.208093052633198,0.923,0.867,1,"13","BCG_treated","week44","IGRApos_BCG_44wk_vs_IGRAneg_BCG_44wk"
"GCLM",0.0386953643959799,-0.555333521235997,0.132,0.11,1,"13","BCG_treated","week44","IGRApos_BCG_44wk_vs_IGRAneg_BCG_44wk"
"TASOR2",0.0388090976463065,-0.272551529785265,0.754,0.711,1,"13","BCG_treated","week44","IGRApos_BCG_44wk_vs_IGRAneg_BCG_44wk"
"AIDA",0.0389535562287905,-0.585604132432316,0.238,0.231,1,"13","BCG_treated","week44","IGRApos_BCG_44wk_vs_IGRAneg_BCG_44wk"
"DPF2",0.0389821360201809,-0.659329138591723,0.22,0.225,1,"13","BCG_treated","week44","IGRApos_BCG_44wk_vs_IGRAneg_BCG_44wk"
"RTF1",0.0391043320359058,-0.423780905333216,0.492,0.468,1,"13","BCG_treated","week44","IGRApos_BCG_44wk_vs_IGRAneg_BCG_44wk"
"CUL5",0.039151284671752,-0.315883014011649,0.595,0.613,1,"13","BCG_treated","week44","IGRApos_BCG_44wk_vs_IGRAneg_BCG_44wk"
"TYK2",0.0392082414876973,-0.338248850861855,0.368,0.312,1,"13","BCG_treated","week44","IGRApos_BCG_44wk_vs_IGRAneg_BCG_44wk"
"PLPP1",0.0392287492124132,0.783677105291604,0.505,0.405,1,"13","BCG_treated","week44","IGRApos_BCG_44wk_vs_IGRAneg_BCG_44wk"
"MAN1A2",0.0394485782894691,-0.281944008139714,0.778,0.723,1,"13","BCG_treated","week44","IGRApos_BCG_44wk_vs_IGRAneg_BCG_44wk"
"GSTP1",0.0396685387493496,-1.03263912165187,0.095,0.127,1,"13","BCG_treated","week44","IGRApos_BCG_44wk_vs_IGRAneg_BCG_44wk"
"RAC1",0.0397581616455458,-0.49372349412548,0.267,0.254,1,"13","BCG_treated","week44","IGRApos_BCG_44wk_vs_IGRAneg_BCG_44wk"
"ABHD17A",0.0398124002785726,0.262890816377844,0.116,0.052,1,"13","BCG_treated","week44","IGRApos_BCG_44wk_vs_IGRAneg_BCG_44wk"
"RABL6",0.0399104702767648,-0.102253906568003,0.344,0.237,1,"13","BCG_treated","week44","IGRApos_BCG_44wk_vs_IGRAneg_BCG_44wk"
"GUSBP18",0.0400002256300441,-0.301407643784793,0.254,0.202,1,"13","BCG_treated","week44","IGRApos_BCG_44wk_vs_IGRAneg_BCG_44wk"
"ARHGEF18",0.040000572474532,0.40295881351455,0.392,0.243,1,"13","BCG_treated","week44","IGRApos_BCG_44wk_vs_IGRAneg_BCG_44wk"
"NCK1",0.0400239742669067,-0.181531536496053,0.616,0.497,1,"13","BCG_treated","week44","IGRApos_BCG_44wk_vs_IGRAneg_BCG_44wk"
"ENSG00000284634",0.0400640915211618,0.350958061887811,0.492,0.306,1,"13","BCG_treated","week44","IGRApos_BCG_44wk_vs_IGRAneg_BCG_44wk"
"MAN1C1",0.0402085883937927,-0.72720272309671,0.167,0.208,1,"13","BCG_treated","week44","IGRApos_BCG_44wk_vs_IGRAneg_BCG_44wk"
"YY1AP1",0.0402540745432898,-0.400207574512171,0.503,0.468,1,"13","BCG_treated","week44","IGRApos_BCG_44wk_vs_IGRAneg_BCG_44wk"
"WRAP73",0.0403288701625111,0.455709068991031,0.135,0.064,1,"13","BCG_treated","week44","IGRApos_BCG_44wk_vs_IGRAneg_BCG_44wk"
"LMAN1",0.0403751678684319,-0.420871527432504,0.341,0.272,1,"13","BCG_treated","week44","IGRApos_BCG_44wk_vs_IGRAneg_BCG_44wk"
"ENSG00000262879",0.0404151468676949,-0.411573566832576,0.381,0.399,1,"13","BCG_treated","week44","IGRApos_BCG_44wk_vs_IGRAneg_BCG_44wk"
"FAM210A",0.0405103656434271,-0.653419565366366,0.27,0.295,1,"13","BCG_treated","week44","IGRApos_BCG_44wk_vs_IGRAneg_BCG_44wk"
"RNF139",0.0405872635640648,-0.379492120165402,0.103,0.069,1,"13","BCG_treated","week44","IGRApos_BCG_44wk_vs_IGRAneg_BCG_44wk"
"OSGEP",0.04060865989601,0.237536309378055,0.235,0.133,1,"13","BCG_treated","week44","IGRApos_BCG_44wk_vs_IGRAneg_BCG_44wk"
"FAM172A",0.0406871870085394,-0.224067367894971,0.892,0.861,1,"13","BCG_treated","week44","IGRApos_BCG_44wk_vs_IGRAneg_BCG_44wk"
"POLE3",0.0407211739556651,0.179549729714783,0.151,0.075,1,"13","BCG_treated","week44","IGRApos_BCG_44wk_vs_IGRAneg_BCG_44wk"
"CNOT6",0.0407672554922615,-0.259744366997911,0.434,0.393,1,"13","BCG_treated","week44","IGRApos_BCG_44wk_vs_IGRAneg_BCG_44wk"
"ENSG00000227678",0.0408447626749082,0.833588524779605,0.275,0.145,1,"13","BCG_treated","week44","IGRApos_BCG_44wk_vs_IGRAneg_BCG_44wk"
"CTSS",0.0411911354899297,0.500315154989004,0.394,0.231,1,"13","BCG_treated","week44","IGRApos_BCG_44wk_vs_IGRAneg_BCG_44wk"
"RAB10",0.0413983671403857,-0.411676086584299,0.704,0.694,1,"13","BCG_treated","week44","IGRApos_BCG_44wk_vs_IGRAneg_BCG_44wk"
"RAB11FIP1",0.0414999076132558,-0.714591300267837,0.394,0.393,1,"13","BCG_treated","week44","IGRApos_BCG_44wk_vs_IGRAneg_BCG_44wk"
"SNHG12",0.0415890156249252,-0.906775933899,0.098,0.15,1,"13","BCG_treated","week44","IGRApos_BCG_44wk_vs_IGRAneg_BCG_44wk"
"UTP23",0.041645147186013,-0.800398314720623,0.204,0.237,1,"13","BCG_treated","week44","IGRApos_BCG_44wk_vs_IGRAneg_BCG_44wk"
"TPM3",0.0417187786893537,-0.202969698601523,0.741,0.63,1,"13","BCG_treated","week44","IGRApos_BCG_44wk_vs_IGRAneg_BCG_44wk"
"ADAM10",0.0417616621964897,0.364305182817853,0.892,0.734,1,"13","BCG_treated","week44","IGRApos_BCG_44wk_vs_IGRAneg_BCG_44wk"
"PPP1CA",0.041863400360146,-0.380266486492307,0.251,0.231,1,"13","BCG_treated","week44","IGRApos_BCG_44wk_vs_IGRAneg_BCG_44wk"
"MMAA",0.0418740261846299,-0.970726143744002,0.066,0.11,1,"13","BCG_treated","week44","IGRApos_BCG_44wk_vs_IGRAneg_BCG_44wk"
"FHIP2B",0.0418758477394096,-0.660107765681195,0.127,0.092,1,"13","BCG_treated","week44","IGRApos_BCG_44wk_vs_IGRAneg_BCG_44wk"
"ENSG00000261386",0.0419910208296206,-0.920043648282479,0.079,0.116,1,"13","BCG_treated","week44","IGRApos_BCG_44wk_vs_IGRAneg_BCG_44wk"
"SLC38A4-AS1",0.0420350219504309,0.382674632474395,0.508,0.364,1,"13","BCG_treated","week44","IGRApos_BCG_44wk_vs_IGRAneg_BCG_44wk"
"PDE4DIPP2",0.0420548896771457,-0.548200687752955,0.331,0.301,1,"13","BCG_treated","week44","IGRApos_BCG_44wk_vs_IGRAneg_BCG_44wk"
"NSD2",0.0420575616185698,-0.170709414569247,0.505,0.468,1,"13","BCG_treated","week44","IGRApos_BCG_44wk_vs_IGRAneg_BCG_44wk"
"CNOT6L",0.0420974314924292,0.410597676807903,0.873,0.757,1,"13","BCG_treated","week44","IGRApos_BCG_44wk_vs_IGRAneg_BCG_44wk"
"NFATC2IP",0.0423181301614589,-0.425606252227518,0.466,0.445,1,"13","BCG_treated","week44","IGRApos_BCG_44wk_vs_IGRAneg_BCG_44wk"
"SLC41A2",0.0424683159950377,-0.754819391890782,0.18,0.179,1,"13","BCG_treated","week44","IGRApos_BCG_44wk_vs_IGRAneg_BCG_44wk"
"GTPBP4",0.0425802138702102,-0.404394440113216,0.368,0.312,1,"13","BCG_treated","week44","IGRApos_BCG_44wk_vs_IGRAneg_BCG_44wk"
"ALOX5AP",0.0426497108265581,-1.1502867325828,0.087,0.133,1,"13","BCG_treated","week44","IGRApos_BCG_44wk_vs_IGRAneg_BCG_44wk"
"ABHD5",0.0429655912428074,-0.871021283514169,0.138,0.145,1,"13","BCG_treated","week44","IGRApos_BCG_44wk_vs_IGRAneg_BCG_44wk"
"ASMTL-AS1",0.0430017016888699,1.17325505006823,0.188,0.081,1,"13","BCG_treated","week44","IGRApos_BCG_44wk_vs_IGRAneg_BCG_44wk"
"LITAF",0.0430696501742549,0.703151659382807,0.524,0.353,1,"13","BCG_treated","week44","IGRApos_BCG_44wk_vs_IGRAneg_BCG_44wk"
"SP100",0.0431120793399039,0.242771541159554,0.968,0.908,1,"13","BCG_treated","week44","IGRApos_BCG_44wk_vs_IGRAneg_BCG_44wk"
"AUTS2",0.0432201452426121,-0.239539636722824,0.899,0.884,1,"13","BCG_treated","week44","IGRApos_BCG_44wk_vs_IGRAneg_BCG_44wk"
"ELOVL1",0.0432689619869215,0.698365111283676,0.119,0.046,1,"13","BCG_treated","week44","IGRApos_BCG_44wk_vs_IGRAneg_BCG_44wk"
"FCGBP",0.0432917929974394,-0.200694680845079,0.108,0.069,1,"13","BCG_treated","week44","IGRApos_BCG_44wk_vs_IGRAneg_BCG_44wk"
"CCSER2",0.0433285839336224,0.253803089564327,0.937,0.832,1,"13","BCG_treated","week44","IGRApos_BCG_44wk_vs_IGRAneg_BCG_44wk"
"FAM50A",0.0433421761310716,0.377557550699889,0.172,0.087,1,"13","BCG_treated","week44","IGRApos_BCG_44wk_vs_IGRAneg_BCG_44wk"
"ENSG00000291100",0.0433462292759717,-0.601972691414085,0.122,0.11,1,"13","BCG_treated","week44","IGRApos_BCG_44wk_vs_IGRAneg_BCG_44wk"
"GABPB2",0.0433505118899997,0.745759521195726,0.251,0.127,1,"13","BCG_treated","week44","IGRApos_BCG_44wk_vs_IGRAneg_BCG_44wk"
"USP24",0.0433877746250358,-0.268296624637099,0.741,0.694,1,"13","BCG_treated","week44","IGRApos_BCG_44wk_vs_IGRAneg_BCG_44wk"
"ZNF354B",0.0433966583964298,-0.411093144150195,0.217,0.168,1,"13","BCG_treated","week44","IGRApos_BCG_44wk_vs_IGRAneg_BCG_44wk"
"ZNF155",0.0434664541562011,-0.806395749331843,0.13,0.116,1,"13","BCG_treated","week44","IGRApos_BCG_44wk_vs_IGRAneg_BCG_44wk"
"CAPNS1",0.043467528932422,-0.472561568362872,0.201,0.185,1,"13","BCG_treated","week44","IGRApos_BCG_44wk_vs_IGRAneg_BCG_44wk"
"CACYBP",0.0435021315422741,-1.1116539388395,0.108,0.139,1,"13","BCG_treated","week44","IGRApos_BCG_44wk_vs_IGRAneg_BCG_44wk"
"HECA",0.0435244690478703,-0.216599872720273,0.378,0.329,1,"13","BCG_treated","week44","IGRApos_BCG_44wk_vs_IGRAneg_BCG_44wk"
"SLC35F1",0.04356854196915,-0.944307499746673,0.09,0.11,1,"13","BCG_treated","week44","IGRApos_BCG_44wk_vs_IGRAneg_BCG_44wk"
"WBP1L",0.0436355733993736,0.627606725962887,0.59,0.405,1,"13","BCG_treated","week44","IGRApos_BCG_44wk_vs_IGRAneg_BCG_44wk"
"SEC14L1",0.0436493556006037,0.453132401233646,0.82,0.636,1,"13","BCG_treated","week44","IGRApos_BCG_44wk_vs_IGRAneg_BCG_44wk"
"BMS1P4",0.0437801856328421,-1.25623877838781,0.079,0.11,1,"13","BCG_treated","week44","IGRApos_BCG_44wk_vs_IGRAneg_BCG_44wk"
"CDK8",0.043813913408717,-0.406467691082757,0.521,0.509,1,"13","BCG_treated","week44","IGRApos_BCG_44wk_vs_IGRAneg_BCG_44wk"
"SMAP2",0.0438178755335628,0.430930900304407,0.899,0.769,1,"13","BCG_treated","week44","IGRApos_BCG_44wk_vs_IGRAneg_BCG_44wk"
"SLC66A2",0.0438958122645658,-0.263177721278081,0.138,0.092,1,"13","BCG_treated","week44","IGRApos_BCG_44wk_vs_IGRAneg_BCG_44wk"
"TTLL5",0.0439385689531075,-0.368055712343584,0.415,0.439,1,"13","BCG_treated","week44","IGRApos_BCG_44wk_vs_IGRAneg_BCG_44wk"
"HPCAL1",0.0439483026110044,-0.116873696139694,0.307,0.231,1,"13","BCG_treated","week44","IGRApos_BCG_44wk_vs_IGRAneg_BCG_44wk"
"ARL4C",0.0441927784947149,-0.435676574690597,0.439,0.416,1,"13","BCG_treated","week44","IGRApos_BCG_44wk_vs_IGRAneg_BCG_44wk"
"SLC25A26",0.0442292155509862,-0.361205143741667,0.442,0.422,1,"13","BCG_treated","week44","IGRApos_BCG_44wk_vs_IGRAneg_BCG_44wk"
"RIC8A",0.0443057078569626,-0.362076188806704,0.172,0.15,1,"13","BCG_treated","week44","IGRApos_BCG_44wk_vs_IGRAneg_BCG_44wk"
"CHST2",0.0444411233962379,1.25376077855824,0.143,0.052,1,"13","BCG_treated","week44","IGRApos_BCG_44wk_vs_IGRAneg_BCG_44wk"
"ACBD4",0.0445177711370344,0.823415116620885,0.132,0.052,1,"13","BCG_treated","week44","IGRApos_BCG_44wk_vs_IGRAneg_BCG_44wk"
"PIP4P1",0.0446585932107311,-0.334848372932632,0.114,0.075,1,"13","BCG_treated","week44","IGRApos_BCG_44wk_vs_IGRAneg_BCG_44wk"
"DTWD1",0.0446934739930803,1.05570072986272,0.185,0.075,1,"13","BCG_treated","week44","IGRApos_BCG_44wk_vs_IGRAneg_BCG_44wk"
"ENSG00000237356",0.0446940930483171,-0.226566471221781,0.204,0.145,1,"13","BCG_treated","week44","IGRApos_BCG_44wk_vs_IGRAneg_BCG_44wk"
"CCNL1",0.0447737189454327,0.222038867469612,0.608,0.434,1,"13","BCG_treated","week44","IGRApos_BCG_44wk_vs_IGRAneg_BCG_44wk"
"PARVG",0.044893248479933,-0.2810355133725,0.272,0.22,1,"13","BCG_treated","week44","IGRApos_BCG_44wk_vs_IGRAneg_BCG_44wk"
"NFE2L1",0.0449258370466494,-0.714308395315579,0.241,0.272,1,"13","BCG_treated","week44","IGRApos_BCG_44wk_vs_IGRAneg_BCG_44wk"
"TPM4",0.0449879394580269,-0.219866117430017,0.394,0.301,1,"13","BCG_treated","week44","IGRApos_BCG_44wk_vs_IGRAneg_BCG_44wk"
"TNFSF4",0.0450320885588992,-0.127206875639197,0.307,0.225,1,"13","BCG_treated","week44","IGRApos_BCG_44wk_vs_IGRAneg_BCG_44wk"
"TP53I13",0.0450857228254879,0.863189513282542,0.101,0.035,1,"13","BCG_treated","week44","IGRApos_BCG_44wk_vs_IGRAneg_BCG_44wk"
"RSPRY1",0.0451107808222874,-0.391073373487498,0.336,0.295,1,"13","BCG_treated","week44","IGRApos_BCG_44wk_vs_IGRAneg_BCG_44wk"
"ZMYM4",0.0451895705909344,-0.206850539941142,0.69,0.642,1,"13","BCG_treated","week44","IGRApos_BCG_44wk_vs_IGRAneg_BCG_44wk"
"AKAP8L",0.0452712752482658,-0.224933981297394,0.505,0.439,1,"13","BCG_treated","week44","IGRApos_BCG_44wk_vs_IGRAneg_BCG_44wk"
"RPAP2",0.0454737862880742,-0.187883538880651,0.757,0.717,1,"13","BCG_treated","week44","IGRApos_BCG_44wk_vs_IGRAneg_BCG_44wk"
"MLYCD",0.0455061894560404,0.357449222934337,0.392,0.237,1,"13","BCG_treated","week44","IGRApos_BCG_44wk_vs_IGRAneg_BCG_44wk"
"MTRFR",0.0456217610168177,-0.416938387162497,0.18,0.15,1,"13","BCG_treated","week44","IGRApos_BCG_44wk_vs_IGRAneg_BCG_44wk"
"ACOX1",0.0456470105774222,0.155720484834263,0.225,0.139,1,"13","BCG_treated","week44","IGRApos_BCG_44wk_vs_IGRAneg_BCG_44wk"
"RRP15",0.0456810385812705,-0.723033833167302,0.164,0.197,1,"13","BCG_treated","week44","IGRApos_BCG_44wk_vs_IGRAneg_BCG_44wk"
"CD300A",0.0458157903865326,0.220676310878686,0.738,0.705,1,"13","BCG_treated","week44","IGRApos_BCG_44wk_vs_IGRAneg_BCG_44wk"
"ATG2B",0.0458191559688752,0.350811544286311,0.545,0.364,1,"13","BCG_treated","week44","IGRApos_BCG_44wk_vs_IGRAneg_BCG_44wk"
"SKP1",0.0458559191163971,-0.225714264965491,0.458,0.382,1,"13","BCG_treated","week44","IGRApos_BCG_44wk_vs_IGRAneg_BCG_44wk"
"HECTD2",0.0459648676752774,-1.2482911038075,0.063,0.11,1,"13","BCG_treated","week44","IGRApos_BCG_44wk_vs_IGRAneg_BCG_44wk"
"MBD2",0.0459712604062646,-0.243217561456796,0.418,0.335,1,"13","BCG_treated","week44","IGRApos_BCG_44wk_vs_IGRAneg_BCG_44wk"
"FBXO25",0.0460354280057196,-0.546277138221613,0.228,0.237,1,"13","BCG_treated","week44","IGRApos_BCG_44wk_vs_IGRAneg_BCG_44wk"
"POLDIP3",0.0460449864001473,-0.138286184408123,0.288,0.214,1,"13","BCG_treated","week44","IGRApos_BCG_44wk_vs_IGRAneg_BCG_44wk"
"MEF2A",0.0462325374223617,-0.139214452935061,0.833,0.746,1,"13","BCG_treated","week44","IGRApos_BCG_44wk_vs_IGRAneg_BCG_44wk"
"APLF",0.0463402313751614,-0.460455742257207,0.265,0.26,1,"13","BCG_treated","week44","IGRApos_BCG_44wk_vs_IGRAneg_BCG_44wk"
"GLUL",0.0463495759300174,-0.188110322245755,0.122,0.081,1,"13","BCG_treated","week44","IGRApos_BCG_44wk_vs_IGRAneg_BCG_44wk"
"ETFB",0.0465683754151382,-0.309187445384411,0.198,0.145,1,"13","BCG_treated","week44","IGRApos_BCG_44wk_vs_IGRAneg_BCG_44wk"
"LYST",0.0466143610363923,0.135930058464846,0.984,0.983,1,"13","BCG_treated","week44","IGRApos_BCG_44wk_vs_IGRAneg_BCG_44wk"
"PTBP1",0.0466480358858448,-0.469349602742485,0.317,0.318,1,"13","BCG_treated","week44","IGRApos_BCG_44wk_vs_IGRAneg_BCG_44wk"
"NIPBL-DT",0.0466698341330068,-0.146393207072433,0.103,0.058,1,"13","BCG_treated","week44","IGRApos_BCG_44wk_vs_IGRAneg_BCG_44wk"
"PLEKHA2",0.0468355679589005,0.36658151014198,0.881,0.723,1,"13","BCG_treated","week44","IGRApos_BCG_44wk_vs_IGRAneg_BCG_44wk"
"GPX4",0.0469515684137281,-1.29719867707174,0.085,0.121,1,"13","BCG_treated","week44","IGRApos_BCG_44wk_vs_IGRAneg_BCG_44wk"
"SIN3A",0.0470036495578011,-0.248609070575174,0.548,0.48,1,"13","BCG_treated","week44","IGRApos_BCG_44wk_vs_IGRAneg_BCG_44wk"
"ZNF226",0.0470231671802661,0.179622268093445,0.209,0.121,1,"13","BCG_treated","week44","IGRApos_BCG_44wk_vs_IGRAneg_BCG_44wk"
"ORAI2",0.0471478679977835,-0.357633898124965,0.415,0.364,1,"13","BCG_treated","week44","IGRApos_BCG_44wk_vs_IGRAneg_BCG_44wk"
"SREK1IP1",0.0472063326072122,-0.327282863257393,0.275,0.225,1,"13","BCG_treated","week44","IGRApos_BCG_44wk_vs_IGRAneg_BCG_44wk"
"PDE4B",0.0472557824515886,0.285660117685751,0.772,0.572,1,"13","BCG_treated","week44","IGRApos_BCG_44wk_vs_IGRAneg_BCG_44wk"
"NEDD4",0.0472794527092751,0.617074567279524,0.349,0.202,1,"13","BCG_treated","week44","IGRApos_BCG_44wk_vs_IGRAneg_BCG_44wk"
"ENSG00000291207",0.0473177428599423,0.892663966470841,0.13,0.046,1,"13","BCG_treated","week44","IGRApos_BCG_44wk_vs_IGRAneg_BCG_44wk"
"ZNF654",0.0473743626521103,-0.37207819624333,0.455,0.468,1,"13","BCG_treated","week44","IGRApos_BCG_44wk_vs_IGRAneg_BCG_44wk"
"PTP4A2",0.0475220570308619,-0.181106613775772,0.601,0.601,1,"13","BCG_treated","week44","IGRApos_BCG_44wk_vs_IGRAneg_BCG_44wk"
"RPIA",0.0475340907964179,-0.655284075277761,0.175,0.197,1,"13","BCG_treated","week44","IGRApos_BCG_44wk_vs_IGRAneg_BCG_44wk"
"CAMKK2",0.0476568719971649,-0.607234776608847,0.204,0.231,1,"13","BCG_treated","week44","IGRApos_BCG_44wk_vs_IGRAneg_BCG_44wk"
"PSAP",0.0478593104629015,-0.320523466346761,0.323,0.272,1,"13","BCG_treated","week44","IGRApos_BCG_44wk_vs_IGRAneg_BCG_44wk"
"CCAR1",0.0479437594874321,-0.267062245860635,0.722,0.682,1,"13","BCG_treated","week44","IGRApos_BCG_44wk_vs_IGRAneg_BCG_44wk"
"LCORL",0.0479947737776871,-0.164915329827426,0.72,0.705,1,"13","BCG_treated","week44","IGRApos_BCG_44wk_vs_IGRAneg_BCG_44wk"
"PRH1",0.0481283316436205,-0.633950127766402,0.315,0.324,1,"13","BCG_treated","week44","IGRApos_BCG_44wk_vs_IGRAneg_BCG_44wk"
"SURF6",0.0482361812638786,-0.594693409291692,0.108,0.156,1,"13","BCG_treated","week44","IGRApos_BCG_44wk_vs_IGRAneg_BCG_44wk"
"PPIG",0.0482982057863483,-0.409117400824424,0.563,0.566,1,"13","BCG_treated","week44","IGRApos_BCG_44wk_vs_IGRAneg_BCG_44wk"
"DCLRE1C",0.0484270852395037,-0.298977891145923,0.357,0.312,1,"13","BCG_treated","week44","IGRApos_BCG_44wk_vs_IGRAneg_BCG_44wk"
"ATAD5",0.0484724875125411,-0.1222108869878,0.156,0.104,1,"13","BCG_treated","week44","IGRApos_BCG_44wk_vs_IGRAneg_BCG_44wk"
"TTC12",0.0486067281913345,0.916957506486987,0.151,0.081,1,"13","BCG_treated","week44","IGRApos_BCG_44wk_vs_IGRAneg_BCG_44wk"
"GAPDH",0.048728275037996,-0.280364437740372,0.378,0.353,1,"13","BCG_treated","week44","IGRApos_BCG_44wk_vs_IGRAneg_BCG_44wk"
"SERBP1",0.0489022444027409,-0.256809663336512,0.754,0.676,1,"13","BCG_treated","week44","IGRApos_BCG_44wk_vs_IGRAneg_BCG_44wk"
"ADD1",0.0489181916298443,-0.208768002920613,0.759,0.671,1,"13","BCG_treated","week44","IGRApos_BCG_44wk_vs_IGRAneg_BCG_44wk"
"RAB14",0.0489506700563971,-0.33774498381954,0.46,0.399,1,"13","BCG_treated","week44","IGRApos_BCG_44wk_vs_IGRAneg_BCG_44wk"
"ZNF609",0.0490019629975653,-0.209723560414732,0.799,0.775,1,"13","BCG_treated","week44","IGRApos_BCG_44wk_vs_IGRAneg_BCG_44wk"
"METTL23",0.0490075265594672,-1.15264230765365,0.071,0.104,1,"13","BCG_treated","week44","IGRApos_BCG_44wk_vs_IGRAneg_BCG_44wk"
"ADAP1",0.0490717949656252,-0.152216894122828,0.169,0.22,1,"13","BCG_treated","week44","IGRApos_BCG_44wk_vs_IGRAneg_BCG_44wk"
"LRMDA",0.0491101403890222,-0.371016772180887,0.267,0.231,1,"13","BCG_treated","week44","IGRApos_BCG_44wk_vs_IGRAneg_BCG_44wk"
"YJEFN3",0.0491179337937799,0.928909966379933,0.103,0.035,1,"13","BCG_treated","week44","IGRApos_BCG_44wk_vs_IGRAneg_BCG_44wk"
"CDK11A",0.0491558020069503,0.57183887559009,0.426,0.26,1,"13","BCG_treated","week44","IGRApos_BCG_44wk_vs_IGRAneg_BCG_44wk"
"RHOXF1",0.0491718045125008,-0.760233753455553,0.164,0.191,1,"13","BCG_treated","week44","IGRApos_BCG_44wk_vs_IGRAneg_BCG_44wk"
"H1-4",0.0492595536174829,-0.728354255328335,0.132,0.168,1,"13","BCG_treated","week44","IGRApos_BCG_44wk_vs_IGRAneg_BCG_44wk"
"NFIX",0.0493220148590949,0.889540027649204,0.13,0.052,1,"13","BCG_treated","week44","IGRApos_BCG_44wk_vs_IGRAneg_BCG_44wk"
"PGPEP1",0.0493232970381535,-0.513773205646338,0.233,0.237,1,"13","BCG_treated","week44","IGRApos_BCG_44wk_vs_IGRAneg_BCG_44wk"
"ZC3H15",0.0494181097367519,-0.50316165512597,0.376,0.382,1,"13","BCG_treated","week44","IGRApos_BCG_44wk_vs_IGRAneg_BCG_44wk"
"NFU1",0.0494395413512193,0.415936573865878,0.288,0.156,1,"13","BCG_treated","week44","IGRApos_BCG_44wk_vs_IGRAneg_BCG_44wk"
"TRAP1",0.049533677739294,-0.198794512882136,0.275,0.214,1,"13","BCG_treated","week44","IGRApos_BCG_44wk_vs_IGRAneg_BCG_44wk"
"ENSG00000272368",0.0495907405528268,0.390111882652571,0.201,0.104,1,"13","BCG_treated","week44","IGRApos_BCG_44wk_vs_IGRAneg_BCG_44wk"
"ERCC8",0.0495911918232527,-0.233012944472967,0.265,0.197,1,"13","BCG_treated","week44","IGRApos_BCG_44wk_vs_IGRAneg_BCG_44wk"
"FAM91A1",0.0496151794345753,-0.328082605634904,0.431,0.416,1,"13","BCG_treated","week44","IGRApos_BCG_44wk_vs_IGRAneg_BCG_44wk"
"PPIA",0.0499349272003422,-0.43175773846779,0.344,0.335,1,"13","BCG_treated","week44","IGRApos_BCG_44wk_vs_IGRAneg_BCG_44wk"
"EHD1",0.0499387026302829,-0.289855450057044,0.577,0.549,1,"13","BCG_treated","week44","IGRApos_BCG_44wk_vs_IGRAneg_BCG_44wk"
"MITD1",0.0500629246781463,-0.416240236269139,0.228,0.202,1,"13","BCG_treated","week44","IGRApos_BCG_44wk_vs_IGRAneg_BCG_44wk"
"ELMO1",0.0500685999612189,0.159225752514923,0.857,0.705,1,"13","BCG_treated","week44","IGRApos_BCG_44wk_vs_IGRAneg_BCG_44wk"
"TBC1D19",0.0500692943453734,0.328064761066393,0.251,0.145,1,"13","BCG_treated","week44","IGRApos_BCG_44wk_vs_IGRAneg_BCG_44wk"
"IFT88",0.0502450226174916,-0.546833247761067,0.206,0.26,1,"13","BCG_treated","week44","IGRApos_BCG_44wk_vs_IGRAneg_BCG_44wk"
"MAFK",0.0503136142571568,0.353027094961588,0.111,0.052,1,"13","BCG_treated","week44","IGRApos_BCG_44wk_vs_IGRAneg_BCG_44wk"
"CEP350",0.0503476612633657,-0.176525399067857,0.831,0.838,1,"13","BCG_treated","week44","IGRApos_BCG_44wk_vs_IGRAneg_BCG_44wk"
"NUP58",0.0503907941625671,-0.288131733558808,0.423,0.358,1,"13","BCG_treated","week44","IGRApos_BCG_44wk_vs_IGRAneg_BCG_44wk"
"KYAT3",0.0503959670272757,0.355661611202075,0.431,0.272,1,"13","BCG_treated","week44","IGRApos_BCG_44wk_vs_IGRAneg_BCG_44wk"
"SUB1",0.0504822682420189,-0.436094536836788,0.299,0.335,1,"13","BCG_treated","week44","IGRApos_BCG_44wk_vs_IGRAneg_BCG_44wk"
"GRINA",0.0504917285452646,-0.112915324599323,0.175,0.116,1,"13","BCG_treated","week44","IGRApos_BCG_44wk_vs_IGRAneg_BCG_44wk"
"GALNT7",0.0504944758278527,-0.409091185135496,0.471,0.439,1,"13","BCG_treated","week44","IGRApos_BCG_44wk_vs_IGRAneg_BCG_44wk"
"BRCA1",0.0506227485741521,-0.417813691547089,0.233,0.22,1,"13","BCG_treated","week44","IGRApos_BCG_44wk_vs_IGRAneg_BCG_44wk"
"DSCAML1",0.0506439441782659,-0.31764704324178,0.069,0.116,1,"13","BCG_treated","week44","IGRApos_BCG_44wk_vs_IGRAneg_BCG_44wk"
"TRRAP",0.0506818978119184,0.292564578103573,0.836,0.665,1,"13","BCG_treated","week44","IGRApos_BCG_44wk_vs_IGRAneg_BCG_44wk"
"GTF2E2",0.0508069594254332,-0.208053650182658,0.397,0.324,1,"13","BCG_treated","week44","IGRApos_BCG_44wk_vs_IGRAneg_BCG_44wk"
"DDHD1",0.05103474976137,-0.23900765898709,0.561,0.503,1,"13","BCG_treated","week44","IGRApos_BCG_44wk_vs_IGRAneg_BCG_44wk"
"CDV3",0.0511306857226933,-0.38879918390719,0.347,0.37,1,"13","BCG_treated","week44","IGRApos_BCG_44wk_vs_IGRAneg_BCG_44wk"
"UBE2I",0.0512540847076063,-0.359742615221782,0.381,0.329,1,"13","BCG_treated","week44","IGRApos_BCG_44wk_vs_IGRAneg_BCG_44wk"
"COG1",0.0513524923447275,-0.824701939355675,0.167,0.191,1,"13","BCG_treated","week44","IGRApos_BCG_44wk_vs_IGRAneg_BCG_44wk"
"BCL2L2",0.0514013721549511,-0.761907356024339,0.114,0.121,1,"13","BCG_treated","week44","IGRApos_BCG_44wk_vs_IGRAneg_BCG_44wk"
"NECAP1",0.0514187386189452,-0.483442881599853,0.164,0.197,1,"13","BCG_treated","week44","IGRApos_BCG_44wk_vs_IGRAneg_BCG_44wk"
"EIF5B",0.0514362120602108,-0.344462733532905,0.627,0.607,1,"13","BCG_treated","week44","IGRApos_BCG_44wk_vs_IGRAneg_BCG_44wk"
"PTGES3",0.0515523939602775,-0.337621318234228,0.394,0.341,1,"13","BCG_treated","week44","IGRApos_BCG_44wk_vs_IGRAneg_BCG_44wk"
"HERC1",0.0516380797860757,-0.129911350572645,0.905,0.821,1,"13","BCG_treated","week44","IGRApos_BCG_44wk_vs_IGRAneg_BCG_44wk"
"GDI2",0.051684578680132,-0.25093067892257,0.571,0.543,1,"13","BCG_treated","week44","IGRApos_BCG_44wk_vs_IGRAneg_BCG_44wk"
"ELMOD3",0.0517300267369001,-0.550120307220437,0.288,0.26,1,"13","BCG_treated","week44","IGRApos_BCG_44wk_vs_IGRAneg_BCG_44wk"
"ERO1A",0.051760919257537,0.352906684835566,0.407,0.243,1,"13","BCG_treated","week44","IGRApos_BCG_44wk_vs_IGRAneg_BCG_44wk"
"BMPR1A",0.0517680355538105,-0.520423251724159,0.153,0.208,1,"13","BCG_treated","week44","IGRApos_BCG_44wk_vs_IGRAneg_BCG_44wk"
"IK",0.0517899819038325,-0.206750043758034,0.397,0.301,1,"13","BCG_treated","week44","IGRApos_BCG_44wk_vs_IGRAneg_BCG_44wk"
"WHAMMP3",0.0517954783493037,0.610061292506101,0.214,0.104,1,"13","BCG_treated","week44","IGRApos_BCG_44wk_vs_IGRAneg_BCG_44wk"
"MADD",0.0518180618642879,0.560689731912518,0.717,0.503,1,"13","BCG_treated","week44","IGRApos_BCG_44wk_vs_IGRAneg_BCG_44wk"
"SPEN",0.0519363068187452,-0.200642858149012,0.722,0.682,1,"13","BCG_treated","week44","IGRApos_BCG_44wk_vs_IGRAneg_BCG_44wk"
"SPOCK2",0.0519616629414365,0.487258651969559,0.246,0.133,1,"13","BCG_treated","week44","IGRApos_BCG_44wk_vs_IGRAneg_BCG_44wk"
"PLCB2",0.0519971288731393,1.16380104228477,0.238,0.11,1,"13","BCG_treated","week44","IGRApos_BCG_44wk_vs_IGRAneg_BCG_44wk"
"THADA",0.0520763326155234,0.386330810109893,0.735,0.549,1,"13","BCG_treated","week44","IGRApos_BCG_44wk_vs_IGRAneg_BCG_44wk"
"PNRC1",0.0520906081462289,-0.429926520236999,0.423,0.393,1,"13","BCG_treated","week44","IGRApos_BCG_44wk_vs_IGRAneg_BCG_44wk"
"LBR",0.052301409917953,-0.453332190541184,0.466,0.48,1,"13","BCG_treated","week44","IGRApos_BCG_44wk_vs_IGRAneg_BCG_44wk"
"IDH3B",0.0523107026754998,0.564113247945372,0.101,0.04,1,"13","BCG_treated","week44","IGRApos_BCG_44wk_vs_IGRAneg_BCG_44wk"
"ARL6IP5",0.0524492494018149,-0.342538386352345,0.519,0.509,1,"13","BCG_treated","week44","IGRApos_BCG_44wk_vs_IGRAneg_BCG_44wk"
"PEX11B",0.0524505756661739,-1.12956222803321,0.106,0.087,1,"13","BCG_treated","week44","IGRApos_BCG_44wk_vs_IGRAneg_BCG_44wk"
"OTULINL",0.0524511911993563,0.204721082277631,0.444,0.301,1,"13","BCG_treated","week44","IGRApos_BCG_44wk_vs_IGRAneg_BCG_44wk"
"NCOA4",0.0524533316512741,-0.370058200308065,0.302,0.266,1,"13","BCG_treated","week44","IGRApos_BCG_44wk_vs_IGRAneg_BCG_44wk"
"SLAIN1",0.0524732091672502,0.842917690002089,0.183,0.081,1,"13","BCG_treated","week44","IGRApos_BCG_44wk_vs_IGRAneg_BCG_44wk"
"STAU2",0.0525245282670647,-0.154458873231948,0.733,0.636,1,"13","BCG_treated","week44","IGRApos_BCG_44wk_vs_IGRAneg_BCG_44wk"
"IQCE",0.0525485599993834,0.93212897705532,0.153,0.075,1,"13","BCG_treated","week44","IGRApos_BCG_44wk_vs_IGRAneg_BCG_44wk"
"NUP50-DT",0.0526245532941709,-0.535071926620639,0.204,0.237,1,"13","BCG_treated","week44","IGRApos_BCG_44wk_vs_IGRAneg_BCG_44wk"
"ERCC6",0.0526759245389571,-0.431261529516233,0.458,0.445,1,"13","BCG_treated","week44","IGRApos_BCG_44wk_vs_IGRAneg_BCG_44wk"
"PPP1R3B",0.0527093308252124,1.58187780530142,0.101,0.029,1,"13","BCG_treated","week44","IGRApos_BCG_44wk_vs_IGRAneg_BCG_44wk"
"LRRC59",0.0527212184523174,-0.739699015882932,0.103,0.098,1,"13","BCG_treated","week44","IGRApos_BCG_44wk_vs_IGRAneg_BCG_44wk"
"MTF2",0.0527912664004456,-0.398254533827468,0.563,0.514,1,"13","BCG_treated","week44","IGRApos_BCG_44wk_vs_IGRAneg_BCG_44wk"
"NAA15",0.0527969968907317,-0.185186888881501,0.595,0.555,1,"13","BCG_treated","week44","IGRApos_BCG_44wk_vs_IGRAneg_BCG_44wk"
"PVT1",0.0528236228477094,-0.442113812900494,0.458,0.451,1,"13","BCG_treated","week44","IGRApos_BCG_44wk_vs_IGRAneg_BCG_44wk"
"CGAS",0.0528533799023884,-0.477924876756175,0.185,0.15,1,"13","BCG_treated","week44","IGRApos_BCG_44wk_vs_IGRAneg_BCG_44wk"
"CROCCP2.1",0.0529191507342318,-0.81649788890258,0.132,0.173,1,"13","BCG_treated","week44","IGRApos_BCG_44wk_vs_IGRAneg_BCG_44wk"
"CHKB",0.0529240420706794,-0.365336307105246,0.37,0.347,1,"13","BCG_treated","week44","IGRApos_BCG_44wk_vs_IGRAneg_BCG_44wk"
"IPPK",0.0529417605678384,0.576602533842493,0.214,0.104,1,"13","BCG_treated","week44","IGRApos_BCG_44wk_vs_IGRAneg_BCG_44wk"
"MIR222HG",0.0530005478620866,-0.656423203056716,0.259,0.277,1,"13","BCG_treated","week44","IGRApos_BCG_44wk_vs_IGRAneg_BCG_44wk"
"ZNF169",0.0530097063973408,-0.256163829804776,0.161,0.11,1,"13","BCG_treated","week44","IGRApos_BCG_44wk_vs_IGRAneg_BCG_44wk"
"NIFK",0.0530253163374389,-0.813991384196797,0.161,0.202,1,"13","BCG_treated","week44","IGRApos_BCG_44wk_vs_IGRAneg_BCG_44wk"
"PIK3CA",0.0531017153982093,-0.214840172815745,0.59,0.509,1,"13","BCG_treated","week44","IGRApos_BCG_44wk_vs_IGRAneg_BCG_44wk"
"ATF7IP",0.0532116391820222,0.381968856065364,0.833,0.688,1,"13","BCG_treated","week44","IGRApos_BCG_44wk_vs_IGRAneg_BCG_44wk"
"NAPG",0.0532333235738127,0.517597142138834,0.31,0.168,1,"13","BCG_treated","week44","IGRApos_BCG_44wk_vs_IGRAneg_BCG_44wk"
"PGM2",0.0532477836754251,0.612686209131202,0.204,0.092,1,"13","BCG_treated","week44","IGRApos_BCG_44wk_vs_IGRAneg_BCG_44wk"
"CISD2",0.0532741424280998,0.57485423447986,0.198,0.098,1,"13","BCG_treated","week44","IGRApos_BCG_44wk_vs_IGRAneg_BCG_44wk"
"PSMB9",0.053620993714329,0.355914985139861,0.489,0.329,1,"13","BCG_treated","week44","IGRApos_BCG_44wk_vs_IGRAneg_BCG_44wk"
"AGPAT5",0.0537227829502728,0.62765448572281,0.463,0.335,1,"13","BCG_treated","week44","IGRApos_BCG_44wk_vs_IGRAneg_BCG_44wk"
"RAB3GAP1",0.0537302446312603,-0.171087137260866,0.804,0.717,1,"13","BCG_treated","week44","IGRApos_BCG_44wk_vs_IGRAneg_BCG_44wk"
"CDC73",0.05387539794566,-0.303568719967551,0.664,0.665,1,"13","BCG_treated","week44","IGRApos_BCG_44wk_vs_IGRAneg_BCG_44wk"
"ZNRF2",0.0539395277529834,0.429481936314628,0.503,0.318,1,"13","BCG_treated","week44","IGRApos_BCG_44wk_vs_IGRAneg_BCG_44wk"
"PSMB10",0.0541406421946866,-0.812190299951942,0.18,0.185,1,"13","BCG_treated","week44","IGRApos_BCG_44wk_vs_IGRAneg_BCG_44wk"
"MOV10",0.0541575290474874,0.764119960233206,0.341,0.173,1,"13","BCG_treated","week44","IGRApos_BCG_44wk_vs_IGRAneg_BCG_44wk"
"WDPCP",0.0542050182750131,-0.461546515101061,0.5,0.48,1,"13","BCG_treated","week44","IGRApos_BCG_44wk_vs_IGRAneg_BCG_44wk"
"PIK3CD",0.054360705123147,-0.240194646407433,0.937,0.902,1,"13","BCG_treated","week44","IGRApos_BCG_44wk_vs_IGRAneg_BCG_44wk"
"FLAD1",0.0544063647485956,-0.693395632767315,0.098,0.133,1,"13","BCG_treated","week44","IGRApos_BCG_44wk_vs_IGRAneg_BCG_44wk"
"OSBP",0.0544554765456185,-0.325588280517905,0.328,0.301,1,"13","BCG_treated","week44","IGRApos_BCG_44wk_vs_IGRAneg_BCG_44wk"
"RPS3A",0.054477846489684,-0.488307860965211,0.249,0.214,1,"13","BCG_treated","week44","IGRApos_BCG_44wk_vs_IGRAneg_BCG_44wk"
"CLCC1",0.0548005606002848,-0.728155599165936,0.135,0.162,1,"13","BCG_treated","week44","IGRApos_BCG_44wk_vs_IGRAneg_BCG_44wk"
"SMAD7",0.0548091212193055,-0.486781554588163,0.228,0.289,1,"13","BCG_treated","week44","IGRApos_BCG_44wk_vs_IGRAneg_BCG_44wk"
"LINC02391",0.0548545799228272,1.64605407833812,0.106,0.046,1,"13","BCG_treated","week44","IGRApos_BCG_44wk_vs_IGRAneg_BCG_44wk"
"ZKSCAN1",0.0549001442685703,-0.16324086181444,0.548,0.451,1,"13","BCG_treated","week44","IGRApos_BCG_44wk_vs_IGRAneg_BCG_44wk"
"HSPE1",0.0551440943740156,-0.974224787770777,0.106,0.11,1,"13","BCG_treated","week44","IGRApos_BCG_44wk_vs_IGRAneg_BCG_44wk"
"EHBP1L1",0.0551804219859035,0.181728132298352,0.397,0.266,1,"13","BCG_treated","week44","IGRApos_BCG_44wk_vs_IGRAneg_BCG_44wk"
"CSTF2T",0.0553131655357952,0.70023271888444,0.214,0.104,1,"13","BCG_treated","week44","IGRApos_BCG_44wk_vs_IGRAneg_BCG_44wk"
"VPS29",0.0553489285030799,-0.241543113007869,0.254,0.202,1,"13","BCG_treated","week44","IGRApos_BCG_44wk_vs_IGRAneg_BCG_44wk"
"PTBP3",0.0554346610069459,-0.228415568629471,0.693,0.647,1,"13","BCG_treated","week44","IGRApos_BCG_44wk_vs_IGRAneg_BCG_44wk"
"ZBTB20",0.055569283078322,-0.204016403090987,0.976,0.96,1,"13","BCG_treated","week44","IGRApos_BCG_44wk_vs_IGRAneg_BCG_44wk"
"TMED10",0.0555748228973897,-0.106457192344966,0.365,0.272,1,"13","BCG_treated","week44","IGRApos_BCG_44wk_vs_IGRAneg_BCG_44wk"
"RBAK",0.055613064814418,0.33685674616239,0.243,0.127,1,"13","BCG_treated","week44","IGRApos_BCG_44wk_vs_IGRAneg_BCG_44wk"
"SP1",0.0556751316552476,-0.356841297123498,0.384,0.393,1,"13","BCG_treated","week44","IGRApos_BCG_44wk_vs_IGRAneg_BCG_44wk"
"ELAC2",0.0557462301210778,-0.376848985115463,0.225,0.208,1,"13","BCG_treated","week44","IGRApos_BCG_44wk_vs_IGRAneg_BCG_44wk"
"GOLM2",0.055978042358591,-0.308271844986442,0.616,0.566,1,"13","BCG_treated","week44","IGRApos_BCG_44wk_vs_IGRAneg_BCG_44wk"
"ENSG00000285171",0.0560035331440776,0.260056262373811,0.167,0.087,1,"13","BCG_treated","week44","IGRApos_BCG_44wk_vs_IGRAneg_BCG_44wk"
"ZNF432",0.0560476854230758,-0.240062972052587,0.228,0.173,1,"13","BCG_treated","week44","IGRApos_BCG_44wk_vs_IGRAneg_BCG_44wk"
"VAMP8",0.0561127164719957,0.776112951674365,0.153,0.064,1,"13","BCG_treated","week44","IGRApos_BCG_44wk_vs_IGRAneg_BCG_44wk"
"AKR1A1",0.0561670376947542,-0.781369219961948,0.14,0.15,1,"13","BCG_treated","week44","IGRApos_BCG_44wk_vs_IGRAneg_BCG_44wk"
"ENSG00000290569",0.0561687732252755,-0.778700644332889,0.103,0.104,1,"13","BCG_treated","week44","IGRApos_BCG_44wk_vs_IGRAneg_BCG_44wk"
"MICAL1",0.056192227803818,-0.21953124092756,0.254,0.179,1,"13","BCG_treated","week44","IGRApos_BCG_44wk_vs_IGRAneg_BCG_44wk"
"SPATA13",0.056272713971222,0.203088938905742,0.767,0.607,1,"13","BCG_treated","week44","IGRApos_BCG_44wk_vs_IGRAneg_BCG_44wk"
"ARIH1",0.0562905643689284,-0.200819902295181,0.783,0.694,1,"13","BCG_treated","week44","IGRApos_BCG_44wk_vs_IGRAneg_BCG_44wk"
"MZT2A",0.0563059922931687,0.543361623016547,0.146,0.069,1,"13","BCG_treated","week44","IGRApos_BCG_44wk_vs_IGRAneg_BCG_44wk"
"SLC1A5",0.0563950229133564,-0.878377158384985,0.101,0.15,1,"13","BCG_treated","week44","IGRApos_BCG_44wk_vs_IGRAneg_BCG_44wk"
"SLFN11",0.0564069296451049,-0.302143376766428,0.19,0.15,1,"13","BCG_treated","week44","IGRApos_BCG_44wk_vs_IGRAneg_BCG_44wk"
"C8orf33",0.0564756164809292,-0.666684141907673,0.093,0.127,1,"13","BCG_treated","week44","IGRApos_BCG_44wk_vs_IGRAneg_BCG_44wk"
"TMEM243",0.0566279587406946,-0.230904217446667,0.188,0.127,1,"13","BCG_treated","week44","IGRApos_BCG_44wk_vs_IGRAneg_BCG_44wk"
"ATP5F1E",0.0566498447811167,-0.629345244393932,0.201,0.197,1,"13","BCG_treated","week44","IGRApos_BCG_44wk_vs_IGRAneg_BCG_44wk"
"SDHC",0.0566763690698647,-0.964772074524797,0.111,0.139,1,"13","BCG_treated","week44","IGRApos_BCG_44wk_vs_IGRAneg_BCG_44wk"
"CDC42",0.0566853929251955,-0.247257525811797,0.68,0.624,1,"13","BCG_treated","week44","IGRApos_BCG_44wk_vs_IGRAneg_BCG_44wk"
"EIF2A",0.0567074765196513,-0.545306306307916,0.302,0.283,1,"13","BCG_treated","week44","IGRApos_BCG_44wk_vs_IGRAneg_BCG_44wk"
"KRAS",0.056754388789022,0.204558511312726,0.437,0.295,1,"13","BCG_treated","week44","IGRApos_BCG_44wk_vs_IGRAneg_BCG_44wk"
"HSD17B11",0.0568296086320311,-0.298474005280447,0.254,0.197,1,"13","BCG_treated","week44","IGRApos_BCG_44wk_vs_IGRAneg_BCG_44wk"
"RPL24",0.0568533088478644,-0.710524881942851,0.214,0.237,1,"13","BCG_treated","week44","IGRApos_BCG_44wk_vs_IGRAneg_BCG_44wk"
"MTHFR",0.056856327756866,-0.359568944268789,0.122,0.087,1,"13","BCG_treated","week44","IGRApos_BCG_44wk_vs_IGRAneg_BCG_44wk"
"STK25",0.0569030268486174,-0.650016257227928,0.146,0.156,1,"13","BCG_treated","week44","IGRApos_BCG_44wk_vs_IGRAneg_BCG_44wk"
"ENSG00000284707",0.0569341510018688,-0.655197834352717,0.201,0.191,1,"13","BCG_treated","week44","IGRApos_BCG_44wk_vs_IGRAneg_BCG_44wk"
"SH3GL1",0.0570640801719833,-0.320837531000958,0.257,0.301,1,"13","BCG_treated","week44","IGRApos_BCG_44wk_vs_IGRAneg_BCG_44wk"
"DOT1L",0.0571314620749683,-0.276076608986349,0.513,0.457,1,"13","BCG_treated","week44","IGRApos_BCG_44wk_vs_IGRAneg_BCG_44wk"
"SYNCRIP",0.0571545494211332,-0.126390995409763,0.619,0.503,1,"13","BCG_treated","week44","IGRApos_BCG_44wk_vs_IGRAneg_BCG_44wk"
"YPEL2",0.0571715961043139,0.478369823138583,0.196,0.098,1,"13","BCG_treated","week44","IGRApos_BCG_44wk_vs_IGRAneg_BCG_44wk"
"SPECC1",0.0571749384999558,0.404594750505997,0.466,0.312,1,"13","BCG_treated","week44","IGRApos_BCG_44wk_vs_IGRAneg_BCG_44wk"
"ROCK2",0.0571765708199913,-0.280009487945559,0.574,0.526,1,"13","BCG_treated","week44","IGRApos_BCG_44wk_vs_IGRAneg_BCG_44wk"
"EIF3E",0.0572356902298176,0.172365289503773,0.521,0.358,1,"13","BCG_treated","week44","IGRApos_BCG_44wk_vs_IGRAneg_BCG_44wk"
"LRPPRC",0.0573178868426411,-0.230511290644432,0.519,0.526,1,"13","BCG_treated","week44","IGRApos_BCG_44wk_vs_IGRAneg_BCG_44wk"
"DDX46",0.0574061031463731,-0.179686265664974,0.738,0.659,1,"13","BCG_treated","week44","IGRApos_BCG_44wk_vs_IGRAneg_BCG_44wk"
"CERT1",0.0576529697242322,-0.269349506659725,0.669,0.601,1,"13","BCG_treated","week44","IGRApos_BCG_44wk_vs_IGRAneg_BCG_44wk"
"PCED1B",0.0577093074513939,0.459331899864663,0.582,0.497,1,"13","BCG_treated","week44","IGRApos_BCG_44wk_vs_IGRAneg_BCG_44wk"
"ZNF841",0.05773431017525,-0.128031186103327,0.307,0.22,1,"13","BCG_treated","week44","IGRApos_BCG_44wk_vs_IGRAneg_BCG_44wk"
"YIPF6",0.0577406825472472,1.10111733414584,0.214,0.092,1,"13","BCG_treated","week44","IGRApos_BCG_44wk_vs_IGRAneg_BCG_44wk"
"GTPBP1",0.058018722893068,0.318832038253899,0.582,0.382,1,"13","BCG_treated","week44","IGRApos_BCG_44wk_vs_IGRAneg_BCG_44wk"
"FAF1",0.0580365541179931,-0.238441374818852,0.873,0.855,1,"13","BCG_treated","week44","IGRApos_BCG_44wk_vs_IGRAneg_BCG_44wk"
"MEF2B",0.0580757816590773,-0.609577688798171,0.172,0.197,1,"13","BCG_treated","week44","IGRApos_BCG_44wk_vs_IGRAneg_BCG_44wk"
"ASB8",0.0582107671981771,-0.658641008991063,0.124,0.121,1,"13","BCG_treated","week44","IGRApos_BCG_44wk_vs_IGRAneg_BCG_44wk"
"MGAT5",0.0583144753167485,-0.168551324551244,0.664,0.561,1,"13","BCG_treated","week44","IGRApos_BCG_44wk_vs_IGRAneg_BCG_44wk"
"SNRPB2",0.0584307624509145,-0.634929962368875,0.132,0.127,1,"13","BCG_treated","week44","IGRApos_BCG_44wk_vs_IGRAneg_BCG_44wk"
"C3orf38",0.0585595035485272,-0.138351030955505,0.183,0.133,1,"13","BCG_treated","week44","IGRApos_BCG_44wk_vs_IGRAneg_BCG_44wk"
"KLF6",0.0585925220857582,-0.6053971936102,0.587,0.607,1,"13","BCG_treated","week44","IGRApos_BCG_44wk_vs_IGRAneg_BCG_44wk"
"ENSG00000241490",0.0587396097339509,0.504574254004854,0.291,0.185,1,"13","BCG_treated","week44","IGRApos_BCG_44wk_vs_IGRAneg_BCG_44wk"
"GTF2B",0.0589381132251138,-0.455358863204674,0.272,0.318,1,"13","BCG_treated","week44","IGRApos_BCG_44wk_vs_IGRAneg_BCG_44wk"
"ENSG00000240291",0.058961477052643,-0.941591666790161,0.124,0.168,1,"13","BCG_treated","week44","IGRApos_BCG_44wk_vs_IGRAneg_BCG_44wk"
"ANKH",0.0590589215595049,-0.543143651790571,0.354,0.335,1,"13","BCG_treated","week44","IGRApos_BCG_44wk_vs_IGRAneg_BCG_44wk"
"NMRK1",0.0592159578744584,0.191039405236945,0.381,0.254,1,"13","BCG_treated","week44","IGRApos_BCG_44wk_vs_IGRAneg_BCG_44wk"
"ZNF714",0.059323453797505,-0.714529331866233,0.098,0.116,1,"13","BCG_treated","week44","IGRApos_BCG_44wk_vs_IGRAneg_BCG_44wk"
"ACAD8",0.0593330649632537,0.621606968895377,0.138,0.058,1,"13","BCG_treated","week44","IGRApos_BCG_44wk_vs_IGRAneg_BCG_44wk"
"HLA-DPA1",0.0594143652459623,0.736405347848545,0.119,0.046,1,"13","BCG_treated","week44","IGRApos_BCG_44wk_vs_IGRAneg_BCG_44wk"
"INSRR",0.0594745120474333,-0.397942488094743,0.135,0.098,1,"13","BCG_treated","week44","IGRApos_BCG_44wk_vs_IGRAneg_BCG_44wk"
"ZNF263",0.0594807012480916,0.63373112247753,0.132,0.058,1,"13","BCG_treated","week44","IGRApos_BCG_44wk_vs_IGRAneg_BCG_44wk"
"RARS2",0.0595099890696298,-0.262977380777427,0.442,0.376,1,"13","BCG_treated","week44","IGRApos_BCG_44wk_vs_IGRAneg_BCG_44wk"
"METTL25",0.059559716345747,-0.438347929985352,0.288,0.295,1,"13","BCG_treated","week44","IGRApos_BCG_44wk_vs_IGRAneg_BCG_44wk"
"FLVCR1",0.0595674594127055,0.451001286064842,0.169,0.087,1,"13","BCG_treated","week44","IGRApos_BCG_44wk_vs_IGRAneg_BCG_44wk"
"TMEM120B",0.0595753590755175,-0.305058812996506,0.214,0.173,1,"13","BCG_treated","week44","IGRApos_BCG_44wk_vs_IGRAneg_BCG_44wk"
"KIF13A",0.0595844155425214,-0.412321750204825,0.31,0.358,1,"13","BCG_treated","week44","IGRApos_BCG_44wk_vs_IGRAneg_BCG_44wk"
"ADA2",0.0596446571451292,0.972221361156351,0.257,0.145,1,"13","BCG_treated","week44","IGRApos_BCG_44wk_vs_IGRAneg_BCG_44wk"
"VCL",0.0596668411735594,-0.713534448505984,0.175,0.197,1,"13","BCG_treated","week44","IGRApos_BCG_44wk_vs_IGRAneg_BCG_44wk"
"EPSTI1",0.0597532631045319,0.41202804830841,0.704,0.538,1,"13","BCG_treated","week44","IGRApos_BCG_44wk_vs_IGRAneg_BCG_44wk"
"UBA2",0.0600495143831215,-0.338887678788586,0.46,0.48,1,"13","BCG_treated","week44","IGRApos_BCG_44wk_vs_IGRAneg_BCG_44wk"
"RB1",0.0602026964565265,-0.112328387034612,0.68,0.566,1,"13","BCG_treated","week44","IGRApos_BCG_44wk_vs_IGRAneg_BCG_44wk"
"TYROBP",0.0602205896919068,-0.760606604922157,0.27,0.324,1,"13","BCG_treated","week44","IGRApos_BCG_44wk_vs_IGRAneg_BCG_44wk"
"TCERG1",0.0602402625714289,-0.105394813667366,0.685,0.595,1,"13","BCG_treated","week44","IGRApos_BCG_44wk_vs_IGRAneg_BCG_44wk"
"GAB1",0.0603587456787045,0.132223025108602,0.815,0.659,1,"13","BCG_treated","week44","IGRApos_BCG_44wk_vs_IGRAneg_BCG_44wk"
"IRF2BP2",0.0603896848084911,-0.270407802595302,0.31,0.26,1,"13","BCG_treated","week44","IGRApos_BCG_44wk_vs_IGRAneg_BCG_44wk"
"PHLPP1",0.0604420626168731,-0.370748996964076,0.336,0.364,1,"13","BCG_treated","week44","IGRApos_BCG_44wk_vs_IGRAneg_BCG_44wk"
"NONO",0.0605411949082135,-0.257757723606653,0.431,0.422,1,"13","BCG_treated","week44","IGRApos_BCG_44wk_vs_IGRAneg_BCG_44wk"
"SOD1",0.0606227757199847,-0.836323510829349,0.143,0.173,1,"13","BCG_treated","week44","IGRApos_BCG_44wk_vs_IGRAneg_BCG_44wk"
"TNIK",0.0608817096985979,0.621982823046747,0.847,0.74,1,"13","BCG_treated","week44","IGRApos_BCG_44wk_vs_IGRAneg_BCG_44wk"
"ELP6",0.0609673360166358,-0.980558293918946,0.093,0.127,1,"13","BCG_treated","week44","IGRApos_BCG_44wk_vs_IGRAneg_BCG_44wk"
"SETD2",0.0612802162961238,0.100194827831694,0.889,0.861,1,"13","BCG_treated","week44","IGRApos_BCG_44wk_vs_IGRAneg_BCG_44wk"
"RAPGEF1",0.0615859901053926,-0.233773599863772,0.865,0.844,1,"13","BCG_treated","week44","IGRApos_BCG_44wk_vs_IGRAneg_BCG_44wk"
"OSTF1",0.0615998167623772,-0.437766890237518,0.5,0.491,1,"13","BCG_treated","week44","IGRApos_BCG_44wk_vs_IGRAneg_BCG_44wk"
"EBNA1BP2",0.0616400938581999,-1.18429486450858,0.093,0.11,1,"13","BCG_treated","week44","IGRApos_BCG_44wk_vs_IGRAneg_BCG_44wk"
"PIK3C2A",0.0616648554633892,0.181938182958992,0.608,0.445,1,"13","BCG_treated","week44","IGRApos_BCG_44wk_vs_IGRAneg_BCG_44wk"
"USP10",0.0617053498514069,-0.252145264326938,0.653,0.63,1,"13","BCG_treated","week44","IGRApos_BCG_44wk_vs_IGRAneg_BCG_44wk"
"C9orf85",0.0617642997411815,-0.343689091087924,0.286,0.254,1,"13","BCG_treated","week44","IGRApos_BCG_44wk_vs_IGRAneg_BCG_44wk"
"LDB1",0.0618832509387641,-0.348093090353016,0.254,0.249,1,"13","BCG_treated","week44","IGRApos_BCG_44wk_vs_IGRAneg_BCG_44wk"
"HMGB2",0.0620788345113035,-0.310318719590728,0.114,0.075,1,"13","BCG_treated","week44","IGRApos_BCG_44wk_vs_IGRAneg_BCG_44wk"
"POLR3GL",0.0620820659794396,0.891583157106815,0.111,0.058,1,"13","BCG_treated","week44","IGRApos_BCG_44wk_vs_IGRAneg_BCG_44wk"
"IER2",0.0621998434927079,-0.521436256972039,0.22,0.208,1,"13","BCG_treated","week44","IGRApos_BCG_44wk_vs_IGRAneg_BCG_44wk"
"ANKRD13C",0.0622281995160474,-0.253853130970693,0.606,0.526,1,"13","BCG_treated","week44","IGRApos_BCG_44wk_vs_IGRAneg_BCG_44wk"
"LINC01619",0.0622303992117735,0.258743967531579,0.815,0.751,1,"13","BCG_treated","week44","IGRApos_BCG_44wk_vs_IGRAneg_BCG_44wk"
"USP32",0.0623560622705006,-0.386768033698196,0.556,0.526,1,"13","BCG_treated","week44","IGRApos_BCG_44wk_vs_IGRAneg_BCG_44wk"
"RBMXL1",0.0624710876197036,-0.290010410041802,0.13,0.087,1,"13","BCG_treated","week44","IGRApos_BCG_44wk_vs_IGRAneg_BCG_44wk"
"TBC1D24",0.0625156985238189,-0.760349765090824,0.124,0.168,1,"13","BCG_treated","week44","IGRApos_BCG_44wk_vs_IGRAneg_BCG_44wk"
"CEP85",0.0625906114874062,0.126573569179051,0.156,0.081,1,"13","BCG_treated","week44","IGRApos_BCG_44wk_vs_IGRAneg_BCG_44wk"
"MEPCE",0.0627961634689814,-0.709474324559973,0.101,0.104,1,"13","BCG_treated","week44","IGRApos_BCG_44wk_vs_IGRAneg_BCG_44wk"
"NCK1-DT",0.0628853537644146,-1.1285346628496,0.127,0.145,1,"13","BCG_treated","week44","IGRApos_BCG_44wk_vs_IGRAneg_BCG_44wk"
"GMDS-DT",0.0629170304385567,-0.100034475840783,0.593,0.48,1,"13","BCG_treated","week44","IGRApos_BCG_44wk_vs_IGRAneg_BCG_44wk"
"GLRX",0.0629276287588724,-0.787666992056127,0.101,0.104,1,"13","BCG_treated","week44","IGRApos_BCG_44wk_vs_IGRAneg_BCG_44wk"
"CEP192",0.0629972184726419,-0.243836870410227,0.64,0.607,1,"13","BCG_treated","week44","IGRApos_BCG_44wk_vs_IGRAneg_BCG_44wk"
"ANP32A",0.0630640821731719,-0.228076249327698,0.627,0.555,1,"13","BCG_treated","week44","IGRApos_BCG_44wk_vs_IGRAneg_BCG_44wk"
"ENSG00000254459",0.0631783814594448,0.78568105750425,0.193,0.098,1,"13","BCG_treated","week44","IGRApos_BCG_44wk_vs_IGRAneg_BCG_44wk"
"ZNF398",0.0631835756537695,-0.288126448100069,0.312,0.254,1,"13","BCG_treated","week44","IGRApos_BCG_44wk_vs_IGRAneg_BCG_44wk"
"DDHD2",0.063265141687696,-0.492688168096818,0.249,0.26,1,"13","BCG_treated","week44","IGRApos_BCG_44wk_vs_IGRAneg_BCG_44wk"
"VPS45",0.0634393101757519,-0.345783581460409,0.41,0.393,1,"13","BCG_treated","week44","IGRApos_BCG_44wk_vs_IGRAneg_BCG_44wk"
"COG8",0.0635042284446051,-0.877407456057914,0.153,0.156,1,"13","BCG_treated","week44","IGRApos_BCG_44wk_vs_IGRAneg_BCG_44wk"
"SECISBP2",0.0635276122330363,-0.272732839851656,0.606,0.607,1,"13","BCG_treated","week44","IGRApos_BCG_44wk_vs_IGRAneg_BCG_44wk"
"COPZ1",0.0636032138528397,0.194925963793452,0.201,0.104,1,"13","BCG_treated","week44","IGRApos_BCG_44wk_vs_IGRAneg_BCG_44wk"
"FAN1",0.0636612230799632,-0.717008438327788,0.183,0.208,1,"13","BCG_treated","week44","IGRApos_BCG_44wk_vs_IGRAneg_BCG_44wk"
"EMC2",0.0636943755936013,-0.246261912585052,0.288,0.22,1,"13","BCG_treated","week44","IGRApos_BCG_44wk_vs_IGRAneg_BCG_44wk"
"PDE7A",0.0637080948309654,-0.168626704335576,0.714,0.601,1,"13","BCG_treated","week44","IGRApos_BCG_44wk_vs_IGRAneg_BCG_44wk"
"IFIT5",0.0638192090438135,0.695327785143119,0.108,0.046,1,"13","BCG_treated","week44","IGRApos_BCG_44wk_vs_IGRAneg_BCG_44wk"
"TARS1",0.0640497369951356,-0.606969668716094,0.336,0.353,1,"13","BCG_treated","week44","IGRApos_BCG_44wk_vs_IGRAneg_BCG_44wk"
"SLC7A1",0.064126505324206,-0.576715052372746,0.362,0.341,1,"13","BCG_treated","week44","IGRApos_BCG_44wk_vs_IGRAneg_BCG_44wk"
"MACROH2A1",0.0641498530861342,-0.173538897694456,0.561,0.526,1,"13","BCG_treated","week44","IGRApos_BCG_44wk_vs_IGRAneg_BCG_44wk"
"IP6K1",0.0642383646493615,-0.195927513586052,0.484,0.486,1,"13","BCG_treated","week44","IGRApos_BCG_44wk_vs_IGRAneg_BCG_44wk"
"CREB3L2",0.0643059096300822,-0.216513016548466,0.347,0.277,1,"13","BCG_treated","week44","IGRApos_BCG_44wk_vs_IGRAneg_BCG_44wk"
"GOLGA2P5.1",0.064318191971225,0.640854900576489,0.101,0.04,1,"13","BCG_treated","week44","IGRApos_BCG_44wk_vs_IGRAneg_BCG_44wk"
"RPL9",0.0643259919695434,-0.612195091181144,0.275,0.301,1,"13","BCG_treated","week44","IGRApos_BCG_44wk_vs_IGRAneg_BCG_44wk"
"EEFSEC",0.0644563529866878,-0.175320277036037,0.484,0.486,1,"13","BCG_treated","week44","IGRApos_BCG_44wk_vs_IGRAneg_BCG_44wk"
"ANGEL2",0.0645779034259893,-0.116115309008265,0.392,0.306,1,"13","BCG_treated","week44","IGRApos_BCG_44wk_vs_IGRAneg_BCG_44wk"
"LINC00342",0.0646060516610918,-0.28355584739863,0.516,0.497,1,"13","BCG_treated","week44","IGRApos_BCG_44wk_vs_IGRAneg_BCG_44wk"
"TFDP2",0.0646435094215107,-0.32874666842861,0.598,0.514,1,"13","BCG_treated","week44","IGRApos_BCG_44wk_vs_IGRAneg_BCG_44wk"
"ARAP1",0.0647006987275305,0.215825920186467,0.849,0.705,1,"13","BCG_treated","week44","IGRApos_BCG_44wk_vs_IGRAneg_BCG_44wk"
"STK10",0.0648429676208183,-0.225178029650172,0.823,0.763,1,"13","BCG_treated","week44","IGRApos_BCG_44wk_vs_IGRAneg_BCG_44wk"
"TMEM222",0.0648740815345375,-0.7402639869647,0.14,0.15,1,"13","BCG_treated","week44","IGRApos_BCG_44wk_vs_IGRAneg_BCG_44wk"
"DPY19L1",0.064998240535133,-0.431622039414703,0.243,0.22,1,"13","BCG_treated","week44","IGRApos_BCG_44wk_vs_IGRAneg_BCG_44wk"
"ARL6IP4",0.0650130292740737,-0.789988826684752,0.151,0.185,1,"13","BCG_treated","week44","IGRApos_BCG_44wk_vs_IGRAneg_BCG_44wk"
"BPNT1",0.065033901010711,1.47719604411531,0.101,0.029,1,"13","BCG_treated","week44","IGRApos_BCG_44wk_vs_IGRAneg_BCG_44wk"
"SETBP1",0.0650864036217905,-0.986653934860712,0.116,0.145,1,"13","BCG_treated","week44","IGRApos_BCG_44wk_vs_IGRAneg_BCG_44wk"
"CAMSAP1",0.0652012311644677,-0.441415652197218,0.275,0.329,1,"13","BCG_treated","week44","IGRApos_BCG_44wk_vs_IGRAneg_BCG_44wk"
"CALCB",0.0653712437658108,0.39564318395713,0.238,0.139,1,"13","BCG_treated","week44","IGRApos_BCG_44wk_vs_IGRAneg_BCG_44wk"
"FOCAD",0.0653848929394656,-0.187159329287541,0.423,0.416,1,"13","BCG_treated","week44","IGRApos_BCG_44wk_vs_IGRAneg_BCG_44wk"
"DCUN1D2",0.0654831659112865,-0.326434648757894,0.257,0.214,1,"13","BCG_treated","week44","IGRApos_BCG_44wk_vs_IGRAneg_BCG_44wk"
"CORO7",0.0656644132036413,-0.644940244848531,0.272,0.26,1,"13","BCG_treated","week44","IGRApos_BCG_44wk_vs_IGRAneg_BCG_44wk"
"SUPT5H",0.065671015945602,0.132101100070333,0.497,0.353,1,"13","BCG_treated","week44","IGRApos_BCG_44wk_vs_IGRAneg_BCG_44wk"
"RING1",0.0657254970116137,-0.516402017875822,0.172,0.162,1,"13","BCG_treated","week44","IGRApos_BCG_44wk_vs_IGRAneg_BCG_44wk"
"BTN3A3",0.0657372536587948,0.480290510959629,0.579,0.387,1,"13","BCG_treated","week44","IGRApos_BCG_44wk_vs_IGRAneg_BCG_44wk"
"DNTTIP2",0.0657546998601523,-0.547499792689741,0.325,0.289,1,"13","BCG_treated","week44","IGRApos_BCG_44wk_vs_IGRAneg_BCG_44wk"
"PRR5L",0.0657871499588146,0.269808011194012,0.823,0.74,1,"13","BCG_treated","week44","IGRApos_BCG_44wk_vs_IGRAneg_BCG_44wk"
"TCAF1",0.0657970767420093,1.12440811653697,0.167,0.069,1,"13","BCG_treated","week44","IGRApos_BCG_44wk_vs_IGRAneg_BCG_44wk"
"URGCP",0.0658991541185831,-0.578316885382499,0.193,0.185,1,"13","BCG_treated","week44","IGRApos_BCG_44wk_vs_IGRAneg_BCG_44wk"
"HYOU1",0.0659733850825971,-0.214349188325994,0.402,0.306,1,"13","BCG_treated","week44","IGRApos_BCG_44wk_vs_IGRAneg_BCG_44wk"
"DBF4",0.0660299023242311,-0.587419197367584,0.172,0.168,1,"13","BCG_treated","week44","IGRApos_BCG_44wk_vs_IGRAneg_BCG_44wk"
"PNPLA8",0.0660532015058541,-0.457950505656071,0.323,0.318,1,"13","BCG_treated","week44","IGRApos_BCG_44wk_vs_IGRAneg_BCG_44wk"
"MTA2",0.0661038249318026,0.200915416827575,0.381,0.249,1,"13","BCG_treated","week44","IGRApos_BCG_44wk_vs_IGRAneg_BCG_44wk"
"MTAP",0.0661998805183198,-0.409920446961416,0.439,0.399,1,"13","BCG_treated","week44","IGRApos_BCG_44wk_vs_IGRAneg_BCG_44wk"
"PMPCA",0.0662038568651447,-0.747314441676691,0.135,0.162,1,"13","BCG_treated","week44","IGRApos_BCG_44wk_vs_IGRAneg_BCG_44wk"
"ARHGDIA",0.0663825775482863,-0.323897979402604,0.233,0.197,1,"13","BCG_treated","week44","IGRApos_BCG_44wk_vs_IGRAneg_BCG_44wk"
"PRRC2C",0.0665122047465389,-0.173002255055163,0.984,0.988,1,"13","BCG_treated","week44","IGRApos_BCG_44wk_vs_IGRAneg_BCG_44wk"
"BUD31",0.0667437030181719,-0.668472897728288,0.111,0.145,1,"13","BCG_treated","week44","IGRApos_BCG_44wk_vs_IGRAneg_BCG_44wk"
"ASPSCR1",0.0667912902595053,0.286610124616015,0.138,0.069,1,"13","BCG_treated","week44","IGRApos_BCG_44wk_vs_IGRAneg_BCG_44wk"
"ENTPD1",0.0668689068494257,0.449343626819727,0.521,0.439,1,"13","BCG_treated","week44","IGRApos_BCG_44wk_vs_IGRAneg_BCG_44wk"
"UAP1",0.0669029023994041,-1.03434149912389,0.087,0.11,1,"13","BCG_treated","week44","IGRApos_BCG_44wk_vs_IGRAneg_BCG_44wk"
"TUBA1C",0.067032432953887,-0.834531074071045,0.101,0.116,1,"13","BCG_treated","week44","IGRApos_BCG_44wk_vs_IGRAneg_BCG_44wk"
"ADAT2",0.0670668770640046,-0.623423376245549,0.156,0.15,1,"13","BCG_treated","week44","IGRApos_BCG_44wk_vs_IGRAneg_BCG_44wk"
"SAMM50",0.0671529654458694,-0.550488106524249,0.172,0.173,1,"13","BCG_treated","week44","IGRApos_BCG_44wk_vs_IGRAneg_BCG_44wk"
"DYNC2H1",0.0672299853553591,-0.876163924309565,0.111,0.121,1,"13","BCG_treated","week44","IGRApos_BCG_44wk_vs_IGRAneg_BCG_44wk"
"WWP1",0.0672579118082264,-0.180881921107356,0.614,0.538,1,"13","BCG_treated","week44","IGRApos_BCG_44wk_vs_IGRAneg_BCG_44wk"
"LLPH",0.0672650025838913,-1.61767435610758,0.093,0.121,1,"13","BCG_treated","week44","IGRApos_BCG_44wk_vs_IGRAneg_BCG_44wk"
"GAB3",0.0673799740389279,-0.426211365936398,0.333,0.347,1,"13","BCG_treated","week44","IGRApos_BCG_44wk_vs_IGRAneg_BCG_44wk"
"ADGRL1-AS1",0.0674235743576187,-0.205769358075167,0.18,0.121,1,"13","BCG_treated","week44","IGRApos_BCG_44wk_vs_IGRAneg_BCG_44wk"
"TMX3",0.0674276943253052,-0.131493289506914,0.468,0.382,1,"13","BCG_treated","week44","IGRApos_BCG_44wk_vs_IGRAneg_BCG_44wk"
"FHOD1",0.0675017987928396,-0.656746123910836,0.204,0.168,1,"13","BCG_treated","week44","IGRApos_BCG_44wk_vs_IGRAneg_BCG_44wk"
"SOCS4",0.0678007777484146,-0.392819616054669,0.302,0.26,1,"13","BCG_treated","week44","IGRApos_BCG_44wk_vs_IGRAneg_BCG_44wk"
"RCHY1",0.0679439359446958,-0.529786744262792,0.283,0.283,1,"13","BCG_treated","week44","IGRApos_BCG_44wk_vs_IGRAneg_BCG_44wk"
"BRD4",0.0681606145877588,0.261347306667817,0.873,0.699,1,"13","BCG_treated","week44","IGRApos_BCG_44wk_vs_IGRAneg_BCG_44wk"
"ZFP36",0.0682185677788403,-0.836013979272582,0.103,0.139,1,"13","BCG_treated","week44","IGRApos_BCG_44wk_vs_IGRAneg_BCG_44wk"
"CSF2",0.0684386127364792,-1.4402386091965,0.198,0.266,1,"13","BCG_treated","week44","IGRApos_BCG_44wk_vs_IGRAneg_BCG_44wk"
"USP6NL",0.0685510816547695,-0.325677695059902,0.22,0.197,1,"13","BCG_treated","week44","IGRApos_BCG_44wk_vs_IGRAneg_BCG_44wk"
"IPO5",0.0686238013221176,0.121696795384605,0.347,0.231,1,"13","BCG_treated","week44","IGRApos_BCG_44wk_vs_IGRAneg_BCG_44wk"
"CREBRF",0.0687802500063177,-0.180622052566032,0.447,0.364,1,"13","BCG_treated","week44","IGRApos_BCG_44wk_vs_IGRAneg_BCG_44wk"
"SFXN5",0.0689782900479289,-0.291660261739052,0.294,0.237,1,"13","BCG_treated","week44","IGRApos_BCG_44wk_vs_IGRAneg_BCG_44wk"
"DR1",0.0690427617995962,-0.340070994380581,0.341,0.318,1,"13","BCG_treated","week44","IGRApos_BCG_44wk_vs_IGRAneg_BCG_44wk"
"ZUP1",0.0690433958550278,0.339048127613151,0.204,0.11,1,"13","BCG_treated","week44","IGRApos_BCG_44wk_vs_IGRAneg_BCG_44wk"
"GPATCH8",0.0690671768455191,-0.1717355671575,0.807,0.723,1,"13","BCG_treated","week44","IGRApos_BCG_44wk_vs_IGRAneg_BCG_44wk"
"PAXIP1",0.0691286092599622,0.419855244791045,0.27,0.156,1,"13","BCG_treated","week44","IGRApos_BCG_44wk_vs_IGRAneg_BCG_44wk"
"ARFGEF1",0.069340642287217,-0.134946378579618,0.849,0.78,1,"13","BCG_treated","week44","IGRApos_BCG_44wk_vs_IGRAneg_BCG_44wk"
"HSPBAP1",0.069497576713274,-0.542043625835343,0.222,0.231,1,"13","BCG_treated","week44","IGRApos_BCG_44wk_vs_IGRAneg_BCG_44wk"
"CTCF",0.0697301614518929,-0.191062689912693,0.524,0.503,1,"13","BCG_treated","week44","IGRApos_BCG_44wk_vs_IGRAneg_BCG_44wk"
"COX19",0.0699897828195151,-0.64881972787536,0.196,0.208,1,"13","BCG_treated","week44","IGRApos_BCG_44wk_vs_IGRAneg_BCG_44wk"
"STAG1",0.070044779065806,-0.107599006581115,0.966,0.902,1,"13","BCG_treated","week44","IGRApos_BCG_44wk_vs_IGRAneg_BCG_44wk"
"MLLT10",0.0700471822864116,-0.218326068025412,0.672,0.601,1,"13","BCG_treated","week44","IGRApos_BCG_44wk_vs_IGRAneg_BCG_44wk"
"EIF2B3",0.0702222393316822,-0.405947191736578,0.325,0.318,1,"13","BCG_treated","week44","IGRApos_BCG_44wk_vs_IGRAneg_BCG_44wk"
"DHX32",0.0702624049459237,-0.385088800588002,0.249,0.202,1,"13","BCG_treated","week44","IGRApos_BCG_44wk_vs_IGRAneg_BCG_44wk"
"SDCBP",0.0703245579904029,-0.609177634278648,0.212,0.22,1,"13","BCG_treated","week44","IGRApos_BCG_44wk_vs_IGRAneg_BCG_44wk"
"CMAS",0.070385894248922,-0.399843679197047,0.161,0.139,1,"13","BCG_treated","week44","IGRApos_BCG_44wk_vs_IGRAneg_BCG_44wk"
"KLF12",0.0704572723049708,-0.353874973827431,0.862,0.855,1,"13","BCG_treated","week44","IGRApos_BCG_44wk_vs_IGRAneg_BCG_44wk"
"EHBP1",0.0704618374464827,-0.330194102345694,0.556,0.543,1,"13","BCG_treated","week44","IGRApos_BCG_44wk_vs_IGRAneg_BCG_44wk"
"RAD54L2",0.0704926912731914,-0.137188665812461,0.505,0.393,1,"13","BCG_treated","week44","IGRApos_BCG_44wk_vs_IGRAneg_BCG_44wk"
"SEC61B",0.0705492678089499,-0.57159371636503,0.143,0.162,1,"13","BCG_treated","week44","IGRApos_BCG_44wk_vs_IGRAneg_BCG_44wk"
"UBAP1L",0.0705605295493178,0.855403526099031,0.172,0.075,1,"13","BCG_treated","week44","IGRApos_BCG_44wk_vs_IGRAneg_BCG_44wk"
"OMA1",0.0705745400159764,-0.451992031055826,0.225,0.191,1,"13","BCG_treated","week44","IGRApos_BCG_44wk_vs_IGRAneg_BCG_44wk"
"ENSG00000288528",0.0707080432275407,0.987036676622947,0.13,0.058,1,"13","BCG_treated","week44","IGRApos_BCG_44wk_vs_IGRAneg_BCG_44wk"
"APPBP2",0.0708716825814537,-0.282693075257519,0.516,0.462,1,"13","BCG_treated","week44","IGRApos_BCG_44wk_vs_IGRAneg_BCG_44wk"
"LINC01588",0.0709562290415812,-0.496275573364353,0.421,0.451,1,"13","BCG_treated","week44","IGRApos_BCG_44wk_vs_IGRAneg_BCG_44wk"
"SLC44A2",0.0709966811520821,-0.204326716306216,0.344,0.277,1,"13","BCG_treated","week44","IGRApos_BCG_44wk_vs_IGRAneg_BCG_44wk"
"BZW2",0.0713479892036936,-0.36192255252459,0.251,0.202,1,"13","BCG_treated","week44","IGRApos_BCG_44wk_vs_IGRAneg_BCG_44wk"
"ZNF831",0.0713941089242125,0.92282629664081,0.368,0.225,1,"13","BCG_treated","week44","IGRApos_BCG_44wk_vs_IGRAneg_BCG_44wk"
"HDAC2",0.0714736204571264,-0.448099607193424,0.312,0.301,1,"13","BCG_treated","week44","IGRApos_BCG_44wk_vs_IGRAneg_BCG_44wk"
"HOOK3",0.0714949006337476,-0.215354310525158,0.704,0.595,1,"13","BCG_treated","week44","IGRApos_BCG_44wk_vs_IGRAneg_BCG_44wk"
"CHORDC1",0.0716033950324379,-0.434904785112329,0.365,0.358,1,"13","BCG_treated","week44","IGRApos_BCG_44wk_vs_IGRAneg_BCG_44wk"
"CHD1-DT",0.0717583208417246,-0.74395937787973,0.119,0.127,1,"13","BCG_treated","week44","IGRApos_BCG_44wk_vs_IGRAneg_BCG_44wk"
"NKRF",0.0718634822525943,-0.829987057528458,0.093,0.116,1,"13","BCG_treated","week44","IGRApos_BCG_44wk_vs_IGRAneg_BCG_44wk"
"SMURF2",0.0719330990670762,-0.190777034182096,0.698,0.601,1,"13","BCG_treated","week44","IGRApos_BCG_44wk_vs_IGRAneg_BCG_44wk"
"MRI1",0.072038659542776,-0.146712902542317,0.153,0.116,1,"13","BCG_treated","week44","IGRApos_BCG_44wk_vs_IGRAneg_BCG_44wk"
"CES2",0.0721024617657229,-0.459276323954824,0.111,0.092,1,"13","BCG_treated","week44","IGRApos_BCG_44wk_vs_IGRAneg_BCG_44wk"
"VPS26A",0.0721977062241457,-0.460682148223995,0.333,0.329,1,"13","BCG_treated","week44","IGRApos_BCG_44wk_vs_IGRAneg_BCG_44wk"
"ENSG00000286162",0.0722395914075918,0.329378746204783,0.119,0.052,1,"13","BCG_treated","week44","IGRApos_BCG_44wk_vs_IGRAneg_BCG_44wk"
"PRMT3",0.0722583061176008,-0.412667984697559,0.339,0.364,1,"13","BCG_treated","week44","IGRApos_BCG_44wk_vs_IGRAneg_BCG_44wk"
"YPEL3",0.0723612615857927,-0.640239588495557,0.156,0.168,1,"13","BCG_treated","week44","IGRApos_BCG_44wk_vs_IGRAneg_BCG_44wk"
"DPP7",0.0726017048634491,-0.15242519616718,0.101,0.058,1,"13","BCG_treated","week44","IGRApos_BCG_44wk_vs_IGRAneg_BCG_44wk"
"PRPF40A",0.0726059640423072,-0.237080214328753,0.722,0.653,1,"13","BCG_treated","week44","IGRApos_BCG_44wk_vs_IGRAneg_BCG_44wk"
"CEP112",0.0726317809601688,-0.928058847529367,0.122,0.168,1,"13","BCG_treated","week44","IGRApos_BCG_44wk_vs_IGRAneg_BCG_44wk"
"MED13L",0.0726644599314479,-0.14252972644853,0.968,0.948,1,"13","BCG_treated","week44","IGRApos_BCG_44wk_vs_IGRAneg_BCG_44wk"
"ZEB2",0.0728573700400484,0.181049075377889,0.796,0.792,1,"13","BCG_treated","week44","IGRApos_BCG_44wk_vs_IGRAneg_BCG_44wk"
"ENSG00000214719",0.0728921978556966,-0.434546448848515,0.238,0.202,1,"13","BCG_treated","week44","IGRApos_BCG_44wk_vs_IGRAneg_BCG_44wk"
"ABCE1",0.0729194387010517,-0.228384462342256,0.349,0.283,1,"13","BCG_treated","week44","IGRApos_BCG_44wk_vs_IGRAneg_BCG_44wk"
"PHC2",0.0733182487591913,0.374392857102962,0.206,0.11,1,"13","BCG_treated","week44","IGRApos_BCG_44wk_vs_IGRAneg_BCG_44wk"
"UFC1",0.0735397771353827,-0.869195744892703,0.108,0.139,1,"13","BCG_treated","week44","IGRApos_BCG_44wk_vs_IGRAneg_BCG_44wk"
"SLIRP",0.0735474939893927,0.305966503165992,0.225,0.121,1,"13","BCG_treated","week44","IGRApos_BCG_44wk_vs_IGRAneg_BCG_44wk"
"BCL7B",0.0735568560051681,-0.512856057840656,0.138,0.139,1,"13","BCG_treated","week44","IGRApos_BCG_44wk_vs_IGRAneg_BCG_44wk"
"CCDC88C",0.0736191626034715,-0.217812097719943,0.791,0.728,1,"13","BCG_treated","week44","IGRApos_BCG_44wk_vs_IGRAneg_BCG_44wk"
"MED24",0.0737473851426337,0.72719432955162,0.262,0.139,1,"13","BCG_treated","week44","IGRApos_BCG_44wk_vs_IGRAneg_BCG_44wk"
"FIRRE",0.0738467158549094,1.80541468413651,0.108,0.035,1,"13","BCG_treated","week44","IGRApos_BCG_44wk_vs_IGRAneg_BCG_44wk"
"ARPC5L",0.0738569873892284,-0.700751145509906,0.193,0.22,1,"13","BCG_treated","week44","IGRApos_BCG_44wk_vs_IGRAneg_BCG_44wk"
"ANKS3",0.0738574937951363,-0.455124790695774,0.246,0.243,1,"13","BCG_treated","week44","IGRApos_BCG_44wk_vs_IGRAneg_BCG_44wk"
"ENSG00000269825",0.0739932407175082,0.149237209817592,0.27,0.179,1,"13","BCG_treated","week44","IGRApos_BCG_44wk_vs_IGRAneg_BCG_44wk"
"NAF1",0.0740933578361118,-0.383682304815657,0.201,0.173,1,"13","BCG_treated","week44","IGRApos_BCG_44wk_vs_IGRAneg_BCG_44wk"
"ETFDH",0.0742307129580411,0.216129084586931,0.151,0.081,1,"13","BCG_treated","week44","IGRApos_BCG_44wk_vs_IGRAneg_BCG_44wk"
"LINC01762",0.0742317482966722,1.20275490608466,0.146,0.064,1,"13","BCG_treated","week44","IGRApos_BCG_44wk_vs_IGRAneg_BCG_44wk"
"TBC1D17",0.0743472565032427,0.634022531194945,0.18,0.098,1,"13","BCG_treated","week44","IGRApos_BCG_44wk_vs_IGRAneg_BCG_44wk"
"RXRB",0.0744742063619105,-0.704392539027396,0.132,0.139,1,"13","BCG_treated","week44","IGRApos_BCG_44wk_vs_IGRAneg_BCG_44wk"
"RCC1",0.0745203538991223,0.426196855988421,0.312,0.185,1,"13","BCG_treated","week44","IGRApos_BCG_44wk_vs_IGRAneg_BCG_44wk"
"JAG1",0.0745586246726216,0.214510123082794,0.368,0.237,1,"13","BCG_treated","week44","IGRApos_BCG_44wk_vs_IGRAneg_BCG_44wk"
"CLTC",0.0746345770858321,-0.189294665406335,0.664,0.578,1,"13","BCG_treated","week44","IGRApos_BCG_44wk_vs_IGRAneg_BCG_44wk"
"TJP2",0.0747428887133207,1.64544108736171,0.138,0.04,1,"13","BCG_treated","week44","IGRApos_BCG_44wk_vs_IGRAneg_BCG_44wk"
"STAT5A",0.0747892763250017,-0.180560514469154,0.402,0.353,1,"13","BCG_treated","week44","IGRApos_BCG_44wk_vs_IGRAneg_BCG_44wk"
"SPTY2D1OS",0.0747900176851678,-1.02212565172318,0.095,0.133,1,"13","BCG_treated","week44","IGRApos_BCG_44wk_vs_IGRAneg_BCG_44wk"
"PSMA5",0.0748310229159145,-0.411794006441712,0.426,0.416,1,"13","BCG_treated","week44","IGRApos_BCG_44wk_vs_IGRAneg_BCG_44wk"
"ARID1A",0.0748369356095942,-0.148054964718604,0.854,0.769,1,"13","BCG_treated","week44","IGRApos_BCG_44wk_vs_IGRAneg_BCG_44wk"
"TASOR",0.0748708123374053,0.418608558271234,0.675,0.457,1,"13","BCG_treated","week44","IGRApos_BCG_44wk_vs_IGRAneg_BCG_44wk"
"PDCD4",0.0752318767189837,0.338657922514488,0.847,0.688,1,"13","BCG_treated","week44","IGRApos_BCG_44wk_vs_IGRAneg_BCG_44wk"
"RANBP1",0.0752771294092938,-0.680232644512172,0.106,0.116,1,"13","BCG_treated","week44","IGRApos_BCG_44wk_vs_IGRAneg_BCG_44wk"
"ABHD16A",0.0753156708886214,-0.122461394375964,0.204,0.139,1,"13","BCG_treated","week44","IGRApos_BCG_44wk_vs_IGRAneg_BCG_44wk"
"GRHPR",0.0753462496316524,0.915879656012694,0.135,0.052,1,"13","BCG_treated","week44","IGRApos_BCG_44wk_vs_IGRAneg_BCG_44wk"
"SNRPD2",0.0754376922896157,-0.790497069037188,0.103,0.104,1,"13","BCG_treated","week44","IGRApos_BCG_44wk_vs_IGRAneg_BCG_44wk"
"GTF2A2",0.0755835315408145,0.467066261422841,0.18,0.092,1,"13","BCG_treated","week44","IGRApos_BCG_44wk_vs_IGRAneg_BCG_44wk"
"SUPT16H",0.07575097283868,-0.306428979360077,0.503,0.457,1,"13","BCG_treated","week44","IGRApos_BCG_44wk_vs_IGRAneg_BCG_44wk"
"ENSG00000244055",0.0757681013534522,-0.812831896978363,0.13,0.168,1,"13","BCG_treated","week44","IGRApos_BCG_44wk_vs_IGRAneg_BCG_44wk"
"NDEL1",0.0757879397668756,-0.424489167852822,0.458,0.405,1,"13","BCG_treated","week44","IGRApos_BCG_44wk_vs_IGRAneg_BCG_44wk"
"GTPBP2",0.0758800379883342,0.162551648555209,0.286,0.179,1,"13","BCG_treated","week44","IGRApos_BCG_44wk_vs_IGRAneg_BCG_44wk"
"POU2F2",0.0762127963789686,-0.322801641061749,0.688,0.676,1,"13","BCG_treated","week44","IGRApos_BCG_44wk_vs_IGRAneg_BCG_44wk"
"PDE12",0.0762343953247418,0.96638446274492,0.183,0.081,1,"13","BCG_treated","week44","IGRApos_BCG_44wk_vs_IGRAneg_BCG_44wk"
"MYH9",0.0763784855168269,-0.136154003907311,0.939,0.925,1,"13","BCG_treated","week44","IGRApos_BCG_44wk_vs_IGRAneg_BCG_44wk"
"CWC25",0.0763862165297559,-0.135440898580905,0.286,0.197,1,"13","BCG_treated","week44","IGRApos_BCG_44wk_vs_IGRAneg_BCG_44wk"
"RTN4",0.0764235711797603,-0.211891197011101,0.458,0.382,1,"13","BCG_treated","week44","IGRApos_BCG_44wk_vs_IGRAneg_BCG_44wk"
"BUD23",0.0764341395623006,-0.364733835600647,0.153,0.127,1,"13","BCG_treated","week44","IGRApos_BCG_44wk_vs_IGRAneg_BCG_44wk"
"P2RY8",0.0764443863467582,0.170655495596532,0.73,0.59,1,"13","BCG_treated","week44","IGRApos_BCG_44wk_vs_IGRAneg_BCG_44wk"
"BBS4",0.0764805130392095,-0.139074159282176,0.151,0.092,1,"13","BCG_treated","week44","IGRApos_BCG_44wk_vs_IGRAneg_BCG_44wk"
"PTDSS1",0.0765565077836745,-0.353878309404438,0.399,0.393,1,"13","BCG_treated","week44","IGRApos_BCG_44wk_vs_IGRAneg_BCG_44wk"
"ARHGAP24",0.0765694254433881,1.40397072501437,0.103,0.04,1,"13","BCG_treated","week44","IGRApos_BCG_44wk_vs_IGRAneg_BCG_44wk"
"MRPS28",0.0765741342230718,0.200137240898602,0.368,0.249,1,"13","BCG_treated","week44","IGRApos_BCG_44wk_vs_IGRAneg_BCG_44wk"
"C6orf62",0.0766824849208953,0.17480560156929,0.463,0.306,1,"13","BCG_treated","week44","IGRApos_BCG_44wk_vs_IGRAneg_BCG_44wk"
"BLOC1S6",0.0767653309299221,-0.438860798519753,0.28,0.243,1,"13","BCG_treated","week44","IGRApos_BCG_44wk_vs_IGRAneg_BCG_44wk"
"GPSM3",0.0768420233853744,-0.420962087070606,0.23,0.208,1,"13","BCG_treated","week44","IGRApos_BCG_44wk_vs_IGRAneg_BCG_44wk"
"TBCE",0.0768921442420875,-0.456066141275488,0.167,0.162,1,"13","BCG_treated","week44","IGRApos_BCG_44wk_vs_IGRAneg_BCG_44wk"
"RPRD1A",0.0769779366633253,-0.27464755996968,0.426,0.399,1,"13","BCG_treated","week44","IGRApos_BCG_44wk_vs_IGRAneg_BCG_44wk"
"RRN3P2",0.0770038742647133,0.79164634250415,0.259,0.145,1,"13","BCG_treated","week44","IGRApos_BCG_44wk_vs_IGRAneg_BCG_44wk"
"GATC",0.077314446844041,-0.768091940223837,0.087,0.121,1,"13","BCG_treated","week44","IGRApos_BCG_44wk_vs_IGRAneg_BCG_44wk"
"LINC00886",0.0773259923344085,-0.397604460189788,0.294,0.249,1,"13","BCG_treated","week44","IGRApos_BCG_44wk_vs_IGRAneg_BCG_44wk"
"SHFL",0.077357887614813,0.68252269322605,0.288,0.168,1,"13","BCG_treated","week44","IGRApos_BCG_44wk_vs_IGRAneg_BCG_44wk"
"SLC26A2",0.0773726990774092,-0.762710788515604,0.085,0.116,1,"13","BCG_treated","week44","IGRApos_BCG_44wk_vs_IGRAneg_BCG_44wk"
"SMCHD1",0.0773966274911521,0.321368864859038,0.944,0.838,1,"13","BCG_treated","week44","IGRApos_BCG_44wk_vs_IGRAneg_BCG_44wk"
"WDR46",0.0775209195864479,-0.627348789232171,0.153,0.133,1,"13","BCG_treated","week44","IGRApos_BCG_44wk_vs_IGRAneg_BCG_44wk"
"HSF2",0.0775466446175454,0.857141970568693,0.124,0.052,1,"13","BCG_treated","week44","IGRApos_BCG_44wk_vs_IGRAneg_BCG_44wk"
"CAMKMT",0.0776057602344734,-0.359233837936471,0.619,0.595,1,"13","BCG_treated","week44","IGRApos_BCG_44wk_vs_IGRAneg_BCG_44wk"
"CDKL1",0.0776867153444704,-0.722417851910678,0.146,0.139,1,"13","BCG_treated","week44","IGRApos_BCG_44wk_vs_IGRAneg_BCG_44wk"
"MIR155HG",0.0778083330594368,-0.572592619449275,0.138,0.191,1,"13","BCG_treated","week44","IGRApos_BCG_44wk_vs_IGRAneg_BCG_44wk"
"PRR3",0.0778085878729345,-0.377061166993653,0.135,0.092,1,"13","BCG_treated","week44","IGRApos_BCG_44wk_vs_IGRAneg_BCG_44wk"
"SH3KBP1",0.0779231774337985,-0.16844275379202,0.595,0.526,1,"13","BCG_treated","week44","IGRApos_BCG_44wk_vs_IGRAneg_BCG_44wk"
"XYLT1",0.0779707321836544,-0.256860882122217,0.672,0.699,1,"13","BCG_treated","week44","IGRApos_BCG_44wk_vs_IGRAneg_BCG_44wk"
"RBCK1",0.0781829258527016,-0.16180002369464,0.331,0.249,1,"13","BCG_treated","week44","IGRApos_BCG_44wk_vs_IGRAneg_BCG_44wk"
"PSMD6-AS1",0.0783690107715688,-1.03267180315622,0.082,0.127,1,"13","BCG_treated","week44","IGRApos_BCG_44wk_vs_IGRAneg_BCG_44wk"
"DTNB",0.0785668772955982,0.163035669534495,0.484,0.318,1,"13","BCG_treated","week44","IGRApos_BCG_44wk_vs_IGRAneg_BCG_44wk"
"TUT7",0.0785725628401871,-0.206032878247943,0.725,0.671,1,"13","BCG_treated","week44","IGRApos_BCG_44wk_vs_IGRAneg_BCG_44wk"
"CUX1",0.0787617419099192,-0.126417722805605,0.804,0.728,1,"13","BCG_treated","week44","IGRApos_BCG_44wk_vs_IGRAneg_BCG_44wk"
"LRIG1",0.0788776743649905,0.444147453445558,0.275,0.168,1,"13","BCG_treated","week44","IGRApos_BCG_44wk_vs_IGRAneg_BCG_44wk"
"ZBTB40",0.078982178040969,0.20978861587763,0.431,0.289,1,"13","BCG_treated","week44","IGRApos_BCG_44wk_vs_IGRAneg_BCG_44wk"
"CFL1",0.079061529095293,-0.516483526438366,0.339,0.347,1,"13","BCG_treated","week44","IGRApos_BCG_44wk_vs_IGRAneg_BCG_44wk"
"PHF19",0.0790941619363052,-0.166881466896143,0.288,0.225,1,"13","BCG_treated","week44","IGRApos_BCG_44wk_vs_IGRAneg_BCG_44wk"
"PAIP1",0.0794094014770583,-0.385036956334357,0.249,0.237,1,"13","BCG_treated","week44","IGRApos_BCG_44wk_vs_IGRAneg_BCG_44wk"
"ZNF738",0.0796021327570793,-0.182979493763575,0.151,0.104,1,"13","BCG_treated","week44","IGRApos_BCG_44wk_vs_IGRAneg_BCG_44wk"
"TAF1B",0.079635715175239,-0.292470031945751,0.394,0.358,1,"13","BCG_treated","week44","IGRApos_BCG_44wk_vs_IGRAneg_BCG_44wk"
"TNFSF13B",0.0798708062891642,1.16544043473369,0.159,0.064,1,"13","BCG_treated","week44","IGRApos_BCG_44wk_vs_IGRAneg_BCG_44wk"
"BICD1",0.0799170602891794,0.400028538673741,0.669,0.514,1,"13","BCG_treated","week44","IGRApos_BCG_44wk_vs_IGRAneg_BCG_44wk"
"RARG",0.0799179566021763,-1.01116597345138,0.087,0.127,1,"13","BCG_treated","week44","IGRApos_BCG_44wk_vs_IGRAneg_BCG_44wk"
"MAPRE1",0.0799433589667676,-0.213400190057937,0.352,0.289,1,"13","BCG_treated","week44","IGRApos_BCG_44wk_vs_IGRAneg_BCG_44wk"
"PRPF6",0.0800900279375449,-0.278158107273641,0.595,0.566,1,"13","BCG_treated","week44","IGRApos_BCG_44wk_vs_IGRAneg_BCG_44wk"
"ARRB2",0.0801549505870215,-0.40344956475301,0.283,0.272,1,"13","BCG_treated","week44","IGRApos_BCG_44wk_vs_IGRAneg_BCG_44wk"
"MAFIP",0.0801652244426415,-1.0166455330066,0.108,0.156,1,"13","BCG_treated","week44","IGRApos_BCG_44wk_vs_IGRAneg_BCG_44wk"
"SARS1",0.0803709929199932,-0.438213451347017,0.294,0.301,1,"13","BCG_treated","week44","IGRApos_BCG_44wk_vs_IGRAneg_BCG_44wk"
"IGF1R",0.0804113379175167,-0.119470652760979,0.77,0.694,1,"13","BCG_treated","week44","IGRApos_BCG_44wk_vs_IGRAneg_BCG_44wk"
"FBRS",0.08046611423459,-0.210169107369541,0.447,0.358,1,"13","BCG_treated","week44","IGRApos_BCG_44wk_vs_IGRAneg_BCG_44wk"
"RIN3",0.0804895268728218,-0.265130089097418,0.947,0.931,1,"13","BCG_treated","week44","IGRApos_BCG_44wk_vs_IGRAneg_BCG_44wk"
"XPR1",0.0805568465754944,-0.285374063605286,0.585,0.538,1,"13","BCG_treated","week44","IGRApos_BCG_44wk_vs_IGRAneg_BCG_44wk"
"INTS6L",0.0805584976337781,-0.284350138039757,0.36,0.301,1,"13","BCG_treated","week44","IGRApos_BCG_44wk_vs_IGRAneg_BCG_44wk"
"ATP5F1B",0.0805893533339744,-0.16090880056052,0.31,0.249,1,"13","BCG_treated","week44","IGRApos_BCG_44wk_vs_IGRAneg_BCG_44wk"
"TMED4",0.0806420177790401,-0.632906481917535,0.196,0.208,1,"13","BCG_treated","week44","IGRApos_BCG_44wk_vs_IGRAneg_BCG_44wk"
"ADGRG1",0.0807325193711593,-0.508732859634861,0.235,0.26,1,"13","BCG_treated","week44","IGRApos_BCG_44wk_vs_IGRAneg_BCG_44wk"
"CXCL8",0.0807718171559107,1.65018506756855,0.103,0.035,1,"13","BCG_treated","week44","IGRApos_BCG_44wk_vs_IGRAneg_BCG_44wk"
"MYBBP1A",0.0807739404777191,-0.3769952315587,0.246,0.197,1,"13","BCG_treated","week44","IGRApos_BCG_44wk_vs_IGRAneg_BCG_44wk"
"GFOD2",0.0808431633822074,-0.47063487808501,0.18,0.127,1,"13","BCG_treated","week44","IGRApos_BCG_44wk_vs_IGRAneg_BCG_44wk"
"FAM13A-AS1",0.0809067162721334,-0.22113693920235,0.299,0.237,1,"13","BCG_treated","week44","IGRApos_BCG_44wk_vs_IGRAneg_BCG_44wk"
"ORC3",0.0810021493553708,-0.684956949087783,0.212,0.231,1,"13","BCG_treated","week44","IGRApos_BCG_44wk_vs_IGRAneg_BCG_44wk"
"EBPL",0.0810052492537203,0.649088157589693,0.143,0.064,1,"13","BCG_treated","week44","IGRApos_BCG_44wk_vs_IGRAneg_BCG_44wk"
"RASGRP1",0.0810964619626582,0.292394210935184,0.807,0.647,1,"13","BCG_treated","week44","IGRApos_BCG_44wk_vs_IGRAneg_BCG_44wk"
"PSEN1",0.0811515905876459,-0.361835220934461,0.516,0.52,1,"13","BCG_treated","week44","IGRApos_BCG_44wk_vs_IGRAneg_BCG_44wk"
"TCHP",0.0811797881208632,0.519070355020626,0.283,0.162,1,"13","BCG_treated","week44","IGRApos_BCG_44wk_vs_IGRAneg_BCG_44wk"
"ENDOD1",0.081272771062004,-0.551320715740752,0.103,0.11,1,"13","BCG_treated","week44","IGRApos_BCG_44wk_vs_IGRAneg_BCG_44wk"
"MCFD2",0.0814493348882122,-0.329113930861715,0.235,0.231,1,"13","BCG_treated","week44","IGRApos_BCG_44wk_vs_IGRAneg_BCG_44wk"
"KIF5B",0.0814582401657175,-0.31444935462296,0.661,0.647,1,"13","BCG_treated","week44","IGRApos_BCG_44wk_vs_IGRAneg_BCG_44wk"
"THEM4",0.081645676764521,-0.364971680074275,0.222,0.179,1,"13","BCG_treated","week44","IGRApos_BCG_44wk_vs_IGRAneg_BCG_44wk"
"ZNF706",0.0816810247136944,-0.466716714179423,0.267,0.272,1,"13","BCG_treated","week44","IGRApos_BCG_44wk_vs_IGRAneg_BCG_44wk"
"ZNF710",0.0817289917898422,0.416634477999683,0.622,0.422,1,"13","BCG_treated","week44","IGRApos_BCG_44wk_vs_IGRAneg_BCG_44wk"
"EXOSC7",0.0819271509487947,-0.235846274355885,0.275,0.214,1,"13","BCG_treated","week44","IGRApos_BCG_44wk_vs_IGRAneg_BCG_44wk"
"XRN1",0.0822413564626826,0.24652954328381,0.913,0.786,1,"13","BCG_treated","week44","IGRApos_BCG_44wk_vs_IGRAneg_BCG_44wk"
"UBE2D2",0.0824384064281702,-0.227326293154096,0.664,0.63,1,"13","BCG_treated","week44","IGRApos_BCG_44wk_vs_IGRAneg_BCG_44wk"
"SFXN2",0.0825580670083129,-0.205990317094268,0.146,0.104,1,"13","BCG_treated","week44","IGRApos_BCG_44wk_vs_IGRAneg_BCG_44wk"
"ENSG00000243176",0.0827158192635542,0.432012026089461,0.283,0.168,1,"13","BCG_treated","week44","IGRApos_BCG_44wk_vs_IGRAneg_BCG_44wk"
"SLC25A24",0.0827270024149698,-0.763613754232531,0.188,0.231,1,"13","BCG_treated","week44","IGRApos_BCG_44wk_vs_IGRAneg_BCG_44wk"
"VASP",0.0829379045766499,-0.495557049331765,0.333,0.324,1,"13","BCG_treated","week44","IGRApos_BCG_44wk_vs_IGRAneg_BCG_44wk"
"GRB2",0.0829699766024879,-0.203258105055258,0.659,0.578,1,"13","BCG_treated","week44","IGRApos_BCG_44wk_vs_IGRAneg_BCG_44wk"
"MYO15B",0.0829895378936463,-0.298541616090563,0.209,0.237,1,"13","BCG_treated","week44","IGRApos_BCG_44wk_vs_IGRAneg_BCG_44wk"
"GTF3C1",0.0831308666431664,0.145552813725744,0.556,0.37,1,"13","BCG_treated","week44","IGRApos_BCG_44wk_vs_IGRAneg_BCG_44wk"
"UBE2B",0.0831948179844859,-0.504321664428841,0.325,0.318,1,"13","BCG_treated","week44","IGRApos_BCG_44wk_vs_IGRAneg_BCG_44wk"
"SLC2A11",0.0832532316611605,0.63665169641769,0.13,0.058,1,"13","BCG_treated","week44","IGRApos_BCG_44wk_vs_IGRAneg_BCG_44wk"
"KIAA0753",0.0834343619249926,-0.381518959954011,0.31,0.329,1,"13","BCG_treated","week44","IGRApos_BCG_44wk_vs_IGRAneg_BCG_44wk"
"INPP5B",0.0834574447293141,-0.138024517992971,0.471,0.358,1,"13","BCG_treated","week44","IGRApos_BCG_44wk_vs_IGRAneg_BCG_44wk"
"TFDP1",0.0834805817366394,0.972448289346344,0.235,0.116,1,"13","BCG_treated","week44","IGRApos_BCG_44wk_vs_IGRAneg_BCG_44wk"
"PDC-AS1",0.0835330045282533,-0.674012691477939,0.114,0.121,1,"13","BCG_treated","week44","IGRApos_BCG_44wk_vs_IGRAneg_BCG_44wk"
"GNB2",0.0835864182920339,-0.50214795353945,0.114,0.15,1,"13","BCG_treated","week44","IGRApos_BCG_44wk_vs_IGRAneg_BCG_44wk"
"SNX13",0.0836080588201348,0.302024985761597,0.614,0.422,1,"13","BCG_treated","week44","IGRApos_BCG_44wk_vs_IGRAneg_BCG_44wk"
"KDM5C",0.0837466690887068,-0.401591217333738,0.487,0.457,1,"13","BCG_treated","week44","IGRApos_BCG_44wk_vs_IGRAneg_BCG_44wk"
"FNBP1",0.0837617987603295,-0.209886998197134,0.937,0.931,1,"13","BCG_treated","week44","IGRApos_BCG_44wk_vs_IGRAneg_BCG_44wk"
"SRP68",0.0837638659063981,-0.470819739567647,0.241,0.225,1,"13","BCG_treated","week44","IGRApos_BCG_44wk_vs_IGRAneg_BCG_44wk"
"SRSF2",0.0837717209325261,0.208298486542717,0.415,0.277,1,"13","BCG_treated","week44","IGRApos_BCG_44wk_vs_IGRAneg_BCG_44wk"
"TMEM161B-DT",0.0838360471135641,-0.316847666346918,0.325,0.353,1,"13","BCG_treated","week44","IGRApos_BCG_44wk_vs_IGRAneg_BCG_44wk"
"ENSG00000291175",0.0838361352692501,-0.430884600748075,0.254,0.289,1,"13","BCG_treated","week44","IGRApos_BCG_44wk_vs_IGRAneg_BCG_44wk"
"DTX2P1",0.0839725639085908,1.1266817601421,0.127,0.046,1,"13","BCG_treated","week44","IGRApos_BCG_44wk_vs_IGRAneg_BCG_44wk"
"TGFBR1",0.0840194286042947,-0.250554830244826,0.534,0.491,1,"13","BCG_treated","week44","IGRApos_BCG_44wk_vs_IGRAneg_BCG_44wk"
"CANX",0.0840405436359547,-0.22279740077142,0.696,0.659,1,"13","BCG_treated","week44","IGRApos_BCG_44wk_vs_IGRAneg_BCG_44wk"
"SDR39U1",0.0840830326881789,-0.5692594560313,0.146,0.145,1,"13","BCG_treated","week44","IGRApos_BCG_44wk_vs_IGRAneg_BCG_44wk"
"IGBP1",0.0841072578467303,-0.122733144290087,0.304,0.237,1,"13","BCG_treated","week44","IGRApos_BCG_44wk_vs_IGRAneg_BCG_44wk"
"PPP1R15B",0.0841771721427843,-0.329146040820233,0.336,0.347,1,"13","BCG_treated","week44","IGRApos_BCG_44wk_vs_IGRAneg_BCG_44wk"
"SLC1A4",0.0842648575728574,-0.199493261523627,0.386,0.387,1,"13","BCG_treated","week44","IGRApos_BCG_44wk_vs_IGRAneg_BCG_44wk"
"CCNDBP1",0.0843219403739976,-0.100199239535434,0.254,0.179,1,"13","BCG_treated","week44","IGRApos_BCG_44wk_vs_IGRAneg_BCG_44wk"
"ZDHHC6",0.0845398395558744,0.718432748760397,0.243,0.127,1,"13","BCG_treated","week44","IGRApos_BCG_44wk_vs_IGRAneg_BCG_44wk"
"ZHX3",0.0845791869175886,-0.466518184396058,0.122,0.092,1,"13","BCG_treated","week44","IGRApos_BCG_44wk_vs_IGRAneg_BCG_44wk"
"LPP",0.0847183065844261,0.142515067081225,0.929,0.85,1,"13","BCG_treated","week44","IGRApos_BCG_44wk_vs_IGRAneg_BCG_44wk"
"KAT6A",0.0848334468092085,-0.222930806323542,0.907,0.867,1,"13","BCG_treated","week44","IGRApos_BCG_44wk_vs_IGRAneg_BCG_44wk"
"IL12RB1",0.0848672115647312,0.51903180007377,0.288,0.162,1,"13","BCG_treated","week44","IGRApos_BCG_44wk_vs_IGRAneg_BCG_44wk"
"ATXN1",0.0849187160181835,0.226771880178303,0.899,0.821,1,"13","BCG_treated","week44","IGRApos_BCG_44wk_vs_IGRAneg_BCG_44wk"
"EOGT",0.0849614206311971,1.37564794715178,0.108,0.04,1,"13","BCG_treated","week44","IGRApos_BCG_44wk_vs_IGRAneg_BCG_44wk"
"OASL",0.0850863866512563,0.584271473368494,0.413,0.272,1,"13","BCG_treated","week44","IGRApos_BCG_44wk_vs_IGRAneg_BCG_44wk"
"AGPAT4",0.0851054093121015,0.297029034361864,0.833,0.688,1,"13","BCG_treated","week44","IGRApos_BCG_44wk_vs_IGRAneg_BCG_44wk"
"GPR174",0.0851196824398125,-0.100597641069054,0.672,0.543,1,"13","BCG_treated","week44","IGRApos_BCG_44wk_vs_IGRAneg_BCG_44wk"
"QSOX1",0.0852287778339442,-0.318026383852785,0.148,0.121,1,"13","BCG_treated","week44","IGRApos_BCG_44wk_vs_IGRAneg_BCG_44wk"
"EID1",0.0852638795924776,-0.545282991685889,0.214,0.214,1,"13","BCG_treated","week44","IGRApos_BCG_44wk_vs_IGRAneg_BCG_44wk"
"FAT4",0.0853990200159482,1.17127151404677,0.13,0.058,1,"13","BCG_treated","week44","IGRApos_BCG_44wk_vs_IGRAneg_BCG_44wk"
"PDIK1L",0.0854930643703198,0.486120691660916,0.106,0.046,1,"13","BCG_treated","week44","IGRApos_BCG_44wk_vs_IGRAneg_BCG_44wk"
"RAB8B",0.0855017674386001,0.221041426511906,0.78,0.723,1,"13","BCG_treated","week44","IGRApos_BCG_44wk_vs_IGRAneg_BCG_44wk"
"BRIX1",0.085501885036078,-0.873551440384617,0.119,0.156,1,"13","BCG_treated","week44","IGRApos_BCG_44wk_vs_IGRAneg_BCG_44wk"
"CDYL2",0.0855200551357144,-0.145718386879117,0.146,0.092,1,"13","BCG_treated","week44","IGRApos_BCG_44wk_vs_IGRAneg_BCG_44wk"
"CBLL1",0.0857914513469773,-0.653227520551136,0.204,0.231,1,"13","BCG_treated","week44","IGRApos_BCG_44wk_vs_IGRAneg_BCG_44wk"
"ZNF131",0.0858663219795492,-0.355031078940359,0.587,0.59,1,"13","BCG_treated","week44","IGRApos_BCG_44wk_vs_IGRAneg_BCG_44wk"
"YTHDF2",0.0858686163785811,-0.203889354051059,0.376,0.324,1,"13","BCG_treated","week44","IGRApos_BCG_44wk_vs_IGRAneg_BCG_44wk"
"UTP11",0.0860015890200845,-0.764486844746254,0.114,0.127,1,"13","BCG_treated","week44","IGRApos_BCG_44wk_vs_IGRAneg_BCG_44wk"
"HIF1A",0.0860296934527849,0.219645875320534,0.952,0.896,1,"13","BCG_treated","week44","IGRApos_BCG_44wk_vs_IGRAneg_BCG_44wk"
"SRA1",0.0860683224119312,-1.13156863939958,0.082,0.127,1,"13","BCG_treated","week44","IGRApos_BCG_44wk_vs_IGRAneg_BCG_44wk"
"NR2C1",0.0863000484179291,-0.339443956566888,0.28,0.237,1,"13","BCG_treated","week44","IGRApos_BCG_44wk_vs_IGRAneg_BCG_44wk"
"ING3",0.0865124988439864,0.29589692743774,0.259,0.139,1,"13","BCG_treated","week44","IGRApos_BCG_44wk_vs_IGRAneg_BCG_44wk"
"EDEM2",0.0865523592778862,-0.631979594646948,0.161,0.156,1,"13","BCG_treated","week44","IGRApos_BCG_44wk_vs_IGRAneg_BCG_44wk"
"DDX41",0.0865606224093226,0.318139459182709,0.114,0.052,1,"13","BCG_treated","week44","IGRApos_BCG_44wk_vs_IGRAneg_BCG_44wk"
"UGGT1",0.0866530816930351,0.304714234108474,0.619,0.428,1,"13","BCG_treated","week44","IGRApos_BCG_44wk_vs_IGRAneg_BCG_44wk"
"GTF2F2",0.0866849337793972,-0.153820062514613,0.529,0.416,1,"13","BCG_treated","week44","IGRApos_BCG_44wk_vs_IGRAneg_BCG_44wk"
"IL9R",0.0867655634614815,-1.01001988382695,0.098,0.133,1,"13","BCG_treated","week44","IGRApos_BCG_44wk_vs_IGRAneg_BCG_44wk"
"EIF3L",0.0868014585346771,0.159808822678113,0.357,0.243,1,"13","BCG_treated","week44","IGRApos_BCG_44wk_vs_IGRAneg_BCG_44wk"
"ZNF516",0.086854930973954,-0.591798761503966,0.124,0.162,1,"13","BCG_treated","week44","IGRApos_BCG_44wk_vs_IGRAneg_BCG_44wk"
"CMTR2",0.0869167085744383,0.294741167446883,0.19,0.11,1,"13","BCG_treated","week44","IGRApos_BCG_44wk_vs_IGRAneg_BCG_44wk"
"UBE2Q1",0.0869375089825979,-0.643643785458505,0.161,0.191,1,"13","BCG_treated","week44","IGRApos_BCG_44wk_vs_IGRAneg_BCG_44wk"
"CMPK2",0.0871589994092821,1.29369380207869,0.132,0.046,1,"13","BCG_treated","week44","IGRApos_BCG_44wk_vs_IGRAneg_BCG_44wk"
"VAMP3",0.0872890508592902,-0.615919778624961,0.119,0.121,1,"13","BCG_treated","week44","IGRApos_BCG_44wk_vs_IGRAneg_BCG_44wk"
"PRKRIP1",0.0872988518872592,-0.265545604743594,0.529,0.468,1,"13","BCG_treated","week44","IGRApos_BCG_44wk_vs_IGRAneg_BCG_44wk"
"VIM-AS1",0.0873648697496463,-0.263304633414967,0.148,0.116,1,"13","BCG_treated","week44","IGRApos_BCG_44wk_vs_IGRAneg_BCG_44wk"
"ARMC8",0.0873681345029039,-0.238461320643554,0.574,0.555,1,"13","BCG_treated","week44","IGRApos_BCG_44wk_vs_IGRAneg_BCG_44wk"
"PHF11",0.0874400867121635,0.535535692354307,0.439,0.295,1,"13","BCG_treated","week44","IGRApos_BCG_44wk_vs_IGRAneg_BCG_44wk"
"UTP25",0.0875191891870182,-0.833498847897263,0.159,0.179,1,"13","BCG_treated","week44","IGRApos_BCG_44wk_vs_IGRAneg_BCG_44wk"
"TMBIM1",0.0876431500702222,-0.54436803047555,0.138,0.116,1,"13","BCG_treated","week44","IGRApos_BCG_44wk_vs_IGRAneg_BCG_44wk"
"IL15RA",0.0877096522342461,0.149068353546418,0.373,0.249,1,"13","BCG_treated","week44","IGRApos_BCG_44wk_vs_IGRAneg_BCG_44wk"
"TTTY10",0.0877623503402979,0.894590727353108,0.114,0.046,1,"13","BCG_treated","week44","IGRApos_BCG_44wk_vs_IGRAneg_BCG_44wk"
"ZNF528",0.0877840520374711,1.01647609950696,0.132,0.064,1,"13","BCG_treated","week44","IGRApos_BCG_44wk_vs_IGRAneg_BCG_44wk"
"CREBL2",0.087822442075858,-0.316897627847463,0.225,0.168,1,"13","BCG_treated","week44","IGRApos_BCG_44wk_vs_IGRAneg_BCG_44wk"
"LAP3",0.0881778289784683,0.877975874669255,0.32,0.168,1,"13","BCG_treated","week44","IGRApos_BCG_44wk_vs_IGRAneg_BCG_44wk"
"PAPOLA",0.0881858346996448,-0.21718766324473,0.794,0.728,1,"13","BCG_treated","week44","IGRApos_BCG_44wk_vs_IGRAneg_BCG_44wk"
"IPO13",0.0882162807544637,1.09409106655731,0.106,0.04,1,"13","BCG_treated","week44","IGRApos_BCG_44wk_vs_IGRAneg_BCG_44wk"
"INTS9",0.0883055017983912,-0.18062647818735,0.341,0.272,1,"13","BCG_treated","week44","IGRApos_BCG_44wk_vs_IGRAneg_BCG_44wk"
"RNF126",0.0883237167164669,0.497515867853269,0.132,0.058,1,"13","BCG_treated","week44","IGRApos_BCG_44wk_vs_IGRAneg_BCG_44wk"
"PRCP",0.0883243283257428,0.383139800154657,0.214,0.127,1,"13","BCG_treated","week44","IGRApos_BCG_44wk_vs_IGRAneg_BCG_44wk"
"TRIM28",0.0883678371501967,-0.112629265023842,0.198,0.139,1,"13","BCG_treated","week44","IGRApos_BCG_44wk_vs_IGRAneg_BCG_44wk"
"USP4",0.0884221310134627,-0.239998209263638,0.542,0.486,1,"13","BCG_treated","week44","IGRApos_BCG_44wk_vs_IGRAneg_BCG_44wk"
"MBIP",0.0884407394989763,0.52383138092417,0.172,0.087,1,"13","BCG_treated","week44","IGRApos_BCG_44wk_vs_IGRAneg_BCG_44wk"
"CCDC90B",0.088564952287464,-0.544180523459207,0.209,0.214,1,"13","BCG_treated","week44","IGRApos_BCG_44wk_vs_IGRAneg_BCG_44wk"
"DDX39B",0.0887894250905497,-0.122365914309517,0.749,0.688,1,"13","BCG_treated","week44","IGRApos_BCG_44wk_vs_IGRAneg_BCG_44wk"
"DAGLB",0.0888159243070144,-0.168582196887838,0.14,0.098,1,"13","BCG_treated","week44","IGRApos_BCG_44wk_vs_IGRAneg_BCG_44wk"
"TMEM39B",0.0888585277686195,0.900723275948701,0.103,0.04,1,"13","BCG_treated","week44","IGRApos_BCG_44wk_vs_IGRAneg_BCG_44wk"
"CKLF",0.0891618803459862,-0.363142387409681,0.622,0.618,1,"13","BCG_treated","week44","IGRApos_BCG_44wk_vs_IGRAneg_BCG_44wk"
"BCAP29",0.0892052782101167,-0.126347648579188,0.246,0.185,1,"13","BCG_treated","week44","IGRApos_BCG_44wk_vs_IGRAneg_BCG_44wk"
"ATF7",0.0892388586308069,0.353390733897743,0.577,0.41,1,"13","BCG_treated","week44","IGRApos_BCG_44wk_vs_IGRAneg_BCG_44wk"
"ENSG00000237596",0.0893999683026323,-0.556573523648465,0.185,0.11,1,"13","BCG_treated","week44","IGRApos_BCG_44wk_vs_IGRAneg_BCG_44wk"
"TRMT2B",0.0894178596635084,0.29710107602369,0.288,0.168,1,"13","BCG_treated","week44","IGRApos_BCG_44wk_vs_IGRAneg_BCG_44wk"
"SSR1",0.0894599692981866,-0.271415059380339,0.349,0.306,1,"13","BCG_treated","week44","IGRApos_BCG_44wk_vs_IGRAneg_BCG_44wk"
"RAC2",0.0894713087044563,-0.325959564713977,0.569,0.543,1,"13","BCG_treated","week44","IGRApos_BCG_44wk_vs_IGRAneg_BCG_44wk"
"UQCR11",0.0894994797326606,-1.07997215163827,0.074,0.104,1,"13","BCG_treated","week44","IGRApos_BCG_44wk_vs_IGRAneg_BCG_44wk"
"KRBOX5",0.0895029201951224,-0.578880295400318,0.267,0.249,1,"13","BCG_treated","week44","IGRApos_BCG_44wk_vs_IGRAneg_BCG_44wk"
"ZBED4",0.089555187576941,0.282018391571348,0.429,0.295,1,"13","BCG_treated","week44","IGRApos_BCG_44wk_vs_IGRAneg_BCG_44wk"
"RAB9A",0.089610205625303,0.86679949554488,0.307,0.162,1,"13","BCG_treated","week44","IGRApos_BCG_44wk_vs_IGRAneg_BCG_44wk"
"NUDT3",0.089627014092069,-0.140119085183733,0.484,0.491,1,"13","BCG_treated","week44","IGRApos_BCG_44wk_vs_IGRAneg_BCG_44wk"
"KLHL42",0.0896887935475484,-0.573308993033072,0.161,0.162,1,"13","BCG_treated","week44","IGRApos_BCG_44wk_vs_IGRAneg_BCG_44wk"
"PPP1R10",0.0897375122238138,0.355387437677794,0.566,0.382,1,"13","BCG_treated","week44","IGRApos_BCG_44wk_vs_IGRAneg_BCG_44wk"
"ACO1",0.0897947549466593,-0.586730727384345,0.135,0.127,1,"13","BCG_treated","week44","IGRApos_BCG_44wk_vs_IGRAneg_BCG_44wk"
"HEATR5B",0.0899906422788206,0.102628911037848,0.548,0.387,1,"13","BCG_treated","week44","IGRApos_BCG_44wk_vs_IGRAneg_BCG_44wk"
"LRRC40",0.0900955043921549,-0.197508255656058,0.257,0.197,1,"13","BCG_treated","week44","IGRApos_BCG_44wk_vs_IGRAneg_BCG_44wk"
"C1S",0.0902488927709718,-0.719573223464628,0.122,0.11,1,"13","BCG_treated","week44","IGRApos_BCG_44wk_vs_IGRAneg_BCG_44wk"
"C11orf54",0.0902701604241683,-0.465267588973815,0.214,0.231,1,"13","BCG_treated","week44","IGRApos_BCG_44wk_vs_IGRAneg_BCG_44wk"
"HMGN4",0.0904797972864313,-0.310908029525491,0.201,0.179,1,"13","BCG_treated","week44","IGRApos_BCG_44wk_vs_IGRAneg_BCG_44wk"
"ENSG00000272800",0.0905668310998907,-0.573377466914477,0.103,0.121,1,"13","BCG_treated","week44","IGRApos_BCG_44wk_vs_IGRAneg_BCG_44wk"
"LEF1",0.0905868091649524,-0.319514720255821,0.31,0.283,1,"13","BCG_treated","week44","IGRApos_BCG_44wk_vs_IGRAneg_BCG_44wk"
"IGF2R",0.0905870718627389,-0.54320174847468,0.476,0.445,1,"13","BCG_treated","week44","IGRApos_BCG_44wk_vs_IGRAneg_BCG_44wk"
"CATSPER2",0.0907320592153918,0.85155331141772,0.111,0.046,1,"13","BCG_treated","week44","IGRApos_BCG_44wk_vs_IGRAneg_BCG_44wk"
"B4GALT7",0.090812621803986,0.594275307468207,0.103,0.04,1,"13","BCG_treated","week44","IGRApos_BCG_44wk_vs_IGRAneg_BCG_44wk"
"PRPF39",0.0909152200465046,0.226067915781417,0.384,0.237,1,"13","BCG_treated","week44","IGRApos_BCG_44wk_vs_IGRAneg_BCG_44wk"
"EVL",0.0909195841501423,-0.27507512490433,0.854,0.821,1,"13","BCG_treated","week44","IGRApos_BCG_44wk_vs_IGRAneg_BCG_44wk"
"RAB33B",0.0909557814730242,-0.930146262294517,0.085,0.133,1,"13","BCG_treated","week44","IGRApos_BCG_44wk_vs_IGRAneg_BCG_44wk"
"CLK3",0.0910500488654782,-0.161576449097564,0.257,0.197,1,"13","BCG_treated","week44","IGRApos_BCG_44wk_vs_IGRAneg_BCG_44wk"
"AP1S3",0.0910882859797245,-0.253555351150109,0.167,0.191,1,"13","BCG_treated","week44","IGRApos_BCG_44wk_vs_IGRAneg_BCG_44wk"
"XRCC6",0.0912318253505567,-0.283935582517372,0.46,0.422,1,"13","BCG_treated","week44","IGRApos_BCG_44wk_vs_IGRAneg_BCG_44wk"
"ZNF577",0.0912749215360465,-0.484157777506415,0.101,0.127,1,"13","BCG_treated","week44","IGRApos_BCG_44wk_vs_IGRAneg_BCG_44wk"
"CNST",0.0913008465933015,-0.340680307104567,0.463,0.451,1,"13","BCG_treated","week44","IGRApos_BCG_44wk_vs_IGRAneg_BCG_44wk"
"THAP4",0.0914228953136346,-0.260660278656392,0.169,0.133,1,"13","BCG_treated","week44","IGRApos_BCG_44wk_vs_IGRAneg_BCG_44wk"
"ARFIP2",0.0914233625128783,-0.378879002082544,0.13,0.11,1,"13","BCG_treated","week44","IGRApos_BCG_44wk_vs_IGRAneg_BCG_44wk"
"C7orf50",0.091426482504729,1.10109524703662,0.257,0.127,1,"13","BCG_treated","week44","IGRApos_BCG_44wk_vs_IGRAneg_BCG_44wk"
"ALG2",0.091566216089843,-0.114716961115101,0.206,0.15,1,"13","BCG_treated","week44","IGRApos_BCG_44wk_vs_IGRAneg_BCG_44wk"
"SSBP1",0.091569157504343,-0.505900498387229,0.331,0.318,1,"13","BCG_treated","week44","IGRApos_BCG_44wk_vs_IGRAneg_BCG_44wk"
"ENSG00000283674",0.0916637131064079,-0.481827449318596,0.177,0.168,1,"13","BCG_treated","week44","IGRApos_BCG_44wk_vs_IGRAneg_BCG_44wk"
"ENSG00000236449",0.0917071131171461,-0.197508132572501,0.294,0.214,1,"13","BCG_treated","week44","IGRApos_BCG_44wk_vs_IGRAneg_BCG_44wk"
"ACSF3",0.0917763273935171,0.250509433705255,0.384,0.254,1,"13","BCG_treated","week44","IGRApos_BCG_44wk_vs_IGRAneg_BCG_44wk"
"TUBB4B",0.091776659767826,-0.730332206489011,0.093,0.121,1,"13","BCG_treated","week44","IGRApos_BCG_44wk_vs_IGRAneg_BCG_44wk"
"RBBP4",0.0920525823586657,-0.228535711831097,0.503,0.462,1,"13","BCG_treated","week44","IGRApos_BCG_44wk_vs_IGRAneg_BCG_44wk"
"RPS27AP16",0.0920553193525019,-0.753674242871058,0.146,0.179,1,"13","BCG_treated","week44","IGRApos_BCG_44wk_vs_IGRAneg_BCG_44wk"
"EZH2",0.0920789848207596,0.871087426648733,0.376,0.214,1,"13","BCG_treated","week44","IGRApos_BCG_44wk_vs_IGRAneg_BCG_44wk"
"DCTN4",0.0921823721930581,-0.294831251189662,0.368,0.318,1,"13","BCG_treated","week44","IGRApos_BCG_44wk_vs_IGRAneg_BCG_44wk"
"GOLGA3",0.0922755932963308,-0.185062400527563,0.476,0.457,1,"13","BCG_treated","week44","IGRApos_BCG_44wk_vs_IGRAneg_BCG_44wk"
"DMXL1",0.0925062680016619,-0.195826684096949,0.561,0.543,1,"13","BCG_treated","week44","IGRApos_BCG_44wk_vs_IGRAneg_BCG_44wk"
"ENSG00000241962",0.0927191941916368,-0.581684712368321,0.161,0.191,1,"13","BCG_treated","week44","IGRApos_BCG_44wk_vs_IGRAneg_BCG_44wk"
"PTGER2",0.0927298875835096,0.219094137966233,0.167,0.098,1,"13","BCG_treated","week44","IGRApos_BCG_44wk_vs_IGRAneg_BCG_44wk"
"ZMAT1",0.0929196632220419,-0.127478382409445,0.119,0.081,1,"13","BCG_treated","week44","IGRApos_BCG_44wk_vs_IGRAneg_BCG_44wk"
"CD69",0.092933592056508,-0.189530637563133,0.418,0.318,1,"13","BCG_treated","week44","IGRApos_BCG_44wk_vs_IGRAneg_BCG_44wk"
"TMEM106A",0.0929806667166666,-0.108748755055571,0.254,0.179,1,"13","BCG_treated","week44","IGRApos_BCG_44wk_vs_IGRAneg_BCG_44wk"
"PLEKHM1P1",0.0931618077661551,-0.559698984680206,0.288,0.312,1,"13","BCG_treated","week44","IGRApos_BCG_44wk_vs_IGRAneg_BCG_44wk"
"SLC9A3R1",0.0931998461006643,-0.399814640631764,0.317,0.324,1,"13","BCG_treated","week44","IGRApos_BCG_44wk_vs_IGRAneg_BCG_44wk"
"NFKBID",0.0932374420214345,0.912413247154008,0.143,0.064,1,"13","BCG_treated","week44","IGRApos_BCG_44wk_vs_IGRAneg_BCG_44wk"
"EIF2S1",0.0934277584653278,-0.31088750099443,0.278,0.301,1,"13","BCG_treated","week44","IGRApos_BCG_44wk_vs_IGRAneg_BCG_44wk"
"SMARCA4",0.0935121388744826,-0.189264758895118,0.566,0.543,1,"13","BCG_treated","week44","IGRApos_BCG_44wk_vs_IGRAneg_BCG_44wk"
"UBE2Q2P2",0.093635983047024,0.715488811559943,0.196,0.11,1,"13","BCG_treated","week44","IGRApos_BCG_44wk_vs_IGRAneg_BCG_44wk"
"CYB5A",0.0938356304264729,-0.868180051834865,0.09,0.116,1,"13","BCG_treated","week44","IGRApos_BCG_44wk_vs_IGRAneg_BCG_44wk"
"CAMK4",0.0939306872070706,0.307791637682965,0.516,0.382,1,"13","BCG_treated","week44","IGRApos_BCG_44wk_vs_IGRAneg_BCG_44wk"
"CORO1B",0.0942072222802301,-0.574761418879179,0.18,0.179,1,"13","BCG_treated","week44","IGRApos_BCG_44wk_vs_IGRAneg_BCG_44wk"
"MEAF6",0.0944144818989752,-0.127309994785255,0.272,0.197,1,"13","BCG_treated","week44","IGRApos_BCG_44wk_vs_IGRAneg_BCG_44wk"
"ACYP2",0.0944234521299799,0.21614420863221,0.717,0.595,1,"13","BCG_treated","week44","IGRApos_BCG_44wk_vs_IGRAneg_BCG_44wk"
"KLF7",0.0947430230824428,-0.483228191497733,0.341,0.37,1,"13","BCG_treated","week44","IGRApos_BCG_44wk_vs_IGRAneg_BCG_44wk"
"ACIN1",0.0948196273437833,-0.186479024006207,0.751,0.705,1,"13","BCG_treated","week44","IGRApos_BCG_44wk_vs_IGRAneg_BCG_44wk"
"LRRFIP1",0.0948262311072753,-0.123496301957989,0.765,0.642,1,"13","BCG_treated","week44","IGRApos_BCG_44wk_vs_IGRAneg_BCG_44wk"
"IFNGR1",0.0949001974528408,0.458576164539227,0.288,0.168,1,"13","BCG_treated","week44","IGRApos_BCG_44wk_vs_IGRAneg_BCG_44wk"
"DENND4C",0.0949002277880706,-0.277012688015352,0.765,0.694,1,"13","BCG_treated","week44","IGRApos_BCG_44wk_vs_IGRAneg_BCG_44wk"
"ZNF552",0.0949086773590062,0.518122519780317,0.103,0.046,1,"13","BCG_treated","week44","IGRApos_BCG_44wk_vs_IGRAneg_BCG_44wk"
"MARK4",0.0949670554951378,-0.299201304139967,0.503,0.457,1,"13","BCG_treated","week44","IGRApos_BCG_44wk_vs_IGRAneg_BCG_44wk"
"TMEM91",0.0951264957982429,-0.353102731053517,0.146,0.11,1,"13","BCG_treated","week44","IGRApos_BCG_44wk_vs_IGRAneg_BCG_44wk"
"MDH1",0.0951451948082686,-0.500499100923293,0.161,0.185,1,"13","BCG_treated","week44","IGRApos_BCG_44wk_vs_IGRAneg_BCG_44wk"
"ITGB7",0.0952691705057675,-0.556928911058943,0.159,0.22,1,"13","BCG_treated","week44","IGRApos_BCG_44wk_vs_IGRAneg_BCG_44wk"
"ENSG00000287420",0.0952717587897398,0.639220963079882,0.198,0.116,1,"13","BCG_treated","week44","IGRApos_BCG_44wk_vs_IGRAneg_BCG_44wk"
"GIMAP4",0.0953524610415069,-0.32007348011886,0.299,0.277,1,"13","BCG_treated","week44","IGRApos_BCG_44wk_vs_IGRAneg_BCG_44wk"
"ITM2A",0.0954691128020015,-0.983580636851336,0.103,0.133,1,"13","BCG_treated","week44","IGRApos_BCG_44wk_vs_IGRAneg_BCG_44wk"
"PSKH1",0.0956139271174671,1.0707160270511,0.146,0.064,1,"13","BCG_treated","week44","IGRApos_BCG_44wk_vs_IGRAneg_BCG_44wk"
"TAF15",0.0956282880706948,-0.241703755374869,0.778,0.74,1,"13","BCG_treated","week44","IGRApos_BCG_44wk_vs_IGRAneg_BCG_44wk"
"TNFAIP8",0.0956434763747051,-0.460911120667483,0.653,0.676,1,"13","BCG_treated","week44","IGRApos_BCG_44wk_vs_IGRAneg_BCG_44wk"
"LAPTM4A",0.0957096509716326,0.964224190948804,0.143,0.058,1,"13","BCG_treated","week44","IGRApos_BCG_44wk_vs_IGRAneg_BCG_44wk"
"GSTO1",0.0957288227639252,0.218919276715567,0.243,0.145,1,"13","BCG_treated","week44","IGRApos_BCG_44wk_vs_IGRAneg_BCG_44wk"
"LTB",0.0957464396888411,-1.26695501237331,0.074,0.127,1,"13","BCG_treated","week44","IGRApos_BCG_44wk_vs_IGRAneg_BCG_44wk"
"NIBAN1",0.095813796912868,-0.264152629898113,0.902,0.821,1,"13","BCG_treated","week44","IGRApos_BCG_44wk_vs_IGRAneg_BCG_44wk"
"NUDT5",0.0958573854723841,0.639022638601594,0.259,0.133,1,"13","BCG_treated","week44","IGRApos_BCG_44wk_vs_IGRAneg_BCG_44wk"
"CD164",0.0958610250771973,0.126091484615397,0.521,0.364,1,"13","BCG_treated","week44","IGRApos_BCG_44wk_vs_IGRAneg_BCG_44wk"
"NUBPL",0.096014435924478,-0.601565245642492,0.222,0.22,1,"13","BCG_treated","week44","IGRApos_BCG_44wk_vs_IGRAneg_BCG_44wk"
"JPX",0.0963222685673004,-0.316432281988967,0.643,0.624,1,"13","BCG_treated","week44","IGRApos_BCG_44wk_vs_IGRAneg_BCG_44wk"
"ARHGAP10",0.0964257175738724,-0.364489821022971,0.487,0.422,1,"13","BCG_treated","week44","IGRApos_BCG_44wk_vs_IGRAneg_BCG_44wk"
"SMIM14",0.0964329565194317,-0.260100711680328,0.386,0.353,1,"13","BCG_treated","week44","IGRApos_BCG_44wk_vs_IGRAneg_BCG_44wk"
"TTC39B",0.0965361962333269,-0.395548371193372,0.386,0.364,1,"13","BCG_treated","week44","IGRApos_BCG_44wk_vs_IGRAneg_BCG_44wk"
"CHIC1",0.096608334406321,0.605602948949447,0.312,0.191,1,"13","BCG_treated","week44","IGRApos_BCG_44wk_vs_IGRAneg_BCG_44wk"
"ULK4",0.096713555610483,-0.357303686487107,0.376,0.405,1,"13","BCG_treated","week44","IGRApos_BCG_44wk_vs_IGRAneg_BCG_44wk"
"CYTOR",0.0967915029572489,0.98493156554614,0.196,0.098,1,"13","BCG_treated","week44","IGRApos_BCG_44wk_vs_IGRAneg_BCG_44wk"
"MT-RNR1",0.0968456416460912,0.232988028613108,0.997,1,1,"13","BCG_treated","week44","IGRApos_BCG_44wk_vs_IGRAneg_BCG_44wk"
"IQCN",0.0970123791544071,0.425399740056046,0.196,0.11,1,"13","BCG_treated","week44","IGRApos_BCG_44wk_vs_IGRAneg_BCG_44wk"
"TXNDC12",0.0972158830681872,-0.119129182591605,0.222,0.156,1,"13","BCG_treated","week44","IGRApos_BCG_44wk_vs_IGRAneg_BCG_44wk"
"ERGIC1",0.0979091966729606,0.446524922717984,0.664,0.457,1,"13","BCG_treated","week44","IGRApos_BCG_44wk_vs_IGRAneg_BCG_44wk"
"GPR183",0.0979829103734353,0.512336924008244,0.638,0.462,1,"13","BCG_treated","week44","IGRApos_BCG_44wk_vs_IGRAneg_BCG_44wk"
"APOBEC3F",0.0981372969526728,-0.405159967694361,0.368,0.358,1,"13","BCG_treated","week44","IGRApos_BCG_44wk_vs_IGRAneg_BCG_44wk"
"IRS2",0.0981678487677212,0.934583186653522,0.214,0.121,1,"13","BCG_treated","week44","IGRApos_BCG_44wk_vs_IGRAneg_BCG_44wk"
"EDEM3",0.0983093436371121,-0.161207550744518,0.421,0.399,1,"13","BCG_treated","week44","IGRApos_BCG_44wk_vs_IGRAneg_BCG_44wk"
"LRRC28",0.0983168534259289,-0.561387742177156,0.28,0.318,1,"13","BCG_treated","week44","IGRApos_BCG_44wk_vs_IGRAneg_BCG_44wk"
"POLR3D",0.0984222482036312,-0.295105295439936,0.135,0.11,1,"13","BCG_treated","week44","IGRApos_BCG_44wk_vs_IGRAneg_BCG_44wk"
"HIVEP2",0.0984387261443974,0.242557808843698,0.968,0.89,1,"13","BCG_treated","week44","IGRApos_BCG_44wk_vs_IGRAneg_BCG_44wk"
"CUL9",0.0984715047461572,-0.173190744738491,0.339,0.266,1,"13","BCG_treated","week44","IGRApos_BCG_44wk_vs_IGRAneg_BCG_44wk"
"DMXL2",0.0985899269226259,-0.725186223992814,0.09,0.127,1,"13","BCG_treated","week44","IGRApos_BCG_44wk_vs_IGRAneg_BCG_44wk"
"POLG",0.0985961600978501,0.218150270472272,0.593,0.416,1,"13","BCG_treated","week44","IGRApos_BCG_44wk_vs_IGRAneg_BCG_44wk"
"MIATNB",0.0986916072725305,-0.39320846973019,0.357,0.376,1,"13","BCG_treated","week44","IGRApos_BCG_44wk_vs_IGRAneg_BCG_44wk"
"SMG1P2",0.0987893812729546,-0.391230424065517,0.362,0.393,1,"13","BCG_treated","week44","IGRApos_BCG_44wk_vs_IGRAneg_BCG_44wk"
"SLC41A1",0.098805542354963,0.232286286555922,0.151,0.087,1,"13","BCG_treated","week44","IGRApos_BCG_44wk_vs_IGRAneg_BCG_44wk"
"CERS6",0.0988151399613043,-0.146786273990379,0.81,0.746,1,"13","BCG_treated","week44","IGRApos_BCG_44wk_vs_IGRAneg_BCG_44wk"
"NKAP",0.0988888451189782,-0.3347324486945,0.188,0.139,1,"13","BCG_treated","week44","IGRApos_BCG_44wk_vs_IGRAneg_BCG_44wk"
"TRPS1",0.0990566709299548,-0.586259942544452,0.291,0.312,1,"13","BCG_treated","week44","IGRApos_BCG_44wk_vs_IGRAneg_BCG_44wk"
"ENTPD7",0.0990872999900986,0.625250703993635,0.156,0.069,1,"13","BCG_treated","week44","IGRApos_BCG_44wk_vs_IGRAneg_BCG_44wk"
"LEPR",0.0990930945487777,-0.518660390521487,0.196,0.168,1,"13","BCG_treated","week44","IGRApos_BCG_44wk_vs_IGRAneg_BCG_44wk"
"LMO7",0.0991109695979979,-0.140000565935305,0.209,0.15,1,"13","BCG_treated","week44","IGRApos_BCG_44wk_vs_IGRAneg_BCG_44wk"
"SFMBT2",0.099280312466322,0.371439133130282,0.815,0.734,1,"13","BCG_treated","week44","IGRApos_BCG_44wk_vs_IGRAneg_BCG_44wk"
"ACADSB",0.0994399260558547,-0.562734118896879,0.201,0.202,1,"13","BCG_treated","week44","IGRApos_BCG_44wk_vs_IGRAneg_BCG_44wk"
"SPIRE1",0.0994948568295684,-0.320661848791854,0.362,0.324,1,"13","BCG_treated","week44","IGRApos_BCG_44wk_vs_IGRAneg_BCG_44wk"
"ENSG00000287263",0.0995836579694684,-0.110410342737654,0.167,0.116,1,"13","BCG_treated","week44","IGRApos_BCG_44wk_vs_IGRAneg_BCG_44wk"
"ARHGAP5",0.099683976246397,-0.154971095769918,0.386,0.301,1,"13","BCG_treated","week44","IGRApos_BCG_44wk_vs_IGRAneg_BCG_44wk"
"FBRSL1",0.0999899594428483,-0.242949975985199,0.41,0.353,1,"13","BCG_treated","week44","IGRApos_BCG_44wk_vs_IGRAneg_BCG_44wk"
"EFHC1",0.10010410484593,-0.52823497347001,0.235,0.243,1,"13","BCG_treated","week44","IGRApos_BCG_44wk_vs_IGRAneg_BCG_44wk"
"UBLCP1",0.100128884588313,0.607963687643027,0.23,0.116,1,"13","BCG_treated","week44","IGRApos_BCG_44wk_vs_IGRAneg_BCG_44wk"
"TYW3",0.100164726561022,-0.452146113742807,0.214,0.173,1,"13","BCG_treated","week44","IGRApos_BCG_44wk_vs_IGRAneg_BCG_44wk"
"ZNRF1",0.10020574416418,0.845760805110133,0.286,0.156,1,"13","BCG_treated","week44","IGRApos_BCG_44wk_vs_IGRAneg_BCG_44wk"
"FBH1",0.100313928915568,0.123714568397028,0.479,0.347,1,"13","BCG_treated","week44","IGRApos_BCG_44wk_vs_IGRAneg_BCG_44wk"
"RGS1",0.100407332896075,1.13781941100311,0.254,0.145,1,"13","BCG_treated","week44","IGRApos_BCG_44wk_vs_IGRAneg_BCG_44wk"
"GLOD4",0.100459299546191,-0.226799443636147,0.246,0.191,1,"13","BCG_treated","week44","IGRApos_BCG_44wk_vs_IGRAneg_BCG_44wk"
"CCDC93",0.100690303000724,-0.191901061699995,0.608,0.514,1,"13","BCG_treated","week44","IGRApos_BCG_44wk_vs_IGRAneg_BCG_44wk"
"CLPP",0.100761333184621,-0.846546039515346,0.066,0.116,1,"13","BCG_treated","week44","IGRApos_BCG_44wk_vs_IGRAneg_BCG_44wk"
"MRPS6",0.100780095049556,-0.217863897118775,0.712,0.688,1,"13","BCG_treated","week44","IGRApos_BCG_44wk_vs_IGRAneg_BCG_44wk"
"VPS52",0.100878408470367,0.467795336323354,0.222,0.121,1,"13","BCG_treated","week44","IGRApos_BCG_44wk_vs_IGRAneg_BCG_44wk"
"ATXN7L3",0.100887219761223,0.265886858081966,0.196,0.11,1,"13","BCG_treated","week44","IGRApos_BCG_44wk_vs_IGRAneg_BCG_44wk"
"LMAN2L",0.100888873149104,-0.601488918387979,0.116,0.11,1,"13","BCG_treated","week44","IGRApos_BCG_44wk_vs_IGRAneg_BCG_44wk"
"SDCBP2-AS1",0.100947579762977,-0.361905429485075,0.196,0.156,1,"13","BCG_treated","week44","IGRApos_BCG_44wk_vs_IGRAneg_BCG_44wk"
"RPRD2",0.101022437622271,-0.237747262973677,0.587,0.538,1,"13","BCG_treated","week44","IGRApos_BCG_44wk_vs_IGRAneg_BCG_44wk"
"SNU13",0.101022612784823,-0.495008342647245,0.19,0.185,1,"13","BCG_treated","week44","IGRApos_BCG_44wk_vs_IGRAneg_BCG_44wk"
"ZDHHC17",0.101161315480705,-0.233782888599027,0.511,0.439,1,"13","BCG_treated","week44","IGRApos_BCG_44wk_vs_IGRAneg_BCG_44wk"
"SSR3",0.101195862291829,-0.421173797887455,0.188,0.168,1,"13","BCG_treated","week44","IGRApos_BCG_44wk_vs_IGRAneg_BCG_44wk"
"DHX34",0.101223550695856,-0.269931837095611,0.204,0.145,1,"13","BCG_treated","week44","IGRApos_BCG_44wk_vs_IGRAneg_BCG_44wk"
"SAMD12",0.101239315537332,0.354898367621158,0.323,0.249,1,"13","BCG_treated","week44","IGRApos_BCG_44wk_vs_IGRAneg_BCG_44wk"
"FGD3",0.101250569839625,-0.114535806275937,0.772,0.647,1,"13","BCG_treated","week44","IGRApos_BCG_44wk_vs_IGRAneg_BCG_44wk"
"SCYL3",0.101285264958055,-0.300462822572138,0.354,0.318,1,"13","BCG_treated","week44","IGRApos_BCG_44wk_vs_IGRAneg_BCG_44wk"
"DPM2",0.101350572365638,-0.917980585083214,0.087,0.104,1,"13","BCG_treated","week44","IGRApos_BCG_44wk_vs_IGRAneg_BCG_44wk"
"SYTL1",0.101397073853344,-0.305064910053031,0.19,0.162,1,"13","BCG_treated","week44","IGRApos_BCG_44wk_vs_IGRAneg_BCG_44wk"
"TSC22D1",0.101457772036189,0.538934668937972,0.495,0.358,1,"13","BCG_treated","week44","IGRApos_BCG_44wk_vs_IGRAneg_BCG_44wk"
"MAPKAPK2",0.101672757933389,0.256934193216087,0.643,0.445,1,"13","BCG_treated","week44","IGRApos_BCG_44wk_vs_IGRAneg_BCG_44wk"
"DZANK1",0.102082197555575,-0.821115661680743,0.116,0.127,1,"13","BCG_treated","week44","IGRApos_BCG_44wk_vs_IGRAneg_BCG_44wk"
"MSL3",0.102141911232735,0.27817746564878,0.357,0.231,1,"13","BCG_treated","week44","IGRApos_BCG_44wk_vs_IGRAneg_BCG_44wk"
"KANSL2",0.102174352661833,-0.361928666674237,0.283,0.243,1,"13","BCG_treated","week44","IGRApos_BCG_44wk_vs_IGRAneg_BCG_44wk"
"PPA1",0.102218045657316,-0.555108687371566,0.108,0.092,1,"13","BCG_treated","week44","IGRApos_BCG_44wk_vs_IGRAneg_BCG_44wk"
"ZZEF1",0.102242166136684,-0.126369241585021,0.712,0.59,1,"13","BCG_treated","week44","IGRApos_BCG_44wk_vs_IGRAneg_BCG_44wk"
"SLC7A5",0.102242785486361,0.542446024690632,0.341,0.197,1,"13","BCG_treated","week44","IGRApos_BCG_44wk_vs_IGRAneg_BCG_44wk"
"SRP14",0.10239630633004,-0.568854710966658,0.161,0.191,1,"13","BCG_treated","week44","IGRApos_BCG_44wk_vs_IGRAneg_BCG_44wk"
"SRSF6",0.102643517374281,-0.114080047175931,0.373,0.295,1,"13","BCG_treated","week44","IGRApos_BCG_44wk_vs_IGRAneg_BCG_44wk"
"MT-ND2",0.102678651637353,-0.373016281925952,0.347,0.399,1,"13","BCG_treated","week44","IGRApos_BCG_44wk_vs_IGRAneg_BCG_44wk"
"PLA2G12A",0.102701740031625,-0.718805118045928,0.124,0.15,1,"13","BCG_treated","week44","IGRApos_BCG_44wk_vs_IGRAneg_BCG_44wk"
"APOBEC3C",0.102722624898973,-0.270386365718437,0.241,0.202,1,"13","BCG_treated","week44","IGRApos_BCG_44wk_vs_IGRAneg_BCG_44wk"
"MOB1B",0.102757735484751,-0.300534951981081,0.41,0.37,1,"13","BCG_treated","week44","IGRApos_BCG_44wk_vs_IGRAneg_BCG_44wk"
"CEP164P1",0.102835797060408,-1.00366071676561,0.071,0.104,1,"13","BCG_treated","week44","IGRApos_BCG_44wk_vs_IGRAneg_BCG_44wk"
"CYFIP1",0.10288199189769,0.333600452666999,0.201,0.116,1,"13","BCG_treated","week44","IGRApos_BCG_44wk_vs_IGRAneg_BCG_44wk"
"AKT1",0.103067467373946,-0.451665511449092,0.167,0.15,1,"13","BCG_treated","week44","IGRApos_BCG_44wk_vs_IGRAneg_BCG_44wk"
"CDC16",0.103100560025701,0.199941488750879,0.537,0.364,1,"13","BCG_treated","week44","IGRApos_BCG_44wk_vs_IGRAneg_BCG_44wk"
"MYO6",0.103169217204093,-0.462767687682593,0.108,0.081,1,"13","BCG_treated","week44","IGRApos_BCG_44wk_vs_IGRAneg_BCG_44wk"
"GABARAPL1",0.103219149028588,0.630345505430069,0.532,0.347,1,"13","BCG_treated","week44","IGRApos_BCG_44wk_vs_IGRAneg_BCG_44wk"
"HIVEP2-DT",0.103401066855635,0.286036994385598,0.124,0.064,1,"13","BCG_treated","week44","IGRApos_BCG_44wk_vs_IGRAneg_BCG_44wk"
"SH3YL1",0.103518984564705,-0.680041601468952,0.209,0.237,1,"13","BCG_treated","week44","IGRApos_BCG_44wk_vs_IGRAneg_BCG_44wk"
"WDR74",0.103548561989091,-1.06902214013775,0.077,0.104,1,"13","BCG_treated","week44","IGRApos_BCG_44wk_vs_IGRAneg_BCG_44wk"
"AHCYL1",0.103694978984703,-0.309019992047293,0.325,0.277,1,"13","BCG_treated","week44","IGRApos_BCG_44wk_vs_IGRAneg_BCG_44wk"
"SLC4A8",0.1037079241275,-0.449866954291659,0.28,0.26,1,"13","BCG_treated","week44","IGRApos_BCG_44wk_vs_IGRAneg_BCG_44wk"
"IRF4",0.103710590303745,0.484579662999688,0.286,0.162,1,"13","BCG_treated","week44","IGRApos_BCG_44wk_vs_IGRAneg_BCG_44wk"
"PPP4R1",0.103774791134298,-0.271545104468769,0.349,0.329,1,"13","BCG_treated","week44","IGRApos_BCG_44wk_vs_IGRAneg_BCG_44wk"
"MED28",0.103863230722659,0.12417384024479,0.333,0.208,1,"13","BCG_treated","week44","IGRApos_BCG_44wk_vs_IGRAneg_BCG_44wk"
"NSFL1C",0.103892823145523,0.54816114750011,0.225,0.127,1,"13","BCG_treated","week44","IGRApos_BCG_44wk_vs_IGRAneg_BCG_44wk"
"DNM2",0.103909434865051,-0.19380275630164,0.839,0.809,1,"13","BCG_treated","week44","IGRApos_BCG_44wk_vs_IGRAneg_BCG_44wk"
"PSMC2",0.104054017962928,0.237407996069711,0.243,0.145,1,"13","BCG_treated","week44","IGRApos_BCG_44wk_vs_IGRAneg_BCG_44wk"
"JAML",0.10414221753258,-1.08819221348917,0.079,0.11,1,"13","BCG_treated","week44","IGRApos_BCG_44wk_vs_IGRAneg_BCG_44wk"
"TRIM16",0.104155482043666,0.627806003620725,0.135,0.116,1,"13","BCG_treated","week44","IGRApos_BCG_44wk_vs_IGRAneg_BCG_44wk"
"HLCS",0.104256504679599,-0.203615996815561,0.439,0.474,1,"13","BCG_treated","week44","IGRApos_BCG_44wk_vs_IGRAneg_BCG_44wk"
"SH2B1",0.104298310200142,-0.221651636813579,0.278,0.231,1,"13","BCG_treated","week44","IGRApos_BCG_44wk_vs_IGRAneg_BCG_44wk"
"C5orf24",0.10438337463059,-0.710026941921879,0.185,0.208,1,"13","BCG_treated","week44","IGRApos_BCG_44wk_vs_IGRAneg_BCG_44wk"
"NDUFB8",0.104412997870847,-0.472461248588535,0.167,0.15,1,"13","BCG_treated","week44","IGRApos_BCG_44wk_vs_IGRAneg_BCG_44wk"
"STARD3",0.104486360291093,-0.378972801433778,0.214,0.156,1,"13","BCG_treated","week44","IGRApos_BCG_44wk_vs_IGRAneg_BCG_44wk"
"LINC00265",0.104583672332169,0.787931772951353,0.164,0.081,1,"13","BCG_treated","week44","IGRApos_BCG_44wk_vs_IGRAneg_BCG_44wk"
"FAM204A",0.104811155252747,0.102807141160028,0.328,0.225,1,"13","BCG_treated","week44","IGRApos_BCG_44wk_vs_IGRAneg_BCG_44wk"
"STX10",0.104889673709192,-0.900663591572636,0.09,0.116,1,"13","BCG_treated","week44","IGRApos_BCG_44wk_vs_IGRAneg_BCG_44wk"
"PPP4R3B",0.104901169208524,0.141942174076749,0.712,0.526,1,"13","BCG_treated","week44","IGRApos_BCG_44wk_vs_IGRAneg_BCG_44wk"
"PCSK7",0.104994406928947,-0.223321191278442,0.484,0.399,1,"13","BCG_treated","week44","IGRApos_BCG_44wk_vs_IGRAneg_BCG_44wk"
"CRY2",0.10516987314507,0.106911683393572,0.22,0.145,1,"13","BCG_treated","week44","IGRApos_BCG_44wk_vs_IGRAneg_BCG_44wk"
"ZFP91",0.105176087719529,-0.229042310467516,0.585,0.532,1,"13","BCG_treated","week44","IGRApos_BCG_44wk_vs_IGRAneg_BCG_44wk"
"EPG5",0.10519529809569,-0.266869534455357,0.373,0.324,1,"13","BCG_treated","week44","IGRApos_BCG_44wk_vs_IGRAneg_BCG_44wk"
"BDP1",0.105213749243029,-0.275627650805761,0.788,0.78,1,"13","BCG_treated","week44","IGRApos_BCG_44wk_vs_IGRAneg_BCG_44wk"
"ZCCHC17",0.105264359055719,-0.493300813609147,0.243,0.249,1,"13","BCG_treated","week44","IGRApos_BCG_44wk_vs_IGRAneg_BCG_44wk"
"TMEM192",0.105285089372099,-0.638866991004563,0.132,0.179,1,"13","BCG_treated","week44","IGRApos_BCG_44wk_vs_IGRAneg_BCG_44wk"
"BCKDHB",0.105355440037379,-0.392852123722637,0.28,0.237,1,"13","BCG_treated","week44","IGRApos_BCG_44wk_vs_IGRAneg_BCG_44wk"
"DOCK7",0.105776802770298,-0.248963101901543,0.31,0.324,1,"13","BCG_treated","week44","IGRApos_BCG_44wk_vs_IGRAneg_BCG_44wk"
"WIZ",0.105877734730131,-0.549788838600824,0.156,0.15,1,"13","BCG_treated","week44","IGRApos_BCG_44wk_vs_IGRAneg_BCG_44wk"
"INTS3",0.105966688274709,0.956836777540337,0.278,0.15,1,"13","BCG_treated","week44","IGRApos_BCG_44wk_vs_IGRAneg_BCG_44wk"
"TRMT10B",0.106039924863861,0.248644265565103,0.235,0.145,1,"13","BCG_treated","week44","IGRApos_BCG_44wk_vs_IGRAneg_BCG_44wk"
"ATAD1",0.106118587553025,-0.294437037536713,0.429,0.41,1,"13","BCG_treated","week44","IGRApos_BCG_44wk_vs_IGRAneg_BCG_44wk"
"TXNDC11",0.106241910567443,0.159141999381976,0.474,0.329,1,"13","BCG_treated","week44","IGRApos_BCG_44wk_vs_IGRAneg_BCG_44wk"
"ATP6V1C1",0.10652087759349,-0.245644125624809,0.286,0.231,1,"13","BCG_treated","week44","IGRApos_BCG_44wk_vs_IGRAneg_BCG_44wk"
"MANBAL",0.106557150630304,-0.27113684022528,0.167,0.121,1,"13","BCG_treated","week44","IGRApos_BCG_44wk_vs_IGRAneg_BCG_44wk"
"EFL1",0.10661725567397,-0.323843868745598,0.407,0.405,1,"13","BCG_treated","week44","IGRApos_BCG_44wk_vs_IGRAneg_BCG_44wk"
"ABCA7",0.106623172598047,0.110835472396421,0.328,0.214,1,"13","BCG_treated","week44","IGRApos_BCG_44wk_vs_IGRAneg_BCG_44wk"
"GALNS",0.106755446865635,-0.514063791135618,0.238,0.191,1,"13","BCG_treated","week44","IGRApos_BCG_44wk_vs_IGRAneg_BCG_44wk"
"RNF10",0.106848828681581,-0.121098388707849,0.487,0.428,1,"13","BCG_treated","week44","IGRApos_BCG_44wk_vs_IGRAneg_BCG_44wk"
"MRPL3",0.106909640178908,0.29372379932839,0.357,0.22,1,"13","BCG_treated","week44","IGRApos_BCG_44wk_vs_IGRAneg_BCG_44wk"
"TIMM23",0.10701142028702,-0.214498221885298,0.214,0.162,1,"13","BCG_treated","week44","IGRApos_BCG_44wk_vs_IGRAneg_BCG_44wk"
"EIF3G",0.107042695372576,-0.533828596825443,0.23,0.22,1,"13","BCG_treated","week44","IGRApos_BCG_44wk_vs_IGRAneg_BCG_44wk"
"GSN",0.107115945611727,-0.566068681764166,0.153,0.139,1,"13","BCG_treated","week44","IGRApos_BCG_44wk_vs_IGRAneg_BCG_44wk"
"LIN54",0.1071253287399,-0.430598782930201,0.336,0.329,1,"13","BCG_treated","week44","IGRApos_BCG_44wk_vs_IGRAneg_BCG_44wk"
"FAM114A2",0.107258513496066,-0.576414165182746,0.119,0.15,1,"13","BCG_treated","week44","IGRApos_BCG_44wk_vs_IGRAneg_BCG_44wk"
"ENSG00000291203",0.107307797770929,-0.19896621735318,0.516,0.468,1,"13","BCG_treated","week44","IGRApos_BCG_44wk_vs_IGRAneg_BCG_44wk"
"NUS1",0.107350081672915,-0.227913627947178,0.357,0.312,1,"13","BCG_treated","week44","IGRApos_BCG_44wk_vs_IGRAneg_BCG_44wk"
"DENR",0.107473039196081,-0.352189884237942,0.368,0.37,1,"13","BCG_treated","week44","IGRApos_BCG_44wk_vs_IGRAneg_BCG_44wk"
"UBE2L3",0.107590545371235,-0.292688124446836,0.384,0.347,1,"13","BCG_treated","week44","IGRApos_BCG_44wk_vs_IGRAneg_BCG_44wk"
"UGGT2",0.107658085498447,-0.639555883388887,0.138,0.173,1,"13","BCG_treated","week44","IGRApos_BCG_44wk_vs_IGRAneg_BCG_44wk"
"GBP4",0.107756089793323,0.279014191368614,0.632,0.457,1,"13","BCG_treated","week44","IGRApos_BCG_44wk_vs_IGRAneg_BCG_44wk"
"SGMS1",0.107796257901792,-0.105870246581978,0.783,0.699,1,"13","BCG_treated","week44","IGRApos_BCG_44wk_vs_IGRAneg_BCG_44wk"
"LRRC57",0.107797275408996,0.353646979441292,0.153,0.075,1,"13","BCG_treated","week44","IGRApos_BCG_44wk_vs_IGRAneg_BCG_44wk"
"LLGL2",0.107891590810628,-0.174541427985049,0.317,0.254,1,"13","BCG_treated","week44","IGRApos_BCG_44wk_vs_IGRAneg_BCG_44wk"
"TRPM7",0.107934353167833,-0.175267720510678,0.802,0.757,1,"13","BCG_treated","week44","IGRApos_BCG_44wk_vs_IGRAneg_BCG_44wk"
"GIGYF1",0.108113704270468,0.50633453882274,0.278,0.156,1,"13","BCG_treated","week44","IGRApos_BCG_44wk_vs_IGRAneg_BCG_44wk"
"SMARCD2",0.108152376699849,-0.589578898014633,0.146,0.133,1,"13","BCG_treated","week44","IGRApos_BCG_44wk_vs_IGRAneg_BCG_44wk"
"CWC27",0.108351726875151,-0.240671153790452,0.471,0.399,1,"13","BCG_treated","week44","IGRApos_BCG_44wk_vs_IGRAneg_BCG_44wk"
"PPAN",0.108586088548579,-0.713728866039201,0.151,0.168,1,"13","BCG_treated","week44","IGRApos_BCG_44wk_vs_IGRAneg_BCG_44wk"
"ULK2",0.108775053904047,0.350877970010404,0.19,0.104,1,"13","BCG_treated","week44","IGRApos_BCG_44wk_vs_IGRAneg_BCG_44wk"
"LARP1",0.109212367282894,-0.201671121693813,0.651,0.584,1,"13","BCG_treated","week44","IGRApos_BCG_44wk_vs_IGRAneg_BCG_44wk"
"MRPL13",0.109288971986944,-0.370684330096912,0.156,0.127,1,"13","BCG_treated","week44","IGRApos_BCG_44wk_vs_IGRAneg_BCG_44wk"
"SUMF2",0.109345178684157,-0.502391293014438,0.204,0.231,1,"13","BCG_treated","week44","IGRApos_BCG_44wk_vs_IGRAneg_BCG_44wk"
"ENSG00000226640",0.10955035362395,-0.42739194649694,0.214,0.306,1,"13","BCG_treated","week44","IGRApos_BCG_44wk_vs_IGRAneg_BCG_44wk"
"TYW5",0.109590225250233,-0.36147398049935,0.193,0.15,1,"13","BCG_treated","week44","IGRApos_BCG_44wk_vs_IGRAneg_BCG_44wk"
"ICE2",0.109622338886064,-0.305959460334237,0.222,0.173,1,"13","BCG_treated","week44","IGRApos_BCG_44wk_vs_IGRAneg_BCG_44wk"
"RNF216",0.109634335558664,-0.120489269150478,0.794,0.676,1,"13","BCG_treated","week44","IGRApos_BCG_44wk_vs_IGRAneg_BCG_44wk"
"EML4",0.109706776287287,0.196167806239323,0.963,0.942,1,"13","BCG_treated","week44","IGRApos_BCG_44wk_vs_IGRAneg_BCG_44wk"
"NAA20",0.109793732430663,-0.554261746130702,0.188,0.202,1,"13","BCG_treated","week44","IGRApos_BCG_44wk_vs_IGRAneg_BCG_44wk"
"PTPN7",0.109840659945095,-0.335777228606908,0.479,0.486,1,"13","BCG_treated","week44","IGRApos_BCG_44wk_vs_IGRAneg_BCG_44wk"
"DUSP10",0.109947340671899,-0.217209433227196,0.526,0.503,1,"13","BCG_treated","week44","IGRApos_BCG_44wk_vs_IGRAneg_BCG_44wk"
"KAT14",0.11003044966449,-0.365457926229936,0.164,0.121,1,"13","BCG_treated","week44","IGRApos_BCG_44wk_vs_IGRAneg_BCG_44wk"
"DPY19L1P1",0.110068897294051,-0.700502372119945,0.098,0.133,1,"13","BCG_treated","week44","IGRApos_BCG_44wk_vs_IGRAneg_BCG_44wk"
"CHRAC1",0.110150118646009,-1.31399186681807,0.074,0.104,1,"13","BCG_treated","week44","IGRApos_BCG_44wk_vs_IGRAneg_BCG_44wk"
"TRUB1",0.110308738607277,0.387527907366167,0.146,0.081,1,"13","BCG_treated","week44","IGRApos_BCG_44wk_vs_IGRAneg_BCG_44wk"
"HGSNAT",0.110475566879288,0.605662713493892,0.556,0.364,1,"13","BCG_treated","week44","IGRApos_BCG_44wk_vs_IGRAneg_BCG_44wk"
"BHLHE40-AS1",0.110614754485403,-0.571976932295101,0.101,0.139,1,"13","BCG_treated","week44","IGRApos_BCG_44wk_vs_IGRAneg_BCG_44wk"
"TTC1",0.110751677552381,0.151725394830951,0.405,0.277,1,"13","BCG_treated","week44","IGRApos_BCG_44wk_vs_IGRAneg_BCG_44wk"
"TRIR",0.110851961225238,-0.504334431796054,0.265,0.306,1,"13","BCG_treated","week44","IGRApos_BCG_44wk_vs_IGRAneg_BCG_44wk"
"LATS2",0.110875332337122,-0.308041194825668,0.423,0.405,1,"13","BCG_treated","week44","IGRApos_BCG_44wk_vs_IGRAneg_BCG_44wk"
"LRRC61",0.110997702687313,0.446178611384723,0.108,0.046,1,"13","BCG_treated","week44","IGRApos_BCG_44wk_vs_IGRAneg_BCG_44wk"
"ZNG1A",0.111012515926456,-0.909934748921316,0.148,0.179,1,"13","BCG_treated","week44","IGRApos_BCG_44wk_vs_IGRAneg_BCG_44wk"
"AACS",0.111035578070927,0.132429843621683,0.241,0.156,1,"13","BCG_treated","week44","IGRApos_BCG_44wk_vs_IGRAneg_BCG_44wk"
"DIPK2A",0.111093919658208,-0.735706901693019,0.124,0.168,1,"13","BCG_treated","week44","IGRApos_BCG_44wk_vs_IGRAneg_BCG_44wk"
"TAMM41",0.111106165281465,0.223186230736725,0.299,0.191,1,"13","BCG_treated","week44","IGRApos_BCG_44wk_vs_IGRAneg_BCG_44wk"
"CLHC1",0.111109643153011,1.18845831485749,0.164,0.075,1,"13","BCG_treated","week44","IGRApos_BCG_44wk_vs_IGRAneg_BCG_44wk"
"FBXO22",0.111244646870737,-0.436118877797795,0.283,0.277,1,"13","BCG_treated","week44","IGRApos_BCG_44wk_vs_IGRAneg_BCG_44wk"
"WDTC1",0.111388236243574,-0.210791462367552,0.426,0.387,1,"13","BCG_treated","week44","IGRApos_BCG_44wk_vs_IGRAneg_BCG_44wk"
"DCAF1",0.111498928684753,-0.196166762038167,0.444,0.405,1,"13","BCG_treated","week44","IGRApos_BCG_44wk_vs_IGRAneg_BCG_44wk"
"MX2",0.111644012236929,0.702562418570655,0.397,0.231,1,"13","BCG_treated","week44","IGRApos_BCG_44wk_vs_IGRAneg_BCG_44wk"
"ZNF213-AS1",0.111782179557235,0.212503042446491,0.177,0.098,1,"13","BCG_treated","week44","IGRApos_BCG_44wk_vs_IGRAneg_BCG_44wk"
"ZNF451",0.111786187955852,-0.124551635280289,0.556,0.486,1,"13","BCG_treated","week44","IGRApos_BCG_44wk_vs_IGRAneg_BCG_44wk"
"ZNF649",0.111801308682881,-0.957461347767675,0.09,0.11,1,"13","BCG_treated","week44","IGRApos_BCG_44wk_vs_IGRAneg_BCG_44wk"
"TLE4",0.11204097395502,-0.204714509026658,0.714,0.642,1,"13","BCG_treated","week44","IGRApos_BCG_44wk_vs_IGRAneg_BCG_44wk"
"CLASP1",0.112355768042755,-0.19761652108113,0.929,0.89,1,"13","BCG_treated","week44","IGRApos_BCG_44wk_vs_IGRAneg_BCG_44wk"
"DESI1",0.112439325150608,-0.431546756881446,0.159,0.133,1,"13","BCG_treated","week44","IGRApos_BCG_44wk_vs_IGRAneg_BCG_44wk"
"LDHA",0.112651949520322,-0.135911417967189,0.479,0.41,1,"13","BCG_treated","week44","IGRApos_BCG_44wk_vs_IGRAneg_BCG_44wk"
"HNRNPLL",0.112755811186039,1.26175103064622,0.167,0.087,1,"13","BCG_treated","week44","IGRApos_BCG_44wk_vs_IGRAneg_BCG_44wk"
"UBE2O",0.113044067686852,-0.315661180143726,0.434,0.393,1,"13","BCG_treated","week44","IGRApos_BCG_44wk_vs_IGRAneg_BCG_44wk"
"CLSTN1",0.113097907189378,0.194684667555953,0.471,0.312,1,"13","BCG_treated","week44","IGRApos_BCG_44wk_vs_IGRAneg_BCG_44wk"
"C8orf76",0.113175727915959,1.04126174014351,0.267,0.139,1,"13","BCG_treated","week44","IGRApos_BCG_44wk_vs_IGRAneg_BCG_44wk"
"SPSB3",0.113209156382691,-0.726187409789447,0.119,0.15,1,"13","BCG_treated","week44","IGRApos_BCG_44wk_vs_IGRAneg_BCG_44wk"
"ANXA4",0.113379620471547,-0.433773968121445,0.14,0.121,1,"13","BCG_treated","week44","IGRApos_BCG_44wk_vs_IGRAneg_BCG_44wk"
"BMPR2",0.113727270084329,-0.60296323927299,0.463,0.439,1,"13","BCG_treated","week44","IGRApos_BCG_44wk_vs_IGRAneg_BCG_44wk"
"IER3",0.113750675982761,-0.709612841100974,0.127,0.104,1,"13","BCG_treated","week44","IGRApos_BCG_44wk_vs_IGRAneg_BCG_44wk"
"CEP44",0.113832805374881,0.896714898242329,0.22,0.11,1,"13","BCG_treated","week44","IGRApos_BCG_44wk_vs_IGRAneg_BCG_44wk"
"RABGGTB",0.113864373387581,-0.348503139653013,0.222,0.173,1,"13","BCG_treated","week44","IGRApos_BCG_44wk_vs_IGRAneg_BCG_44wk"
"RSU1",0.114027123789608,-0.37119538581398,0.63,0.665,1,"13","BCG_treated","week44","IGRApos_BCG_44wk_vs_IGRAneg_BCG_44wk"
"CLIC1",0.11415889295488,-0.120327013925466,0.294,0.22,1,"13","BCG_treated","week44","IGRApos_BCG_44wk_vs_IGRAneg_BCG_44wk"
"NCAPD3",0.114398733702141,-0.305897511398385,0.209,0.202,1,"13","BCG_treated","week44","IGRApos_BCG_44wk_vs_IGRAneg_BCG_44wk"
"MAPK6",0.114615953302205,-0.388622270991923,0.312,0.266,1,"13","BCG_treated","week44","IGRApos_BCG_44wk_vs_IGRAneg_BCG_44wk"
"MTFR1",0.114665346473537,-0.361223396027885,0.296,0.266,1,"13","BCG_treated","week44","IGRApos_BCG_44wk_vs_IGRAneg_BCG_44wk"
"YWHAH",0.115144934970475,-0.80549293623411,0.103,0.133,1,"13","BCG_treated","week44","IGRApos_BCG_44wk_vs_IGRAneg_BCG_44wk"
"MRPL21",0.115194089930592,-0.995424969901041,0.066,0.104,1,"13","BCG_treated","week44","IGRApos_BCG_44wk_vs_IGRAneg_BCG_44wk"
"GPR68",0.115479678984064,-0.382779591463695,0.354,0.399,1,"13","BCG_treated","week44","IGRApos_BCG_44wk_vs_IGRAneg_BCG_44wk"
"NRAS",0.11547982619398,-0.594935320803482,0.196,0.208,1,"13","BCG_treated","week44","IGRApos_BCG_44wk_vs_IGRAneg_BCG_44wk"
"DNASE1",0.115519090797886,0.203435593901236,0.54,0.399,1,"13","BCG_treated","week44","IGRApos_BCG_44wk_vs_IGRAneg_BCG_44wk"
"CAMK2D",0.11559525173958,-0.312287444265966,0.5,0.491,1,"13","BCG_treated","week44","IGRApos_BCG_44wk_vs_IGRAneg_BCG_44wk"
"GPR89A",0.115759092160443,-0.68658726793336,0.132,0.15,1,"13","BCG_treated","week44","IGRApos_BCG_44wk_vs_IGRAneg_BCG_44wk"
"CLIP1",0.11577600324576,-0.391954670189028,0.519,0.503,1,"13","BCG_treated","week44","IGRApos_BCG_44wk_vs_IGRAneg_BCG_44wk"
"C5orf63",0.115787771628577,0.973822323871861,0.103,0.046,1,"13","BCG_treated","week44","IGRApos_BCG_44wk_vs_IGRAneg_BCG_44wk"
"HDAC4",0.11582837690227,0.502702054017252,0.661,0.514,1,"13","BCG_treated","week44","IGRApos_BCG_44wk_vs_IGRAneg_BCG_44wk"
"ENSG00000291149",0.115965972261719,-0.412134953895293,0.312,0.306,1,"13","BCG_treated","week44","IGRApos_BCG_44wk_vs_IGRAneg_BCG_44wk"
"SGPP1",0.116068837327159,0.740209670232379,0.214,0.116,1,"13","BCG_treated","week44","IGRApos_BCG_44wk_vs_IGRAneg_BCG_44wk"
"CLPX",0.116082269276697,-0.396477501790796,0.341,0.289,1,"13","BCG_treated","week44","IGRApos_BCG_44wk_vs_IGRAneg_BCG_44wk"
"RFWD3",0.116160623635949,-0.323128495497116,0.272,0.237,1,"13","BCG_treated","week44","IGRApos_BCG_44wk_vs_IGRAneg_BCG_44wk"
"MAN2A1",0.116234088063592,-0.179523233058687,0.556,0.491,1,"13","BCG_treated","week44","IGRApos_BCG_44wk_vs_IGRAneg_BCG_44wk"
"NBDY",0.116455131324903,-0.436153839633793,0.389,0.422,1,"13","BCG_treated","week44","IGRApos_BCG_44wk_vs_IGRAneg_BCG_44wk"
"HOPX",0.116460524011723,-0.887076349305782,0.095,0.116,1,"13","BCG_treated","week44","IGRApos_BCG_44wk_vs_IGRAneg_BCG_44wk"
"FASTKD1",0.116556667086109,-0.373958155627777,0.214,0.191,1,"13","BCG_treated","week44","IGRApos_BCG_44wk_vs_IGRAneg_BCG_44wk"
"ZNF541",0.116663109843522,0.547018564143956,0.124,0.052,1,"13","BCG_treated","week44","IGRApos_BCG_44wk_vs_IGRAneg_BCG_44wk"
"BCLAF3",0.11679742616056,-0.262107869050183,0.249,0.214,1,"13","BCG_treated","week44","IGRApos_BCG_44wk_vs_IGRAneg_BCG_44wk"
"AHNAK",0.116876613381356,-0.338993473286789,0.511,0.526,1,"13","BCG_treated","week44","IGRApos_BCG_44wk_vs_IGRAneg_BCG_44wk"
"POLDIP2",0.117012919750205,-0.712804411592299,0.093,0.11,1,"13","BCG_treated","week44","IGRApos_BCG_44wk_vs_IGRAneg_BCG_44wk"
"ZNF430",0.117105274179118,-0.149056457053791,0.325,0.243,1,"13","BCG_treated","week44","IGRApos_BCG_44wk_vs_IGRAneg_BCG_44wk"
"LIG1",0.117329446745979,-0.313421305854602,0.146,0.11,1,"13","BCG_treated","week44","IGRApos_BCG_44wk_vs_IGRAneg_BCG_44wk"
"DLST",0.117357336583273,-0.201086348198954,0.283,0.214,1,"13","BCG_treated","week44","IGRApos_BCG_44wk_vs_IGRAneg_BCG_44wk"
"MCF2",0.11750755627729,-0.420946139297964,0.101,0.087,1,"13","BCG_treated","week44","IGRApos_BCG_44wk_vs_IGRAneg_BCG_44wk"
"MCTP2",0.117608117022223,0.195373010777412,0.894,0.867,1,"13","BCG_treated","week44","IGRApos_BCG_44wk_vs_IGRAneg_BCG_44wk"
"KIAA0930",0.117684964238121,-0.832435475698054,0.116,0.121,1,"13","BCG_treated","week44","IGRApos_BCG_44wk_vs_IGRAneg_BCG_44wk"
"AGAP3",0.117746332850349,0.289431797137728,0.31,0.202,1,"13","BCG_treated","week44","IGRApos_BCG_44wk_vs_IGRAneg_BCG_44wk"
"DNAJC1",0.117811199992084,0.411966719510307,0.765,0.653,1,"13","BCG_treated","week44","IGRApos_BCG_44wk_vs_IGRAneg_BCG_44wk"
"KLRC4-KLRK1",0.117815648038355,0.33994701749208,0.823,0.694,1,"13","BCG_treated","week44","IGRApos_BCG_44wk_vs_IGRAneg_BCG_44wk"
"CARS1",0.117850881575171,-0.478445551340285,0.381,0.405,1,"13","BCG_treated","week44","IGRApos_BCG_44wk_vs_IGRAneg_BCG_44wk"
"DIAPH2",0.117857811632578,-0.330951253669793,0.397,0.41,1,"13","BCG_treated","week44","IGRApos_BCG_44wk_vs_IGRAneg_BCG_44wk"
"ZNF627",0.117869213959035,-0.217580804126743,0.201,0.139,1,"13","BCG_treated","week44","IGRApos_BCG_44wk_vs_IGRAneg_BCG_44wk"
"ATN1",0.118027163317048,-0.481410557935103,0.241,0.214,1,"13","BCG_treated","week44","IGRApos_BCG_44wk_vs_IGRAneg_BCG_44wk"
"ANKRD27",0.118149299034095,-0.302250738375544,0.487,0.474,1,"13","BCG_treated","week44","IGRApos_BCG_44wk_vs_IGRAneg_BCG_44wk"
"STRBP",0.118244159392404,-0.430478138330633,0.32,0.324,1,"13","BCG_treated","week44","IGRApos_BCG_44wk_vs_IGRAneg_BCG_44wk"
"ACP6",0.118301898784683,-0.443339454423554,0.114,0.081,1,"13","BCG_treated","week44","IGRApos_BCG_44wk_vs_IGRAneg_BCG_44wk"
"MBD3",0.118377765294349,-0.75911381636285,0.159,0.168,1,"13","BCG_treated","week44","IGRApos_BCG_44wk_vs_IGRAneg_BCG_44wk"
"PISD",0.118466312579929,0.381507500075314,0.315,0.179,1,"13","BCG_treated","week44","IGRApos_BCG_44wk_vs_IGRAneg_BCG_44wk"
"PSMC3",0.118601934515737,-0.158488895069545,0.257,0.208,1,"13","BCG_treated","week44","IGRApos_BCG_44wk_vs_IGRAneg_BCG_44wk"
"RNF168",0.118650460703726,-0.17724103693235,0.593,0.486,1,"13","BCG_treated","week44","IGRApos_BCG_44wk_vs_IGRAneg_BCG_44wk"
"SNAPC3",0.11868800554568,-0.439207180380594,0.27,0.301,1,"13","BCG_treated","week44","IGRApos_BCG_44wk_vs_IGRAneg_BCG_44wk"
"LOXL2",0.11872849925566,-0.769673855965027,0.14,0.191,1,"13","BCG_treated","week44","IGRApos_BCG_44wk_vs_IGRAneg_BCG_44wk"
"ATPAF1",0.118841250723325,0.190353337848894,0.177,0.098,1,"13","BCG_treated","week44","IGRApos_BCG_44wk_vs_IGRAneg_BCG_44wk"
"ARSK",0.118939717845721,0.16190382607384,0.132,0.069,1,"13","BCG_treated","week44","IGRApos_BCG_44wk_vs_IGRAneg_BCG_44wk"
"NAA16",0.119057872571159,0.286223789218152,0.444,0.295,1,"13","BCG_treated","week44","IGRApos_BCG_44wk_vs_IGRAneg_BCG_44wk"
"RAPH1",0.119117482768523,-0.757516122179425,0.09,0.104,1,"13","BCG_treated","week44","IGRApos_BCG_44wk_vs_IGRAneg_BCG_44wk"
"EXOC1",0.119139261935817,-0.242151345578638,0.426,0.434,1,"13","BCG_treated","week44","IGRApos_BCG_44wk_vs_IGRAneg_BCG_44wk"
"SENP3",0.119209636596295,-0.570667838029215,0.143,0.121,1,"13","BCG_treated","week44","IGRApos_BCG_44wk_vs_IGRAneg_BCG_44wk"
"EIF5",0.119296337083084,-0.296748034900692,0.458,0.428,1,"13","BCG_treated","week44","IGRApos_BCG_44wk_vs_IGRAneg_BCG_44wk"
"TPT1-AS1",0.119311684392806,0.393915453895877,0.574,0.439,1,"13","BCG_treated","week44","IGRApos_BCG_44wk_vs_IGRAneg_BCG_44wk"
"PAK1IP1",0.11941428443622,-0.889847484781791,0.101,0.11,1,"13","BCG_treated","week44","IGRApos_BCG_44wk_vs_IGRAneg_BCG_44wk"
"COPB2",0.119487273681941,-0.182645654244529,0.442,0.434,1,"13","BCG_treated","week44","IGRApos_BCG_44wk_vs_IGRAneg_BCG_44wk"
"CYTH1",0.119641849133433,0.389826400289816,0.778,0.607,1,"13","BCG_treated","week44","IGRApos_BCG_44wk_vs_IGRAneg_BCG_44wk"
"MCF2L2",0.119658878093905,-0.308178156923861,0.153,0.098,1,"13","BCG_treated","week44","IGRApos_BCG_44wk_vs_IGRAneg_BCG_44wk"
"SEC11A",0.119704647721439,-0.273404598217174,0.37,0.318,1,"13","BCG_treated","week44","IGRApos_BCG_44wk_vs_IGRAneg_BCG_44wk"
"RAD51C",0.119716405141156,-0.713386792986726,0.095,0.139,1,"13","BCG_treated","week44","IGRApos_BCG_44wk_vs_IGRAneg_BCG_44wk"
"BET1",0.119733417840792,0.335277286349373,0.119,0.064,1,"13","BCG_treated","week44","IGRApos_BCG_44wk_vs_IGRAneg_BCG_44wk"
"CYB561",0.119736399799081,0.288690813679295,0.103,0.052,1,"13","BCG_treated","week44","IGRApos_BCG_44wk_vs_IGRAneg_BCG_44wk"
"TMEM41B",0.119756389361315,-0.47124428794939,0.31,0.353,1,"13","BCG_treated","week44","IGRApos_BCG_44wk_vs_IGRAneg_BCG_44wk"
"RBFA",0.11981565805519,-0.454157332931188,0.124,0.133,1,"13","BCG_treated","week44","IGRApos_BCG_44wk_vs_IGRAneg_BCG_44wk"
"CPT1A",0.119943893592495,-0.379349639454893,0.283,0.272,1,"13","BCG_treated","week44","IGRApos_BCG_44wk_vs_IGRAneg_BCG_44wk"
"HACD2",0.119984119978426,-0.2906333504024,0.328,0.37,1,"13","BCG_treated","week44","IGRApos_BCG_44wk_vs_IGRAneg_BCG_44wk"
"ATF6",0.120010713017598,0.200383100610687,0.743,0.665,1,"13","BCG_treated","week44","IGRApos_BCG_44wk_vs_IGRAneg_BCG_44wk"
"HNRNPL",0.120077935728786,-0.243382715606248,0.548,0.543,1,"13","BCG_treated","week44","IGRApos_BCG_44wk_vs_IGRAneg_BCG_44wk"
"UBE2V2",0.120124179350023,0.245076887989025,0.296,0.185,1,"13","BCG_treated","week44","IGRApos_BCG_44wk_vs_IGRAneg_BCG_44wk"
"SRR",0.120501976193623,-0.6977845194763,0.101,0.104,1,"13","BCG_treated","week44","IGRApos_BCG_44wk_vs_IGRAneg_BCG_44wk"
"RSKR",0.120585547440181,-0.473907123656491,0.159,0.127,1,"13","BCG_treated","week44","IGRApos_BCG_44wk_vs_IGRAneg_BCG_44wk"
"MOGS",0.120596437871118,0.326763604971625,0.235,0.139,1,"13","BCG_treated","week44","IGRApos_BCG_44wk_vs_IGRAneg_BCG_44wk"
"ZNF846",0.120613212702787,-1.10769959486058,0.111,0.156,1,"13","BCG_treated","week44","IGRApos_BCG_44wk_vs_IGRAneg_BCG_44wk"
"POLA1",0.120745570254645,-0.460812099493204,0.294,0.301,1,"13","BCG_treated","week44","IGRApos_BCG_44wk_vs_IGRAneg_BCG_44wk"
"HERPUD1",0.120803524559755,-0.302946498536728,0.198,0.15,1,"13","BCG_treated","week44","IGRApos_BCG_44wk_vs_IGRAneg_BCG_44wk"
"ATP5MJ",0.121261745905861,-0.682240978042807,0.098,0.121,1,"13","BCG_treated","week44","IGRApos_BCG_44wk_vs_IGRAneg_BCG_44wk"
"NUP205",0.121305090367175,-0.345130519690483,0.392,0.382,1,"13","BCG_treated","week44","IGRApos_BCG_44wk_vs_IGRAneg_BCG_44wk"
"HNRNPAB",0.121359158017624,-0.420136013208531,0.265,0.243,1,"13","BCG_treated","week44","IGRApos_BCG_44wk_vs_IGRAneg_BCG_44wk"
"RPN2",0.121395258232899,0.196551283264111,0.373,0.249,1,"13","BCG_treated","week44","IGRApos_BCG_44wk_vs_IGRAneg_BCG_44wk"
"ENSG00000284052",0.121397726136708,0.163312820092189,0.138,0.081,1,"13","BCG_treated","week44","IGRApos_BCG_44wk_vs_IGRAneg_BCG_44wk"
"ASB7",0.121429357918723,-0.305036400743289,0.265,0.191,1,"13","BCG_treated","week44","IGRApos_BCG_44wk_vs_IGRAneg_BCG_44wk"
"E2F3",0.121609454331832,-0.206076686316337,0.643,0.572,1,"13","BCG_treated","week44","IGRApos_BCG_44wk_vs_IGRAneg_BCG_44wk"
"PPFIA1",0.121624628191419,-0.123032536018139,0.556,0.457,1,"13","BCG_treated","week44","IGRApos_BCG_44wk_vs_IGRAneg_BCG_44wk"
"ARL13B",0.121902004710003,-0.485151156713548,0.183,0.179,1,"13","BCG_treated","week44","IGRApos_BCG_44wk_vs_IGRAneg_BCG_44wk"
"ICAM1",0.121954854236796,-0.691537427023886,0.28,0.295,1,"13","BCG_treated","week44","IGRApos_BCG_44wk_vs_IGRAneg_BCG_44wk"
"SEPTIN2",0.122275845890861,-0.281767682840396,0.709,0.676,1,"13","BCG_treated","week44","IGRApos_BCG_44wk_vs_IGRAneg_BCG_44wk"
"MTA1",0.122290465627239,-0.266288469613458,0.344,0.283,1,"13","BCG_treated","week44","IGRApos_BCG_44wk_vs_IGRAneg_BCG_44wk"
"TIMM44",0.122369779003743,-0.467769735063444,0.156,0.185,1,"13","BCG_treated","week44","IGRApos_BCG_44wk_vs_IGRAneg_BCG_44wk"
"ATM",0.122472180085994,0.243095913130645,0.934,0.867,1,"13","BCG_treated","week44","IGRApos_BCG_44wk_vs_IGRAneg_BCG_44wk"
"EFCAB14",0.122486386326962,-0.248831135148729,0.566,0.462,1,"13","BCG_treated","week44","IGRApos_BCG_44wk_vs_IGRAneg_BCG_44wk"
"ATP5PF",0.122552788414304,-0.610120026713044,0.103,0.11,1,"13","BCG_treated","week44","IGRApos_BCG_44wk_vs_IGRAneg_BCG_44wk"
"EIF5AL1",0.122647924209348,-1.04921428432754,0.111,0.156,1,"13","BCG_treated","week44","IGRApos_BCG_44wk_vs_IGRAneg_BCG_44wk"
"CDR2",0.122708078289481,-0.399531002545585,0.471,0.428,1,"13","BCG_treated","week44","IGRApos_BCG_44wk_vs_IGRAneg_BCG_44wk"
"DYSF",0.123077068496582,-0.993522113580335,0.071,0.104,1,"13","BCG_treated","week44","IGRApos_BCG_44wk_vs_IGRAneg_BCG_44wk"
"DNHD1",0.123107032299131,0.709193086251276,0.296,0.191,1,"13","BCG_treated","week44","IGRApos_BCG_44wk_vs_IGRAneg_BCG_44wk"
"HMG20B",0.123163458453275,-0.692233663611978,0.13,0.121,1,"13","BCG_treated","week44","IGRApos_BCG_44wk_vs_IGRAneg_BCG_44wk"
"LINC02210-CRHR1",0.123241457593123,1.05449683682829,0.167,0.075,1,"13","BCG_treated","week44","IGRApos_BCG_44wk_vs_IGRAneg_BCG_44wk"
"HDAC6",0.123281057453351,0.961394122693897,0.267,0.156,1,"13","BCG_treated","week44","IGRApos_BCG_44wk_vs_IGRAneg_BCG_44wk"
"CHROMR",0.123363284144221,0.549143327407704,0.151,0.075,1,"13","BCG_treated","week44","IGRApos_BCG_44wk_vs_IGRAneg_BCG_44wk"
"RBM14",0.123427544605329,0.487549787939815,0.386,0.243,1,"13","BCG_treated","week44","IGRApos_BCG_44wk_vs_IGRAneg_BCG_44wk"
"MTREX",0.123446991719844,-0.179012224641151,0.582,0.566,1,"13","BCG_treated","week44","IGRApos_BCG_44wk_vs_IGRAneg_BCG_44wk"
"ZAP70",0.12345019409039,-0.265717023965511,0.421,0.422,1,"13","BCG_treated","week44","IGRApos_BCG_44wk_vs_IGRAneg_BCG_44wk"
"TPGS2",0.123486678755695,-0.296777257300158,0.333,0.318,1,"13","BCG_treated","week44","IGRApos_BCG_44wk_vs_IGRAneg_BCG_44wk"
"CSNK1G2",0.123681585537035,0.181375248554854,0.537,0.376,1,"13","BCG_treated","week44","IGRApos_BCG_44wk_vs_IGRAneg_BCG_44wk"
"LRP12",0.123895244533032,1.4961937817391,0.114,0.046,1,"13","BCG_treated","week44","IGRApos_BCG_44wk_vs_IGRAneg_BCG_44wk"
"SMG1P7",0.124027341540246,-0.276723242451765,0.108,0.081,1,"13","BCG_treated","week44","IGRApos_BCG_44wk_vs_IGRAneg_BCG_44wk"
"FRG1CP",0.124038637206507,-0.404869039224816,0.13,0.116,1,"13","BCG_treated","week44","IGRApos_BCG_44wk_vs_IGRAneg_BCG_44wk"
"MED13",0.12403992310425,-0.110228685620758,0.86,0.786,1,"13","BCG_treated","week44","IGRApos_BCG_44wk_vs_IGRAneg_BCG_44wk"
"HOOK2",0.124081427944837,-0.603916260223697,0.18,0.191,1,"13","BCG_treated","week44","IGRApos_BCG_44wk_vs_IGRAneg_BCG_44wk"
"PPCS",0.124196682368079,-0.525353790171287,0.151,0.145,1,"13","BCG_treated","week44","IGRApos_BCG_44wk_vs_IGRAneg_BCG_44wk"
"BANP",0.124257016533396,0.458401325981603,0.585,0.387,1,"13","BCG_treated","week44","IGRApos_BCG_44wk_vs_IGRAneg_BCG_44wk"
"MAN1A1",0.124355564456705,0.330385961652547,0.407,0.266,1,"13","BCG_treated","week44","IGRApos_BCG_44wk_vs_IGRAneg_BCG_44wk"
"CNOT3",0.124479520490659,-0.397177201739813,0.246,0.237,1,"13","BCG_treated","week44","IGRApos_BCG_44wk_vs_IGRAneg_BCG_44wk"
"TCF3",0.124562292207807,-0.296866695242027,0.299,0.272,1,"13","BCG_treated","week44","IGRApos_BCG_44wk_vs_IGRAneg_BCG_44wk"
"CNIH4",0.124654969163658,-0.438326164890214,0.122,0.133,1,"13","BCG_treated","week44","IGRApos_BCG_44wk_vs_IGRAneg_BCG_44wk"
"TBP",0.12473675383466,-0.55771146983685,0.188,0.191,1,"13","BCG_treated","week44","IGRApos_BCG_44wk_vs_IGRAneg_BCG_44wk"
"ZNF397",0.124817209745482,-1.09072859541736,0.098,0.116,1,"13","BCG_treated","week44","IGRApos_BCG_44wk_vs_IGRAneg_BCG_44wk"
"ARHGAP30",0.125083131177201,-0.194803581105298,0.683,0.624,1,"13","BCG_treated","week44","IGRApos_BCG_44wk_vs_IGRAneg_BCG_44wk"
"STT3B",0.125111742553293,-0.196451032633322,0.664,0.636,1,"13","BCG_treated","week44","IGRApos_BCG_44wk_vs_IGRAneg_BCG_44wk"
"ZNF337",0.125258623267518,-0.333449719004672,0.341,0.289,1,"13","BCG_treated","week44","IGRApos_BCG_44wk_vs_IGRAneg_BCG_44wk"
"PSMA3",0.125304079548516,-0.446819067231656,0.291,0.283,1,"13","BCG_treated","week44","IGRApos_BCG_44wk_vs_IGRAneg_BCG_44wk"
"NUFIP2",0.125445437161106,-0.10398867847217,0.622,0.549,1,"13","BCG_treated","week44","IGRApos_BCG_44wk_vs_IGRAneg_BCG_44wk"
"CAPRIN1",0.125627467740524,0.209264941290809,0.627,0.561,1,"13","BCG_treated","week44","IGRApos_BCG_44wk_vs_IGRAneg_BCG_44wk"
"ARL6IP6",0.125728163311411,-0.170765206245254,0.225,0.191,1,"13","BCG_treated","week44","IGRApos_BCG_44wk_vs_IGRAneg_BCG_44wk"
"HINT1",0.125851595441474,-0.631772006843603,0.249,0.266,1,"13","BCG_treated","week44","IGRApos_BCG_44wk_vs_IGRAneg_BCG_44wk"
"LPXN",0.126023592085999,-0.147731336831098,0.799,0.786,1,"13","BCG_treated","week44","IGRApos_BCG_44wk_vs_IGRAneg_BCG_44wk"
"PPP1R15A",0.126037203768957,-0.718922865049141,0.132,0.145,1,"13","BCG_treated","week44","IGRApos_BCG_44wk_vs_IGRAneg_BCG_44wk"
"EIF1AX",0.126134571011006,-0.525609644992416,0.185,0.185,1,"13","BCG_treated","week44","IGRApos_BCG_44wk_vs_IGRAneg_BCG_44wk"
"WDR37",0.126152879521097,0.149019467883218,0.616,0.462,1,"13","BCG_treated","week44","IGRApos_BCG_44wk_vs_IGRAneg_BCG_44wk"
"PPP2R2D",0.126330275778913,-0.145110592304827,0.5,0.416,1,"13","BCG_treated","week44","IGRApos_BCG_44wk_vs_IGRAneg_BCG_44wk"
"COMT",0.126522890832579,-0.539847974495797,0.177,0.162,1,"13","BCG_treated","week44","IGRApos_BCG_44wk_vs_IGRAneg_BCG_44wk"
"VPS72",0.126631931437154,-0.239904794599605,0.111,0.069,1,"13","BCG_treated","week44","IGRApos_BCG_44wk_vs_IGRAneg_BCG_44wk"
"MFN1",0.126830205534852,-0.36372836681838,0.415,0.353,1,"13","BCG_treated","week44","IGRApos_BCG_44wk_vs_IGRAneg_BCG_44wk"
"NDUFS6",0.127054840324775,0.561662122512009,0.169,0.087,1,"13","BCG_treated","week44","IGRApos_BCG_44wk_vs_IGRAneg_BCG_44wk"
"PIEZO1",0.127068916212567,-0.254606466506478,0.233,0.26,1,"13","BCG_treated","week44","IGRApos_BCG_44wk_vs_IGRAneg_BCG_44wk"
"MUS81",0.127073133277304,0.266174367113775,0.193,0.116,1,"13","BCG_treated","week44","IGRApos_BCG_44wk_vs_IGRAneg_BCG_44wk"
"USO1",0.127143845922045,-0.203536145123889,0.569,0.52,1,"13","BCG_treated","week44","IGRApos_BCG_44wk_vs_IGRAneg_BCG_44wk"
"TSPYL2",0.127414890186435,0.266651831395545,0.228,0.139,1,"13","BCG_treated","week44","IGRApos_BCG_44wk_vs_IGRAneg_BCG_44wk"
"COX6B1",0.12756146737584,-0.758605505410167,0.079,0.104,1,"13","BCG_treated","week44","IGRApos_BCG_44wk_vs_IGRAneg_BCG_44wk"
"TAF8",0.127678528834322,-0.516722141534118,0.291,0.283,1,"13","BCG_treated","week44","IGRApos_BCG_44wk_vs_IGRAneg_BCG_44wk"
"LDLRAD4",0.127687581053873,-0.277806092772728,0.68,0.676,1,"13","BCG_treated","week44","IGRApos_BCG_44wk_vs_IGRAneg_BCG_44wk"
"LZIC",0.127820356957211,-0.198351437273097,0.161,0.127,1,"13","BCG_treated","week44","IGRApos_BCG_44wk_vs_IGRAneg_BCG_44wk"
"SRGAP2C",0.128409746949384,0.785637721210404,0.312,0.179,1,"13","BCG_treated","week44","IGRApos_BCG_44wk_vs_IGRAneg_BCG_44wk"
"MAST2",0.128431061888365,-0.201252093009053,0.444,0.382,1,"13","BCG_treated","week44","IGRApos_BCG_44wk_vs_IGRAneg_BCG_44wk"
"GRSF1",0.128477796497038,-0.113250352774989,0.354,0.289,1,"13","BCG_treated","week44","IGRApos_BCG_44wk_vs_IGRAneg_BCG_44wk"
"TMA7",0.128633020480869,-0.353625357206,0.114,0.139,1,"13","BCG_treated","week44","IGRApos_BCG_44wk_vs_IGRAneg_BCG_44wk"
"RGCC",0.128706086290973,-0.60584515645822,0.106,0.139,1,"13","BCG_treated","week44","IGRApos_BCG_44wk_vs_IGRAneg_BCG_44wk"
"NDUFB9",0.12888720777289,-0.674522599661915,0.135,0.168,1,"13","BCG_treated","week44","IGRApos_BCG_44wk_vs_IGRAneg_BCG_44wk"
"C15orf39",0.129057489737353,-0.331992419865613,0.183,0.156,1,"13","BCG_treated","week44","IGRApos_BCG_44wk_vs_IGRAneg_BCG_44wk"
"CTSC",0.129187564649225,-0.421021819842599,0.405,0.439,1,"13","BCG_treated","week44","IGRApos_BCG_44wk_vs_IGRAneg_BCG_44wk"
"PLP2",0.129401324978901,-0.772596193130273,0.087,0.121,1,"13","BCG_treated","week44","IGRApos_BCG_44wk_vs_IGRAneg_BCG_44wk"
"MLLT3",0.129519008689605,0.226417223330732,0.804,0.636,1,"13","BCG_treated","week44","IGRApos_BCG_44wk_vs_IGRAneg_BCG_44wk"
"NDUFA13",0.129546004102527,-0.345376257104627,0.143,0.11,1,"13","BCG_treated","week44","IGRApos_BCG_44wk_vs_IGRAneg_BCG_44wk"
"ENSG00000224950",0.129558363569858,0.143522264532903,0.241,0.156,1,"13","BCG_treated","week44","IGRApos_BCG_44wk_vs_IGRAneg_BCG_44wk"
"CNP",0.129615984914252,-0.482444342535214,0.114,0.092,1,"13","BCG_treated","week44","IGRApos_BCG_44wk_vs_IGRAneg_BCG_44wk"
"LNPK",0.129693700294974,-0.302888513477706,0.188,0.162,1,"13","BCG_treated","week44","IGRApos_BCG_44wk_vs_IGRAneg_BCG_44wk"
"ZNF518A",0.1298245438563,-0.431153884195388,0.304,0.312,1,"13","BCG_treated","week44","IGRApos_BCG_44wk_vs_IGRAneg_BCG_44wk"
"ANKZF1",0.129917258895222,-0.455043360060092,0.209,0.214,1,"13","BCG_treated","week44","IGRApos_BCG_44wk_vs_IGRAneg_BCG_44wk"
"BOD1L1",0.12994365878865,-0.219275121767917,0.746,0.682,1,"13","BCG_treated","week44","IGRApos_BCG_44wk_vs_IGRAneg_BCG_44wk"
"AP2M1",0.129964775947139,-0.139452071405398,0.325,0.272,1,"13","BCG_treated","week44","IGRApos_BCG_44wk_vs_IGRAneg_BCG_44wk"
"FZD6",0.130160540270342,-0.78352242836915,0.093,0.116,1,"13","BCG_treated","week44","IGRApos_BCG_44wk_vs_IGRAneg_BCG_44wk"
"ZNF814",0.130321774169923,0.143900657120519,0.32,0.22,1,"13","BCG_treated","week44","IGRApos_BCG_44wk_vs_IGRAneg_BCG_44wk"
"CHID1",0.130713856118234,-0.541481422953001,0.119,0.087,1,"13","BCG_treated","week44","IGRApos_BCG_44wk_vs_IGRAneg_BCG_44wk"
"PIK3CG",0.130721711681272,0.248637203899557,0.524,0.382,1,"13","BCG_treated","week44","IGRApos_BCG_44wk_vs_IGRAneg_BCG_44wk"
"GRIPAP1",0.13080490791775,0.278416126532474,0.585,0.393,1,"13","BCG_treated","week44","IGRApos_BCG_44wk_vs_IGRAneg_BCG_44wk"
"ARHGAP21",0.130856335352587,-0.478690768339131,0.272,0.283,1,"13","BCG_treated","week44","IGRApos_BCG_44wk_vs_IGRAneg_BCG_44wk"
"HAUS6",0.130993533238283,-0.161911791248726,0.32,0.225,1,"13","BCG_treated","week44","IGRApos_BCG_44wk_vs_IGRAneg_BCG_44wk"
"POC1B",0.131316885314176,-0.691255862478214,0.344,0.364,1,"13","BCG_treated","week44","IGRApos_BCG_44wk_vs_IGRAneg_BCG_44wk"
"KAT8",0.131395678518515,0.363571717033967,0.196,0.104,1,"13","BCG_treated","week44","IGRApos_BCG_44wk_vs_IGRAneg_BCG_44wk"
"ZNF28",0.131450662095015,-0.708148829651136,0.214,0.254,1,"13","BCG_treated","week44","IGRApos_BCG_44wk_vs_IGRAneg_BCG_44wk"
"ZNF227",0.131452138402668,-0.567527925252779,0.13,0.11,1,"13","BCG_treated","week44","IGRApos_BCG_44wk_vs_IGRAneg_BCG_44wk"
"STAU1",0.131680817826332,-0.127844352759907,0.558,0.486,1,"13","BCG_treated","week44","IGRApos_BCG_44wk_vs_IGRAneg_BCG_44wk"
"ACAA2",0.13168484867761,-0.485321041576259,0.23,0.225,1,"13","BCG_treated","week44","IGRApos_BCG_44wk_vs_IGRAneg_BCG_44wk"
"GLRX2",0.131751982119621,-0.861264362006783,0.074,0.104,1,"13","BCG_treated","week44","IGRApos_BCG_44wk_vs_IGRAneg_BCG_44wk"
"PRF1",0.131758049396163,-0.248990246227378,0.5,0.434,1,"13","BCG_treated","week44","IGRApos_BCG_44wk_vs_IGRAneg_BCG_44wk"
"KLF13",0.131950696444825,0.150465422422179,0.831,0.682,1,"13","BCG_treated","week44","IGRApos_BCG_44wk_vs_IGRAneg_BCG_44wk"
"DNAJC17",0.131973737468587,0.319737794078873,0.209,0.127,1,"13","BCG_treated","week44","IGRApos_BCG_44wk_vs_IGRAneg_BCG_44wk"
"POLE",0.13201263204453,-0.242375322684221,0.183,0.185,1,"13","BCG_treated","week44","IGRApos_BCG_44wk_vs_IGRAneg_BCG_44wk"
"NREP",0.132023205950307,0.837015828384711,0.177,0.098,1,"13","BCG_treated","week44","IGRApos_BCG_44wk_vs_IGRAneg_BCG_44wk"
"IKZF1",0.132054499931867,-0.253696715142441,0.926,0.942,1,"13","BCG_treated","week44","IGRApos_BCG_44wk_vs_IGRAneg_BCG_44wk"
"BAX",0.132184682860384,-0.679477848077444,0.093,0.11,1,"13","BCG_treated","week44","IGRApos_BCG_44wk_vs_IGRAneg_BCG_44wk"
"C18orf25",0.132368107717658,-0.166502515217079,0.423,0.318,1,"13","BCG_treated","week44","IGRApos_BCG_44wk_vs_IGRAneg_BCG_44wk"
"SERPINB9",0.132408900119796,0.365873253448497,0.563,0.382,1,"13","BCG_treated","week44","IGRApos_BCG_44wk_vs_IGRAneg_BCG_44wk"
"NAT10",0.132410501184858,0.250377908605283,0.399,0.249,1,"13","BCG_treated","week44","IGRApos_BCG_44wk_vs_IGRAneg_BCG_44wk"
"PATL1",0.132458629466221,0.343943308259623,0.312,0.197,1,"13","BCG_treated","week44","IGRApos_BCG_44wk_vs_IGRAneg_BCG_44wk"
"BRI3",0.132507860611859,-0.11100334308345,0.228,0.145,1,"13","BCG_treated","week44","IGRApos_BCG_44wk_vs_IGRAneg_BCG_44wk"
"HAUS1",0.132557781772836,0.204390921493986,0.164,0.087,1,"13","BCG_treated","week44","IGRApos_BCG_44wk_vs_IGRAneg_BCG_44wk"
"L3HYPDH",0.132584293644314,0.797166847222586,0.114,0.052,1,"13","BCG_treated","week44","IGRApos_BCG_44wk_vs_IGRAneg_BCG_44wk"
"NOPCHAP1",0.132686164365046,-0.512412527988181,0.153,0.121,1,"13","BCG_treated","week44","IGRApos_BCG_44wk_vs_IGRAneg_BCG_44wk"
"CASZ1",0.132710906129294,0.715178415302805,0.344,0.208,1,"13","BCG_treated","week44","IGRApos_BCG_44wk_vs_IGRAneg_BCG_44wk"
"HDAC3",0.13272243808007,-0.718261731233332,0.177,0.185,1,"13","BCG_treated","week44","IGRApos_BCG_44wk_vs_IGRAneg_BCG_44wk"
"BLOC1S5-TXNDC5",0.132750459616877,-0.68721394304758,0.074,0.11,1,"13","BCG_treated","week44","IGRApos_BCG_44wk_vs_IGRAneg_BCG_44wk"
"PABIR3",0.132857570025495,0.845799490625289,0.185,0.087,1,"13","BCG_treated","week44","IGRApos_BCG_44wk_vs_IGRAneg_BCG_44wk"
"CLSTN3",0.132859843069869,0.201866139422583,0.341,0.22,1,"13","BCG_treated","week44","IGRApos_BCG_44wk_vs_IGRAneg_BCG_44wk"
"OPA3",0.132898413310798,-0.523442478344003,0.185,0.22,1,"13","BCG_treated","week44","IGRApos_BCG_44wk_vs_IGRAneg_BCG_44wk"
"NTRK1",0.133170714303191,0.442920385218573,0.101,0.046,1,"13","BCG_treated","week44","IGRApos_BCG_44wk_vs_IGRAneg_BCG_44wk"
"C2orf49",0.133285396952056,-0.666664463171096,0.132,0.162,1,"13","BCG_treated","week44","IGRApos_BCG_44wk_vs_IGRAneg_BCG_44wk"
"HUWE1",0.133340041444979,-0.312952758465732,0.878,0.855,1,"13","BCG_treated","week44","IGRApos_BCG_44wk_vs_IGRAneg_BCG_44wk"
"SUCLG1",0.133346551028507,0.398204297619593,0.302,0.185,1,"13","BCG_treated","week44","IGRApos_BCG_44wk_vs_IGRAneg_BCG_44wk"
"ANK3",0.133402490505852,-0.227608469893864,0.415,0.358,1,"13","BCG_treated","week44","IGRApos_BCG_44wk_vs_IGRAneg_BCG_44wk"
"DHX35",0.133556015053494,-0.296431917144914,0.201,0.156,1,"13","BCG_treated","week44","IGRApos_BCG_44wk_vs_IGRAneg_BCG_44wk"
"TRIM27",0.133601739171519,0.276410937498322,0.405,0.254,1,"13","BCG_treated","week44","IGRApos_BCG_44wk_vs_IGRAneg_BCG_44wk"
"RNF138",0.133631637825711,-0.296449387234817,0.376,0.376,1,"13","BCG_treated","week44","IGRApos_BCG_44wk_vs_IGRAneg_BCG_44wk"
"TARBP1",0.133766891589325,0.783906277299705,0.259,0.162,1,"13","BCG_treated","week44","IGRApos_BCG_44wk_vs_IGRAneg_BCG_44wk"
"BRD2",0.133785582628785,-0.211226373436648,0.672,0.642,1,"13","BCG_treated","week44","IGRApos_BCG_44wk_vs_IGRAneg_BCG_44wk"
"ARID3B",0.133806419605039,0.373871328264265,0.36,0.225,1,"13","BCG_treated","week44","IGRApos_BCG_44wk_vs_IGRAneg_BCG_44wk"
"IVD",0.133889090068811,-0.293598749680041,0.347,0.324,1,"13","BCG_treated","week44","IGRApos_BCG_44wk_vs_IGRAneg_BCG_44wk"
"TOB2",0.133927443623174,0.446291489403862,0.204,0.11,1,"13","BCG_treated","week44","IGRApos_BCG_44wk_vs_IGRAneg_BCG_44wk"
"ADCK1",0.133974735329605,0.176160006921893,0.103,0.058,1,"13","BCG_treated","week44","IGRApos_BCG_44wk_vs_IGRAneg_BCG_44wk"
"POLB",0.134015017678963,-0.475430623347664,0.148,0.133,1,"13","BCG_treated","week44","IGRApos_BCG_44wk_vs_IGRAneg_BCG_44wk"
"NAP1L4",0.134035035785946,0.296922596807186,0.831,0.734,1,"13","BCG_treated","week44","IGRApos_BCG_44wk_vs_IGRAneg_BCG_44wk"
"SMARCAD1",0.134166948328231,-0.175799922114555,0.489,0.416,1,"13","BCG_treated","week44","IGRApos_BCG_44wk_vs_IGRAneg_BCG_44wk"
"KDM5A",0.134287271722141,-0.151750532884775,0.799,0.728,1,"13","BCG_treated","week44","IGRApos_BCG_44wk_vs_IGRAneg_BCG_44wk"
"C1orf159",0.134328079894215,-0.155490112300062,0.278,0.208,1,"13","BCG_treated","week44","IGRApos_BCG_44wk_vs_IGRAneg_BCG_44wk"
"IPO11",0.134365062015878,-0.342109780948044,0.384,0.376,1,"13","BCG_treated","week44","IGRApos_BCG_44wk_vs_IGRAneg_BCG_44wk"
"USP31",0.134780895407759,-0.982937175983401,0.103,0.145,1,"13","BCG_treated","week44","IGRApos_BCG_44wk_vs_IGRAneg_BCG_44wk"
"STX4",0.134801581847819,-0.366730029621283,0.249,0.22,1,"13","BCG_treated","week44","IGRApos_BCG_44wk_vs_IGRAneg_BCG_44wk"
"HMOX2",0.134835396110528,-0.305184385805533,0.235,0.225,1,"13","BCG_treated","week44","IGRApos_BCG_44wk_vs_IGRAneg_BCG_44wk"
"NCKAP5L",0.134899399519722,-0.316358830512849,0.164,0.116,1,"13","BCG_treated","week44","IGRApos_BCG_44wk_vs_IGRAneg_BCG_44wk"
"SERPINB6",0.134921103183237,0.537555242280726,0.27,0.162,1,"13","BCG_treated","week44","IGRApos_BCG_44wk_vs_IGRAneg_BCG_44wk"
"ACO2",0.134932758860412,0.433377910265208,0.37,0.22,1,"13","BCG_treated","week44","IGRApos_BCG_44wk_vs_IGRAneg_BCG_44wk"
"PTPRC",0.135208221212531,0.15586255159973,0.987,0.931,1,"13","BCG_treated","week44","IGRApos_BCG_44wk_vs_IGRAneg_BCG_44wk"
"SLC30A7",0.135295989664529,-0.378194913080071,0.571,0.538,1,"13","BCG_treated","week44","IGRApos_BCG_44wk_vs_IGRAneg_BCG_44wk"
"ARFGAP2",0.135515923018483,0.436331933619835,0.257,0.139,1,"13","BCG_treated","week44","IGRApos_BCG_44wk_vs_IGRAneg_BCG_44wk"
"BRCC3",0.135566649103532,-0.296706587625779,0.307,0.283,1,"13","BCG_treated","week44","IGRApos_BCG_44wk_vs_IGRAneg_BCG_44wk"
"CUTALP",0.135665837512574,-0.334689740663686,0.31,0.318,1,"13","BCG_treated","week44","IGRApos_BCG_44wk_vs_IGRAneg_BCG_44wk"
"PTGR3",0.135799757050206,-0.582271807881146,0.175,0.168,1,"13","BCG_treated","week44","IGRApos_BCG_44wk_vs_IGRAneg_BCG_44wk"
"LY6E",0.135903267345456,0.85606283271083,0.209,0.092,1,"13","BCG_treated","week44","IGRApos_BCG_44wk_vs_IGRAneg_BCG_44wk"
"APPL2",0.136022535142907,-0.289691279282247,0.45,0.393,1,"13","BCG_treated","week44","IGRApos_BCG_44wk_vs_IGRAneg_BCG_44wk"
"SWAP70",0.13605141648637,0.111607222367286,0.265,0.173,1,"13","BCG_treated","week44","IGRApos_BCG_44wk_vs_IGRAneg_BCG_44wk"
"FBL",0.136060146549578,-0.315167677982577,0.196,0.208,1,"13","BCG_treated","week44","IGRApos_BCG_44wk_vs_IGRAneg_BCG_44wk"
"TM9SF3",0.136136339736803,-0.258524459865142,0.619,0.561,1,"13","BCG_treated","week44","IGRApos_BCG_44wk_vs_IGRAneg_BCG_44wk"
"EIF3M",0.136286974490456,-0.3275995730398,0.286,0.249,1,"13","BCG_treated","week44","IGRApos_BCG_44wk_vs_IGRAneg_BCG_44wk"
"IRF2BPL",0.136475331234062,-0.761073888690164,0.098,0.127,1,"13","BCG_treated","week44","IGRApos_BCG_44wk_vs_IGRAneg_BCG_44wk"
"SART1",0.136529560512062,-0.256260493922053,0.299,0.249,1,"13","BCG_treated","week44","IGRApos_BCG_44wk_vs_IGRAneg_BCG_44wk"
"ANXA2R-AS1",0.136826854809563,-0.514457631574346,0.27,0.283,1,"13","BCG_treated","week44","IGRApos_BCG_44wk_vs_IGRAneg_BCG_44wk"
"GDAP1",0.136978967475716,0.947810171639263,0.124,0.064,1,"13","BCG_treated","week44","IGRApos_BCG_44wk_vs_IGRAneg_BCG_44wk"
"MACF1",0.137040156228737,-0.153322239256741,0.987,0.977,1,"13","BCG_treated","week44","IGRApos_BCG_44wk_vs_IGRAneg_BCG_44wk"
"OPA1",0.137123777167902,-0.164490439928047,0.632,0.584,1,"13","BCG_treated","week44","IGRApos_BCG_44wk_vs_IGRAneg_BCG_44wk"
"UBTF",0.1371421861372,-0.235143804901508,0.32,0.324,1,"13","BCG_treated","week44","IGRApos_BCG_44wk_vs_IGRAneg_BCG_44wk"
"ANKHD1",0.137217291201962,-0.110007768981071,0.865,0.775,1,"13","BCG_treated","week44","IGRApos_BCG_44wk_vs_IGRAneg_BCG_44wk"
"MTPAP",0.137323839643606,-0.282579472679259,0.183,0.191,1,"13","BCG_treated","week44","IGRApos_BCG_44wk_vs_IGRAneg_BCG_44wk"
"SHOC2",0.137445939465419,-0.237338443479549,0.577,0.503,1,"13","BCG_treated","week44","IGRApos_BCG_44wk_vs_IGRAneg_BCG_44wk"
"CHN2",0.137538411717796,-0.310930214132383,0.484,0.445,1,"13","BCG_treated","week44","IGRApos_BCG_44wk_vs_IGRAneg_BCG_44wk"
"VTI1B",0.13754190801238,-0.334476116065743,0.344,0.324,1,"13","BCG_treated","week44","IGRApos_BCG_44wk_vs_IGRAneg_BCG_44wk"
"POLR2J4",0.137560270332319,-0.786014951488421,0.222,0.237,1,"13","BCG_treated","week44","IGRApos_BCG_44wk_vs_IGRAneg_BCG_44wk"
"SLC2A1",0.137590112040548,-0.682075868569161,0.138,0.127,1,"13","BCG_treated","week44","IGRApos_BCG_44wk_vs_IGRAneg_BCG_44wk"
"TBC1D13",0.137649546106637,-0.296607130940879,0.14,0.087,1,"13","BCG_treated","week44","IGRApos_BCG_44wk_vs_IGRAneg_BCG_44wk"
"PSMD8",0.137672121145966,-0.399354534698376,0.18,0.168,1,"13","BCG_treated","week44","IGRApos_BCG_44wk_vs_IGRAneg_BCG_44wk"
"RUFY2",0.137690702823156,-0.10698350943726,0.402,0.312,1,"13","BCG_treated","week44","IGRApos_BCG_44wk_vs_IGRAneg_BCG_44wk"
"ENSG00000286129",0.137928941825474,-0.343403087331784,0.156,0.121,1,"13","BCG_treated","week44","IGRApos_BCG_44wk_vs_IGRAneg_BCG_44wk"
"SSRP1",0.138001850604606,-0.298493122584409,0.214,0.202,1,"13","BCG_treated","week44","IGRApos_BCG_44wk_vs_IGRAneg_BCG_44wk"
"GSPT1",0.13826551168354,0.523754325120273,0.741,0.572,1,"13","BCG_treated","week44","IGRApos_BCG_44wk_vs_IGRAneg_BCG_44wk"
"NFKBIB",0.138343295030844,-0.86099204280395,0.14,0.179,1,"13","BCG_treated","week44","IGRApos_BCG_44wk_vs_IGRAneg_BCG_44wk"
"TRIM25",0.138360418566468,0.208389768855543,0.344,0.22,1,"13","BCG_treated","week44","IGRApos_BCG_44wk_vs_IGRAneg_BCG_44wk"
"RUFY3",0.138413591771342,-0.29360265710472,0.574,0.584,1,"13","BCG_treated","week44","IGRApos_BCG_44wk_vs_IGRAneg_BCG_44wk"
"TRIM23",0.138454013144916,0.567690693405301,0.27,0.15,1,"13","BCG_treated","week44","IGRApos_BCG_44wk_vs_IGRAneg_BCG_44wk"
"METTL16",0.138616128905815,0.560535019025752,0.399,0.277,1,"13","BCG_treated","week44","IGRApos_BCG_44wk_vs_IGRAneg_BCG_44wk"
"ARL10",0.138676306159521,0.176857564009182,0.156,0.092,1,"13","BCG_treated","week44","IGRApos_BCG_44wk_vs_IGRAneg_BCG_44wk"
"MCM9",0.138789246981854,-0.298308081198344,0.426,0.393,1,"13","BCG_treated","week44","IGRApos_BCG_44wk_vs_IGRAneg_BCG_44wk"
"KDELR2",0.138836570325513,0.190953980561762,0.278,0.173,1,"13","BCG_treated","week44","IGRApos_BCG_44wk_vs_IGRAneg_BCG_44wk"
"TERF1",0.13883668467961,0.384918536425733,0.299,0.179,1,"13","BCG_treated","week44","IGRApos_BCG_44wk_vs_IGRAneg_BCG_44wk"
"CASTOR3P",0.138935249062656,-0.340998979200163,0.331,0.295,1,"13","BCG_treated","week44","IGRApos_BCG_44wk_vs_IGRAneg_BCG_44wk"
"SMARCE1",0.139093638247131,-0.208508833004545,0.5,0.486,1,"13","BCG_treated","week44","IGRApos_BCG_44wk_vs_IGRAneg_BCG_44wk"
"RPS18",0.139661277417461,-0.547296743420114,0.193,0.214,1,"13","BCG_treated","week44","IGRApos_BCG_44wk_vs_IGRAneg_BCG_44wk"
"DYRK1A",0.13966369153017,0.111685388685027,0.897,0.861,1,"13","BCG_treated","week44","IGRApos_BCG_44wk_vs_IGRAneg_BCG_44wk"
"RRP12",0.139936685315462,-0.437244453969226,0.132,0.127,1,"13","BCG_treated","week44","IGRApos_BCG_44wk_vs_IGRAneg_BCG_44wk"
"HACD3",0.13993821594762,-0.618766000870773,0.238,0.231,1,"13","BCG_treated","week44","IGRApos_BCG_44wk_vs_IGRAneg_BCG_44wk"
"SAT1",0.139950454753481,0.567446656746192,0.183,0.092,1,"13","BCG_treated","week44","IGRApos_BCG_44wk_vs_IGRAneg_BCG_44wk"
"DAB1",0.140090016679757,-0.349776397149946,0.209,0.243,1,"13","BCG_treated","week44","IGRApos_BCG_44wk_vs_IGRAneg_BCG_44wk"
"ARFGAP1",0.140151766861243,0.650664076672522,0.175,0.087,1,"13","BCG_treated","week44","IGRApos_BCG_44wk_vs_IGRAneg_BCG_44wk"
"LRRC8C",0.140210910491266,-0.138771661383967,0.511,0.416,1,"13","BCG_treated","week44","IGRApos_BCG_44wk_vs_IGRAneg_BCG_44wk"
"KAT6B",0.140221439115027,-0.243862326519265,0.688,0.671,1,"13","BCG_treated","week44","IGRApos_BCG_44wk_vs_IGRAneg_BCG_44wk"
"CD96",0.140629920512299,-0.200194993692868,0.979,0.983,1,"13","BCG_treated","week44","IGRApos_BCG_44wk_vs_IGRAneg_BCG_44wk"
"UNC50",0.140816779630612,0.664842126644713,0.265,0.139,1,"13","BCG_treated","week44","IGRApos_BCG_44wk_vs_IGRAneg_BCG_44wk"
"SECISBP2L",0.140851553060873,-0.252943925490699,0.513,0.503,1,"13","BCG_treated","week44","IGRApos_BCG_44wk_vs_IGRAneg_BCG_44wk"
"RPS27",0.140866860916179,-0.408375751186032,0.143,0.168,1,"13","BCG_treated","week44","IGRApos_BCG_44wk_vs_IGRAneg_BCG_44wk"
"NR2C2",0.140961229769929,0.294530870179896,0.643,0.474,1,"13","BCG_treated","week44","IGRApos_BCG_44wk_vs_IGRAneg_BCG_44wk"
"AP2A1",0.140988395833875,-0.206536687408762,0.323,0.272,1,"13","BCG_treated","week44","IGRApos_BCG_44wk_vs_IGRAneg_BCG_44wk"
"PRKCSH",0.141142968895113,0.307367980262963,0.31,0.185,1,"13","BCG_treated","week44","IGRApos_BCG_44wk_vs_IGRAneg_BCG_44wk"
"MTHFSD",0.141172943374061,-0.577220400818868,0.138,0.156,1,"13","BCG_treated","week44","IGRApos_BCG_44wk_vs_IGRAneg_BCG_44wk"
"ANTXR2",0.14120470077245,-0.205979197968736,0.243,0.191,1,"13","BCG_treated","week44","IGRApos_BCG_44wk_vs_IGRAneg_BCG_44wk"
"ATP13A1",0.141262367751328,0.142940885032463,0.214,0.133,1,"13","BCG_treated","week44","IGRApos_BCG_44wk_vs_IGRAneg_BCG_44wk"
"RPL31",0.141267136170404,-0.222372908089489,0.545,0.566,1,"13","BCG_treated","week44","IGRApos_BCG_44wk_vs_IGRAneg_BCG_44wk"
"PRKAG2",0.14128799387179,-0.315945102866529,0.434,0.41,1,"13","BCG_treated","week44","IGRApos_BCG_44wk_vs_IGRAneg_BCG_44wk"
"ZFP36L1",0.141403819493161,-0.238108754320538,0.291,0.266,1,"13","BCG_treated","week44","IGRApos_BCG_44wk_vs_IGRAneg_BCG_44wk"
"TET3",0.141404877960143,-0.234988225723681,0.757,0.682,1,"13","BCG_treated","week44","IGRApos_BCG_44wk_vs_IGRAneg_BCG_44wk"
"ENSG00000267179",0.141694834316693,1.01638138324586,0.106,0.046,1,"13","BCG_treated","week44","IGRApos_BCG_44wk_vs_IGRAneg_BCG_44wk"
"ZRANB1",0.141734717819121,0.679958319422326,0.37,0.243,1,"13","BCG_treated","week44","IGRApos_BCG_44wk_vs_IGRAneg_BCG_44wk"
"MAP2K4",0.141744337511672,-0.201977219522628,0.651,0.572,1,"13","BCG_treated","week44","IGRApos_BCG_44wk_vs_IGRAneg_BCG_44wk"
"PIGH",0.141988091181025,0.926819769137002,0.108,0.04,1,"13","BCG_treated","week44","IGRApos_BCG_44wk_vs_IGRAneg_BCG_44wk"
"NUP153",0.142091128278317,-0.179784454880165,0.685,0.636,1,"13","BCG_treated","week44","IGRApos_BCG_44wk_vs_IGRAneg_BCG_44wk"
"NPLOC4",0.142168750629977,0.200369675030846,0.532,0.37,1,"13","BCG_treated","week44","IGRApos_BCG_44wk_vs_IGRAneg_BCG_44wk"
"MAST4",0.142215344410349,-0.408079436303521,0.172,0.185,1,"13","BCG_treated","week44","IGRApos_BCG_44wk_vs_IGRAneg_BCG_44wk"
"RNF213-AS1",0.142549770985671,-0.388998164228803,0.101,0.121,1,"13","BCG_treated","week44","IGRApos_BCG_44wk_vs_IGRAneg_BCG_44wk"
"ENSG00000273748",0.142724198130079,-0.309197732312454,0.315,0.266,1,"13","BCG_treated","week44","IGRApos_BCG_44wk_vs_IGRAneg_BCG_44wk"
"ECSIT",0.143039165379316,-0.883478060518034,0.111,0.145,1,"13","BCG_treated","week44","IGRApos_BCG_44wk_vs_IGRAneg_BCG_44wk"
"UBE2W",0.143040660025028,-0.156833907106624,0.474,0.474,1,"13","BCG_treated","week44","IGRApos_BCG_44wk_vs_IGRAneg_BCG_44wk"
"SACS",0.143230733664038,-0.338904537939338,0.357,0.335,1,"13","BCG_treated","week44","IGRApos_BCG_44wk_vs_IGRAneg_BCG_44wk"
"ENSG00000268575",0.143455872944042,0.754839880606862,0.135,0.064,1,"13","BCG_treated","week44","IGRApos_BCG_44wk_vs_IGRAneg_BCG_44wk"
"RPS6KC1",0.143527915308539,-0.126912534083985,0.749,0.647,1,"13","BCG_treated","week44","IGRApos_BCG_44wk_vs_IGRAneg_BCG_44wk"
"RBBP7",0.143623476158602,-0.298719826621467,0.336,0.301,1,"13","BCG_treated","week44","IGRApos_BCG_44wk_vs_IGRAneg_BCG_44wk"
"FAM228B",0.143834021672205,-0.598302076752125,0.328,0.37,1,"13","BCG_treated","week44","IGRApos_BCG_44wk_vs_IGRAneg_BCG_44wk"
"ENSG00000285679",0.143853012152693,-1.04430330283812,0.063,0.11,1,"13","BCG_treated","week44","IGRApos_BCG_44wk_vs_IGRAneg_BCG_44wk"
"ZNF439",0.143884696841675,0.703782225668024,0.212,0.127,1,"13","BCG_treated","week44","IGRApos_BCG_44wk_vs_IGRAneg_BCG_44wk"
"APBA3",0.144077115936743,1.01040428120151,0.116,0.046,1,"13","BCG_treated","week44","IGRApos_BCG_44wk_vs_IGRAneg_BCG_44wk"
"SCLY",0.144132167501373,0.652982205170571,0.399,0.272,1,"13","BCG_treated","week44","IGRApos_BCG_44wk_vs_IGRAneg_BCG_44wk"
"CYLD",0.144218277886294,-0.119565957770629,0.892,0.798,1,"13","BCG_treated","week44","IGRApos_BCG_44wk_vs_IGRAneg_BCG_44wk"
"CORO1C",0.144342767988837,-0.580826203483525,0.164,0.179,1,"13","BCG_treated","week44","IGRApos_BCG_44wk_vs_IGRAneg_BCG_44wk"
"AFG1L",0.145040470768126,0.48465588318385,0.183,0.11,1,"13","BCG_treated","week44","IGRApos_BCG_44wk_vs_IGRAneg_BCG_44wk"
"DOCK9",0.145052944181508,0.318479220356232,0.677,0.549,1,"13","BCG_treated","week44","IGRApos_BCG_44wk_vs_IGRAneg_BCG_44wk"
"DNAJB11",0.145170245994635,-0.314434821615097,0.294,0.266,1,"13","BCG_treated","week44","IGRApos_BCG_44wk_vs_IGRAneg_BCG_44wk"
"ATP6V0C",0.145403618073914,-0.885484174370353,0.119,0.133,1,"13","BCG_treated","week44","IGRApos_BCG_44wk_vs_IGRAneg_BCG_44wk"
"CAPZA1",0.14546144586195,-0.111322076484162,0.624,0.555,1,"13","BCG_treated","week44","IGRApos_BCG_44wk_vs_IGRAneg_BCG_44wk"
"SPAG1",0.14556975805947,0.327719733131269,0.601,0.422,1,"13","BCG_treated","week44","IGRApos_BCG_44wk_vs_IGRAneg_BCG_44wk"
"SPART",0.145833619513524,0.44434311035251,0.312,0.185,1,"13","BCG_treated","week44","IGRApos_BCG_44wk_vs_IGRAneg_BCG_44wk"
"WHRN",0.145985981240413,0.362602010445997,0.5,0.364,1,"13","BCG_treated","week44","IGRApos_BCG_44wk_vs_IGRAneg_BCG_44wk"
"IP6K2",0.146092141761756,-0.113379489748816,0.317,0.254,1,"13","BCG_treated","week44","IGRApos_BCG_44wk_vs_IGRAneg_BCG_44wk"
"FXR2",0.146147073457565,-0.539341767068856,0.164,0.145,1,"13","BCG_treated","week44","IGRApos_BCG_44wk_vs_IGRAneg_BCG_44wk"
"CANT1",0.146363710685033,0.326745492599878,0.19,0.11,1,"13","BCG_treated","week44","IGRApos_BCG_44wk_vs_IGRAneg_BCG_44wk"
"CEP128",0.146394618813715,-0.354843076053836,0.177,0.15,1,"13","BCG_treated","week44","IGRApos_BCG_44wk_vs_IGRAneg_BCG_44wk"
"PBRM1",0.146401143699344,-0.202175825051409,0.762,0.74,1,"13","BCG_treated","week44","IGRApos_BCG_44wk_vs_IGRAneg_BCG_44wk"
"SLC39A14",0.146479351389601,-0.317047200946544,0.132,0.092,1,"13","BCG_treated","week44","IGRApos_BCG_44wk_vs_IGRAneg_BCG_44wk"
"KMT2B",0.146497443112921,-0.259387877822076,0.339,0.295,1,"13","BCG_treated","week44","IGRApos_BCG_44wk_vs_IGRAneg_BCG_44wk"
"MAPKBP1",0.146761406716519,-0.140042813992909,0.265,0.208,1,"13","BCG_treated","week44","IGRApos_BCG_44wk_vs_IGRAneg_BCG_44wk"
"BTBD7",0.146772970748388,-0.273361796610374,0.558,0.491,1,"13","BCG_treated","week44","IGRApos_BCG_44wk_vs_IGRAneg_BCG_44wk"
"RHOBTB3",0.146860872383415,-0.116074785811103,0.188,0.116,1,"13","BCG_treated","week44","IGRApos_BCG_44wk_vs_IGRAneg_BCG_44wk"
"SLC25A30",0.146885283494519,-0.281144100813963,0.196,0.162,1,"13","BCG_treated","week44","IGRApos_BCG_44wk_vs_IGRAneg_BCG_44wk"
"VPS54",0.147363188572768,0.214843665140078,0.548,0.382,1,"13","BCG_treated","week44","IGRApos_BCG_44wk_vs_IGRAneg_BCG_44wk"
"RBBP9",0.147460010933355,-0.835180032212948,0.074,0.104,1,"13","BCG_treated","week44","IGRApos_BCG_44wk_vs_IGRAneg_BCG_44wk"
"LINC00623",0.147516093830258,-0.381845165507707,0.36,0.353,1,"13","BCG_treated","week44","IGRApos_BCG_44wk_vs_IGRAneg_BCG_44wk"
"MED14P1",0.147525507904858,-0.910039691764758,0.077,0.121,1,"13","BCG_treated","week44","IGRApos_BCG_44wk_vs_IGRAneg_BCG_44wk"
"CSPP1",0.147529078959056,-0.339725738339322,0.394,0.393,1,"13","BCG_treated","week44","IGRApos_BCG_44wk_vs_IGRAneg_BCG_44wk"
"ENSG00000268750",0.14765906158026,-0.120852430397125,0.214,0.162,1,"13","BCG_treated","week44","IGRApos_BCG_44wk_vs_IGRAneg_BCG_44wk"
"ACOT13",0.147871337303702,-0.776661286069438,0.079,0.116,1,"13","BCG_treated","week44","IGRApos_BCG_44wk_vs_IGRAneg_BCG_44wk"
"UBQLN2",0.14801090009504,-0.499075205182097,0.201,0.162,1,"13","BCG_treated","week44","IGRApos_BCG_44wk_vs_IGRAneg_BCG_44wk"
"FARP2",0.148084802926624,0.125674979908185,0.328,0.214,1,"13","BCG_treated","week44","IGRApos_BCG_44wk_vs_IGRAneg_BCG_44wk"
"DUSP12",0.14813327716262,-0.406217730115142,0.116,0.092,1,"13","BCG_treated","week44","IGRApos_BCG_44wk_vs_IGRAneg_BCG_44wk"
"TSC22D4",0.148146284958863,-0.173919920608494,0.315,0.26,1,"13","BCG_treated","week44","IGRApos_BCG_44wk_vs_IGRAneg_BCG_44wk"
"GABARAP",0.148150529409007,-0.322950952627986,0.124,0.081,1,"13","BCG_treated","week44","IGRApos_BCG_44wk_vs_IGRAneg_BCG_44wk"
"EXOG",0.148226019266737,0.722731373917084,0.344,0.214,1,"13","BCG_treated","week44","IGRApos_BCG_44wk_vs_IGRAneg_BCG_44wk"
"ENSG00000290683",0.14826525431218,-0.237007390468179,0.153,0.116,1,"13","BCG_treated","week44","IGRApos_BCG_44wk_vs_IGRAneg_BCG_44wk"
"ERGIC2",0.148343665732191,-0.403271522446601,0.254,0.289,1,"13","BCG_treated","week44","IGRApos_BCG_44wk_vs_IGRAneg_BCG_44wk"
"ILKAP",0.148376172497999,0.28570492393371,0.521,0.358,1,"13","BCG_treated","week44","IGRApos_BCG_44wk_vs_IGRAneg_BCG_44wk"
"EIF3J-DT",0.148440891877849,0.944041393607757,0.124,0.058,1,"13","BCG_treated","week44","IGRApos_BCG_44wk_vs_IGRAneg_BCG_44wk"
"NBPF3",0.148497672945206,0.763997886838108,0.127,0.075,1,"13","BCG_treated","week44","IGRApos_BCG_44wk_vs_IGRAneg_BCG_44wk"
"HSD17B12",0.148692195353931,-0.262434303085624,0.368,0.37,1,"13","BCG_treated","week44","IGRApos_BCG_44wk_vs_IGRAneg_BCG_44wk"
"PATL2",0.148974885981734,0.453974415419855,0.238,0.139,1,"13","BCG_treated","week44","IGRApos_BCG_44wk_vs_IGRAneg_BCG_44wk"
"MAD1L1",0.149108725663801,0.110980320802775,0.521,0.387,1,"13","BCG_treated","week44","IGRApos_BCG_44wk_vs_IGRAneg_BCG_44wk"
"ZNF484",0.149336067574769,0.638836557578855,0.235,0.127,1,"13","BCG_treated","week44","IGRApos_BCG_44wk_vs_IGRAneg_BCG_44wk"
"IL27RA",0.149336981943888,-0.429062160898288,0.272,0.283,1,"13","BCG_treated","week44","IGRApos_BCG_44wk_vs_IGRAneg_BCG_44wk"
"PI4K2A",0.149624518086478,-0.642682183734668,0.132,0.127,1,"13","BCG_treated","week44","IGRApos_BCG_44wk_vs_IGRAneg_BCG_44wk"
"ENSG00000266931",0.149715995690102,-0.409626612157608,0.108,0.064,1,"13","BCG_treated","week44","IGRApos_BCG_44wk_vs_IGRAneg_BCG_44wk"
"ADAM9",0.149785966975183,0.625259647649314,0.212,0.121,1,"13","BCG_treated","week44","IGRApos_BCG_44wk_vs_IGRAneg_BCG_44wk"
"ST3GAL3",0.149806631302587,-0.38303473769457,0.526,0.538,1,"13","BCG_treated","week44","IGRApos_BCG_44wk_vs_IGRAneg_BCG_44wk"
"SLC35D1",0.149873123082065,-0.174856626043251,0.455,0.364,1,"13","BCG_treated","week44","IGRApos_BCG_44wk_vs_IGRAneg_BCG_44wk"
"PUDP",0.149967752062924,-0.376862328613437,0.265,0.243,1,"13","BCG_treated","week44","IGRApos_BCG_44wk_vs_IGRAneg_BCG_44wk"
"ZNF514",0.150028106494393,-0.44149923073983,0.14,0.121,1,"13","BCG_treated","week44","IGRApos_BCG_44wk_vs_IGRAneg_BCG_44wk"
"ENSG00000247121",0.150031562424483,0.685958200665796,0.108,0.064,1,"13","BCG_treated","week44","IGRApos_BCG_44wk_vs_IGRAneg_BCG_44wk"
"SMARCB1",0.150084095649142,-0.282448982021252,0.336,0.289,1,"13","BCG_treated","week44","IGRApos_BCG_44wk_vs_IGRAneg_BCG_44wk"
"TBRG1",0.150195288043386,0.313430840970266,0.381,0.254,1,"13","BCG_treated","week44","IGRApos_BCG_44wk_vs_IGRAneg_BCG_44wk"
"TM9SF2",0.150310887643525,-0.169667095623327,0.54,0.445,1,"13","BCG_treated","week44","IGRApos_BCG_44wk_vs_IGRAneg_BCG_44wk"
"STX18-AS1",0.150382279224366,-0.262091906185312,0.114,0.127,1,"13","BCG_treated","week44","IGRApos_BCG_44wk_vs_IGRAneg_BCG_44wk"
"WDR5",0.151140621378955,-0.512156305450797,0.143,0.133,1,"13","BCG_treated","week44","IGRApos_BCG_44wk_vs_IGRAneg_BCG_44wk"
"ENSG00000255026",0.151235141869294,0.775703408087854,0.206,0.121,1,"13","BCG_treated","week44","IGRApos_BCG_44wk_vs_IGRAneg_BCG_44wk"
"ANKUB1",0.151380003785811,-1.70621091924165,0.087,0.11,1,"13","BCG_treated","week44","IGRApos_BCG_44wk_vs_IGRAneg_BCG_44wk"
"TAOK3",0.151412927975764,-0.247707068605778,0.862,0.827,1,"13","BCG_treated","week44","IGRApos_BCG_44wk_vs_IGRAneg_BCG_44wk"
"SRSF4",0.151543725807969,-0.235293838319742,0.672,0.624,1,"13","BCG_treated","week44","IGRApos_BCG_44wk_vs_IGRAneg_BCG_44wk"
"SH2D1A",0.151661603745499,-0.476344007373731,0.243,0.283,1,"13","BCG_treated","week44","IGRApos_BCG_44wk_vs_IGRAneg_BCG_44wk"
"REXO2",0.15171236374888,0.385780591262609,0.143,0.127,1,"13","BCG_treated","week44","IGRApos_BCG_44wk_vs_IGRAneg_BCG_44wk"
"ZBTB24",0.151736362803659,-0.282153749809297,0.222,0.185,1,"13","BCG_treated","week44","IGRApos_BCG_44wk_vs_IGRAneg_BCG_44wk"
"ATP1B3",0.151811934479252,-0.362955584395789,0.286,0.249,1,"13","BCG_treated","week44","IGRApos_BCG_44wk_vs_IGRAneg_BCG_44wk"
"RIMKLB",0.151967882932381,-0.379028611917686,0.222,0.168,1,"13","BCG_treated","week44","IGRApos_BCG_44wk_vs_IGRAneg_BCG_44wk"
"UBE2E2",0.151970251836433,-0.395152121159123,0.373,0.353,1,"13","BCG_treated","week44","IGRApos_BCG_44wk_vs_IGRAneg_BCG_44wk"
"GNB4",0.151984410789654,-0.401638635663814,0.14,0.139,1,"13","BCG_treated","week44","IGRApos_BCG_44wk_vs_IGRAneg_BCG_44wk"
"MRPL38",0.152160124035756,-0.57821334567956,0.132,0.127,1,"13","BCG_treated","week44","IGRApos_BCG_44wk_vs_IGRAneg_BCG_44wk"
"BRPF1",0.152409183841005,0.508309214091621,0.225,0.121,1,"13","BCG_treated","week44","IGRApos_BCG_44wk_vs_IGRAneg_BCG_44wk"
"GUF1",0.152517017165534,-0.563249770789668,0.201,0.214,1,"13","BCG_treated","week44","IGRApos_BCG_44wk_vs_IGRAneg_BCG_44wk"
"MIR29B2CHG",0.152543792832405,0.55501499856368,0.312,0.185,1,"13","BCG_treated","week44","IGRApos_BCG_44wk_vs_IGRAneg_BCG_44wk"
"SLFN5",0.152693266514573,0.178774855136089,0.897,0.769,1,"13","BCG_treated","week44","IGRApos_BCG_44wk_vs_IGRAneg_BCG_44wk"
"BBX",0.152745117513571,0.129632810279234,0.897,0.769,1,"13","BCG_treated","week44","IGRApos_BCG_44wk_vs_IGRAneg_BCG_44wk"
"STRIP1",0.152973206889979,0.293678944346516,0.376,0.249,1,"13","BCG_treated","week44","IGRApos_BCG_44wk_vs_IGRAneg_BCG_44wk"
"ZW10",0.153099927962319,-0.683296823211321,0.153,0.185,1,"13","BCG_treated","week44","IGRApos_BCG_44wk_vs_IGRAneg_BCG_44wk"
"RBM19",0.153102069824215,-0.273327658524647,0.431,0.393,1,"13","BCG_treated","week44","IGRApos_BCG_44wk_vs_IGRAneg_BCG_44wk"
"CPNE3",0.153199662683468,-0.269558464018724,0.278,0.237,1,"13","BCG_treated","week44","IGRApos_BCG_44wk_vs_IGRAneg_BCG_44wk"
"ZNF236-DT",0.153440808051353,0.848232334811368,0.13,0.058,1,"13","BCG_treated","week44","IGRApos_BCG_44wk_vs_IGRAneg_BCG_44wk"
"PARD3",0.153507938937035,-0.875865656648903,0.09,0.11,1,"13","BCG_treated","week44","IGRApos_BCG_44wk_vs_IGRAneg_BCG_44wk"
"UHRF2",0.153543666909527,-0.231854905410808,0.516,0.491,1,"13","BCG_treated","week44","IGRApos_BCG_44wk_vs_IGRAneg_BCG_44wk"
"PLPBP",0.153716981318978,-0.365887565097274,0.212,0.179,1,"13","BCG_treated","week44","IGRApos_BCG_44wk_vs_IGRAneg_BCG_44wk"
"TFG",0.15375542945494,-0.111028136555584,0.376,0.301,1,"13","BCG_treated","week44","IGRApos_BCG_44wk_vs_IGRAneg_BCG_44wk"
"ITFG1",0.153767216855432,-0.141641398042218,0.709,0.63,1,"13","BCG_treated","week44","IGRApos_BCG_44wk_vs_IGRAneg_BCG_44wk"
"PCBP1-AS1",0.154117625741445,-0.293205000762725,0.399,0.364,1,"13","BCG_treated","week44","IGRApos_BCG_44wk_vs_IGRAneg_BCG_44wk"
"MVB12A",0.154252355810891,-0.508118424583085,0.23,0.249,1,"13","BCG_treated","week44","IGRApos_BCG_44wk_vs_IGRAneg_BCG_44wk"
"CCS",0.154371483280756,0.917402161164047,0.108,0.052,1,"13","BCG_treated","week44","IGRApos_BCG_44wk_vs_IGRAneg_BCG_44wk"
"ZNF777",0.154410066503018,0.110084814729796,0.13,0.081,1,"13","BCG_treated","week44","IGRApos_BCG_44wk_vs_IGRAneg_BCG_44wk"
"CLPTM1L",0.154599215768128,-0.318841735055509,0.193,0.173,1,"13","BCG_treated","week44","IGRApos_BCG_44wk_vs_IGRAneg_BCG_44wk"
"ACTR1B",0.154704766540723,-0.629181479173242,0.14,0.127,1,"13","BCG_treated","week44","IGRApos_BCG_44wk_vs_IGRAneg_BCG_44wk"
"HDAC1",0.15478013454542,-0.243731192598672,0.413,0.353,1,"13","BCG_treated","week44","IGRApos_BCG_44wk_vs_IGRAneg_BCG_44wk"
"REV1",0.154879448173205,0.321027075770295,0.534,0.434,1,"13","BCG_treated","week44","IGRApos_BCG_44wk_vs_IGRAneg_BCG_44wk"
"LRIG2",0.155069711556333,-0.322584449927455,0.333,0.306,1,"13","BCG_treated","week44","IGRApos_BCG_44wk_vs_IGRAneg_BCG_44wk"
"LINC02987",0.155099368358948,-0.515852670869434,0.119,0.11,1,"13","BCG_treated","week44","IGRApos_BCG_44wk_vs_IGRAneg_BCG_44wk"
"TXNRD2",0.155156891386625,0.750844220416576,0.135,0.058,1,"13","BCG_treated","week44","IGRApos_BCG_44wk_vs_IGRAneg_BCG_44wk"
"BRD8",0.155205916057575,0.25172338519768,0.386,0.254,1,"13","BCG_treated","week44","IGRApos_BCG_44wk_vs_IGRAneg_BCG_44wk"
"KDM6B",0.155302833765699,-0.406722279044251,0.574,0.468,1,"13","BCG_treated","week44","IGRApos_BCG_44wk_vs_IGRAneg_BCG_44wk"
"FAU",0.155434569958992,-0.492342314013782,0.153,0.145,1,"13","BCG_treated","week44","IGRApos_BCG_44wk_vs_IGRAneg_BCG_44wk"
"TBXAS1",0.155521980525056,1.07784418729212,0.22,0.116,1,"13","BCG_treated","week44","IGRApos_BCG_44wk_vs_IGRAneg_BCG_44wk"
"FLYWCH1",0.155613601939243,-0.322387965209403,0.22,0.179,1,"13","BCG_treated","week44","IGRApos_BCG_44wk_vs_IGRAneg_BCG_44wk"
"PHLPP2",0.155757509545627,-0.338735032020042,0.241,0.237,1,"13","BCG_treated","week44","IGRApos_BCG_44wk_vs_IGRAneg_BCG_44wk"
"XCL1",0.155804550298766,-0.696906105396573,0.14,0.173,1,"13","BCG_treated","week44","IGRApos_BCG_44wk_vs_IGRAneg_BCG_44wk"
"CDC42EP3",0.156017962112691,-0.616684720247702,0.196,0.214,1,"13","BCG_treated","week44","IGRApos_BCG_44wk_vs_IGRAneg_BCG_44wk"
"PPIE",0.15602349489249,-0.598639018136833,0.119,0.139,1,"13","BCG_treated","week44","IGRApos_BCG_44wk_vs_IGRAneg_BCG_44wk"
"CCDC47",0.156174378669039,-0.418444581587466,0.302,0.289,1,"13","BCG_treated","week44","IGRApos_BCG_44wk_vs_IGRAneg_BCG_44wk"
"MAP4K3",0.156181340431937,0.107630725068138,0.503,0.37,1,"13","BCG_treated","week44","IGRApos_BCG_44wk_vs_IGRAneg_BCG_44wk"
"GPATCH1",0.156214758995531,0.168466611627634,0.193,0.127,1,"13","BCG_treated","week44","IGRApos_BCG_44wk_vs_IGRAneg_BCG_44wk"
"ZNF507",0.156526163844488,-0.246843906201655,0.394,0.358,1,"13","BCG_treated","week44","IGRApos_BCG_44wk_vs_IGRAneg_BCG_44wk"
"TARP",0.15656805239526,0.37653234318884,0.638,0.543,1,"13","BCG_treated","week44","IGRApos_BCG_44wk_vs_IGRAneg_BCG_44wk"
"RUBCN",0.156597693938997,-0.136768964695039,0.437,0.405,1,"13","BCG_treated","week44","IGRApos_BCG_44wk_vs_IGRAneg_BCG_44wk"
"SMAD5",0.156616966467583,-0.237421374173854,0.426,0.364,1,"13","BCG_treated","week44","IGRApos_BCG_44wk_vs_IGRAneg_BCG_44wk"
"UBQLN1",0.156626964653146,-0.177095530231449,0.484,0.445,1,"13","BCG_treated","week44","IGRApos_BCG_44wk_vs_IGRAneg_BCG_44wk"
"ZSCAN26",0.156707465681195,0.528771282490015,0.159,0.087,1,"13","BCG_treated","week44","IGRApos_BCG_44wk_vs_IGRAneg_BCG_44wk"
"SEC22A",0.157141495572535,-0.22599859837108,0.344,0.295,1,"13","BCG_treated","week44","IGRApos_BCG_44wk_vs_IGRAneg_BCG_44wk"
"RMND5A",0.157155014126052,-0.211617063962403,0.27,0.249,1,"13","BCG_treated","week44","IGRApos_BCG_44wk_vs_IGRAneg_BCG_44wk"
"PAG1",0.157206342941407,-0.266355913729555,0.685,0.613,1,"13","BCG_treated","week44","IGRApos_BCG_44wk_vs_IGRAneg_BCG_44wk"
"RPL30",0.157223424259617,-0.262262670781668,0.373,0.358,1,"13","BCG_treated","week44","IGRApos_BCG_44wk_vs_IGRAneg_BCG_44wk"
"SPG21",0.157322301184406,0.567558333074851,0.209,0.116,1,"13","BCG_treated","week44","IGRApos_BCG_44wk_vs_IGRAneg_BCG_44wk"
"LSP1",0.157330287980072,-0.257029831250178,0.558,0.52,1,"13","BCG_treated","week44","IGRApos_BCG_44wk_vs_IGRAneg_BCG_44wk"
"GOLGA4",0.157430192631631,-0.139284461750132,0.852,0.734,1,"13","BCG_treated","week44","IGRApos_BCG_44wk_vs_IGRAneg_BCG_44wk"
"TBC1D2B",0.157676088529218,0.212017054191055,0.569,0.416,1,"13","BCG_treated","week44","IGRApos_BCG_44wk_vs_IGRAneg_BCG_44wk"
"SRM",0.157765435706606,-0.84248022899648,0.077,0.104,1,"13","BCG_treated","week44","IGRApos_BCG_44wk_vs_IGRAneg_BCG_44wk"
"MAP4K4",0.15776781543248,-0.11451260218421,0.656,0.549,1,"13","BCG_treated","week44","IGRApos_BCG_44wk_vs_IGRAneg_BCG_44wk"
"ZNF512",0.15784336097131,0.211187629501585,0.204,0.127,1,"13","BCG_treated","week44","IGRApos_BCG_44wk_vs_IGRAneg_BCG_44wk"
"CAMK1D",0.15786863637748,0.569911145691269,0.653,0.474,1,"13","BCG_treated","week44","IGRApos_BCG_44wk_vs_IGRAneg_BCG_44wk"
"MOB3A",0.157968391976557,-0.280454329057655,0.495,0.445,1,"13","BCG_treated","week44","IGRApos_BCG_44wk_vs_IGRAneg_BCG_44wk"
"CCDC141",0.15856431050083,0.627731417821649,0.161,0.087,1,"13","BCG_treated","week44","IGRApos_BCG_44wk_vs_IGRAneg_BCG_44wk"
"FEM1C",0.158641063328108,-0.742510100185175,0.164,0.168,1,"13","BCG_treated","week44","IGRApos_BCG_44wk_vs_IGRAneg_BCG_44wk"
"WAC",0.158753391555026,-0.192284558457052,0.839,0.844,1,"13","BCG_treated","week44","IGRApos_BCG_44wk_vs_IGRAneg_BCG_44wk"
"DDX1",0.158779336310819,-0.145077161773917,0.386,0.37,1,"13","BCG_treated","week44","IGRApos_BCG_44wk_vs_IGRAneg_BCG_44wk"
"KIF27",0.158846505289571,-0.370270238700822,0.185,0.15,1,"13","BCG_treated","week44","IGRApos_BCG_44wk_vs_IGRAneg_BCG_44wk"
"FAM168A",0.15903022118111,0.496242703760482,0.577,0.422,1,"13","BCG_treated","week44","IGRApos_BCG_44wk_vs_IGRAneg_BCG_44wk"
"XKR6",0.159104615938431,-0.448492995903385,0.638,0.688,1,"13","BCG_treated","week44","IGRApos_BCG_44wk_vs_IGRAneg_BCG_44wk"
"ATP5F1C",0.159159233062209,-0.258523033999297,0.357,0.364,1,"13","BCG_treated","week44","IGRApos_BCG_44wk_vs_IGRAneg_BCG_44wk"
"FAM102A",0.159289058423708,-0.217439352355055,0.339,0.318,1,"13","BCG_treated","week44","IGRApos_BCG_44wk_vs_IGRAneg_BCG_44wk"
"SF3A3",0.159597947615714,-0.384939311714363,0.262,0.266,1,"13","BCG_treated","week44","IGRApos_BCG_44wk_vs_IGRAneg_BCG_44wk"
"SNX29",0.159630282937438,0.424808591687654,0.616,0.451,1,"13","BCG_treated","week44","IGRApos_BCG_44wk_vs_IGRAneg_BCG_44wk"
"RESF1",0.159717007382768,-0.261613348526656,0.844,0.775,1,"13","BCG_treated","week44","IGRApos_BCG_44wk_vs_IGRAneg_BCG_44wk"
"MIOS",0.159899712235208,0.384926562753441,0.167,0.15,1,"13","BCG_treated","week44","IGRApos_BCG_44wk_vs_IGRAneg_BCG_44wk"
"LAIR1",0.159937751193678,1.07973373704796,0.103,0.046,1,"13","BCG_treated","week44","IGRApos_BCG_44wk_vs_IGRAneg_BCG_44wk"
"FOXP4",0.159956158790274,0.456346918968386,0.225,0.15,1,"13","BCG_treated","week44","IGRApos_BCG_44wk_vs_IGRAneg_BCG_44wk"
"USP39",0.160246385080729,0.296629271532506,0.22,0.127,1,"13","BCG_treated","week44","IGRApos_BCG_44wk_vs_IGRAneg_BCG_44wk"
"ERMP1",0.160423502704597,-0.39423948215719,0.437,0.382,1,"13","BCG_treated","week44","IGRApos_BCG_44wk_vs_IGRAneg_BCG_44wk"
"PPARD",0.160552461413047,0.503629792190173,0.534,0.405,1,"13","BCG_treated","week44","IGRApos_BCG_44wk_vs_IGRAneg_BCG_44wk"
"RALB",0.160593960302644,-0.57336144008172,0.198,0.191,1,"13","BCG_treated","week44","IGRApos_BCG_44wk_vs_IGRAneg_BCG_44wk"
"ENSG00000268081",0.160626542249852,0.880938791508854,0.111,0.052,1,"13","BCG_treated","week44","IGRApos_BCG_44wk_vs_IGRAneg_BCG_44wk"
"DICER1",0.160673281837752,-0.262277650245176,0.646,0.607,1,"13","BCG_treated","week44","IGRApos_BCG_44wk_vs_IGRAneg_BCG_44wk"
"INSIG2",0.160720175773531,0.458844269102047,0.259,0.145,1,"13","BCG_treated","week44","IGRApos_BCG_44wk_vs_IGRAneg_BCG_44wk"
"PPIL2",0.160769832259456,0.261325924587628,0.347,0.231,1,"13","BCG_treated","week44","IGRApos_BCG_44wk_vs_IGRAneg_BCG_44wk"
"MTF1",0.160930701815055,-0.61843051090899,0.204,0.22,1,"13","BCG_treated","week44","IGRApos_BCG_44wk_vs_IGRAneg_BCG_44wk"
"TIMM10B",0.160938793973092,0.956567094856504,0.148,0.064,1,"13","BCG_treated","week44","IGRApos_BCG_44wk_vs_IGRAneg_BCG_44wk"
"LYPLAL1",0.160976151673304,-0.107426669152876,0.23,0.15,1,"13","BCG_treated","week44","IGRApos_BCG_44wk_vs_IGRAneg_BCG_44wk"
"ANXA7",0.161322185245316,-0.274999377909924,0.415,0.376,1,"13","BCG_treated","week44","IGRApos_BCG_44wk_vs_IGRAneg_BCG_44wk"
"LINC01881",0.161382097927845,0.982462853244107,0.161,0.081,1,"13","BCG_treated","week44","IGRApos_BCG_44wk_vs_IGRAneg_BCG_44wk"
"CDIN1",0.161793093801022,0.336363804755961,0.333,0.208,1,"13","BCG_treated","week44","IGRApos_BCG_44wk_vs_IGRAneg_BCG_44wk"
"PSMD7",0.161808462965293,-0.460298717882489,0.278,0.254,1,"13","BCG_treated","week44","IGRApos_BCG_44wk_vs_IGRAneg_BCG_44wk"
"ZBTB7A",0.161937633245954,-0.413380784487835,0.439,0.434,1,"13","BCG_treated","week44","IGRApos_BCG_44wk_vs_IGRAneg_BCG_44wk"
"HUS1",0.16201496765994,-0.380668141381931,0.201,0.179,1,"13","BCG_treated","week44","IGRApos_BCG_44wk_vs_IGRAneg_BCG_44wk"
"LINC02762",0.16234344667755,-0.254772964435074,0.14,0.168,1,"13","BCG_treated","week44","IGRApos_BCG_44wk_vs_IGRAneg_BCG_44wk"
"SEPTIN7",0.162417515389342,-0.129455814236512,0.878,0.844,1,"13","BCG_treated","week44","IGRApos_BCG_44wk_vs_IGRAneg_BCG_44wk"
"CYRIB",0.16242005657152,-0.190746635116328,0.915,0.861,1,"13","BCG_treated","week44","IGRApos_BCG_44wk_vs_IGRAneg_BCG_44wk"
"APPL1",0.162527244326225,-0.150422649859427,0.415,0.358,1,"13","BCG_treated","week44","IGRApos_BCG_44wk_vs_IGRAneg_BCG_44wk"
"COX7C",0.162653640961439,-1.23797059082056,0.077,0.121,1,"13","BCG_treated","week44","IGRApos_BCG_44wk_vs_IGRAneg_BCG_44wk"
"USP35",0.162681816516806,0.370818069421766,0.127,0.069,1,"13","BCG_treated","week44","IGRApos_BCG_44wk_vs_IGRAneg_BCG_44wk"
"PSMC1",0.162706523924167,-0.290773801686417,0.217,0.179,1,"13","BCG_treated","week44","IGRApos_BCG_44wk_vs_IGRAneg_BCG_44wk"
"OCIAD2",0.162835120654674,-0.251545065695153,0.177,0.15,1,"13","BCG_treated","week44","IGRApos_BCG_44wk_vs_IGRAneg_BCG_44wk"
"NAA40",0.162910470960465,-0.111689353870514,0.209,0.145,1,"13","BCG_treated","week44","IGRApos_BCG_44wk_vs_IGRAneg_BCG_44wk"
"KIAA0825",0.162914090874817,0.455184418964784,0.291,0.191,1,"13","BCG_treated","week44","IGRApos_BCG_44wk_vs_IGRAneg_BCG_44wk"
"NLRC5",0.163144532897555,0.12786773543915,0.934,0.832,1,"13","BCG_treated","week44","IGRApos_BCG_44wk_vs_IGRAneg_BCG_44wk"
"PIM3",0.163179522908094,-0.909096883013821,0.101,0.116,1,"13","BCG_treated","week44","IGRApos_BCG_44wk_vs_IGRAneg_BCG_44wk"
"CRELD1",0.163380991806043,0.225960967631301,0.204,0.121,1,"13","BCG_treated","week44","IGRApos_BCG_44wk_vs_IGRAneg_BCG_44wk"
"ZNF84",0.163430958612032,-0.4153938402962,0.228,0.243,1,"13","BCG_treated","week44","IGRApos_BCG_44wk_vs_IGRAneg_BCG_44wk"
"INTS12",0.163628015904222,-0.482664001917356,0.146,0.156,1,"13","BCG_treated","week44","IGRApos_BCG_44wk_vs_IGRAneg_BCG_44wk"
"BTD",0.163697064510567,-0.362630572160636,0.101,0.069,1,"13","BCG_treated","week44","IGRApos_BCG_44wk_vs_IGRAneg_BCG_44wk"
"SERINC1",0.163724085949112,0.377703549661117,0.487,0.318,1,"13","BCG_treated","week44","IGRApos_BCG_44wk_vs_IGRAneg_BCG_44wk"
"SBNO2",0.163959106585086,0.327586569249985,0.429,0.277,1,"13","BCG_treated","week44","IGRApos_BCG_44wk_vs_IGRAneg_BCG_44wk"
"PTPN11",0.164272018693219,0.169859493203351,0.582,0.428,1,"13","BCG_treated","week44","IGRApos_BCG_44wk_vs_IGRAneg_BCG_44wk"
"DDX55",0.164335851960931,-0.405562358063045,0.172,0.156,1,"13","BCG_treated","week44","IGRApos_BCG_44wk_vs_IGRAneg_BCG_44wk"
"KIF1C",0.164554573078932,-0.405422222089421,0.116,0.098,1,"13","BCG_treated","week44","IGRApos_BCG_44wk_vs_IGRAneg_BCG_44wk"
"ZFP30",0.1645734180997,0.247293091464694,0.233,0.156,1,"13","BCG_treated","week44","IGRApos_BCG_44wk_vs_IGRAneg_BCG_44wk"
"CD63",0.164651214767497,-0.232746936680188,0.299,0.26,1,"13","BCG_treated","week44","IGRApos_BCG_44wk_vs_IGRAneg_BCG_44wk"
"PEAK1",0.164675377521652,-0.269582943271367,0.638,0.636,1,"13","BCG_treated","week44","IGRApos_BCG_44wk_vs_IGRAneg_BCG_44wk"
"MIB1",0.16472906195586,-0.155518045244409,0.624,0.543,1,"13","BCG_treated","week44","IGRApos_BCG_44wk_vs_IGRAneg_BCG_44wk"
"EIF3D",0.164908111378812,-0.321344464962553,0.357,0.318,1,"13","BCG_treated","week44","IGRApos_BCG_44wk_vs_IGRAneg_BCG_44wk"
"BCCIP",0.164975714757657,-0.524140120685093,0.254,0.272,1,"13","BCG_treated","week44","IGRApos_BCG_44wk_vs_IGRAneg_BCG_44wk"
"MGME1",0.165044410934571,-0.554404090556234,0.156,0.168,1,"13","BCG_treated","week44","IGRApos_BCG_44wk_vs_IGRAneg_BCG_44wk"
"PTAR1",0.165163761388385,-0.279501631559828,0.41,0.376,1,"13","BCG_treated","week44","IGRApos_BCG_44wk_vs_IGRAneg_BCG_44wk"
"FGFR1OP2",0.165344972514414,-0.307256383078483,0.545,0.526,1,"13","BCG_treated","week44","IGRApos_BCG_44wk_vs_IGRAneg_BCG_44wk"
"RAD51-AS1",0.165545212020783,0.800119410192188,0.164,0.081,1,"13","BCG_treated","week44","IGRApos_BCG_44wk_vs_IGRAneg_BCG_44wk"
"METTL22",0.165916694311856,0.707345209968075,0.201,0.11,1,"13","BCG_treated","week44","IGRApos_BCG_44wk_vs_IGRAneg_BCG_44wk"
"PLCXD2",0.166032613269085,-0.226720543745943,0.32,0.26,1,"13","BCG_treated","week44","IGRApos_BCG_44wk_vs_IGRAneg_BCG_44wk"
"HNRNPA0",0.166042934197474,-0.448415475779349,0.185,0.168,1,"13","BCG_treated","week44","IGRApos_BCG_44wk_vs_IGRAneg_BCG_44wk"
"NPIPB11",0.166053035404774,0.91259362040943,0.114,0.052,1,"13","BCG_treated","week44","IGRApos_BCG_44wk_vs_IGRAneg_BCG_44wk"
"SUDS3",0.166098932012786,0.382656198147713,0.365,0.231,1,"13","BCG_treated","week44","IGRApos_BCG_44wk_vs_IGRAneg_BCG_44wk"
"CTDSPL2",0.166190454847812,-0.117451803258486,0.577,0.474,1,"13","BCG_treated","week44","IGRApos_BCG_44wk_vs_IGRAneg_BCG_44wk"
"LIPA",0.1662112050403,-0.331321535401975,0.135,0.104,1,"13","BCG_treated","week44","IGRApos_BCG_44wk_vs_IGRAneg_BCG_44wk"
"CPD",0.16649298616944,-0.175870119951594,0.55,0.532,1,"13","BCG_treated","week44","IGRApos_BCG_44wk_vs_IGRAneg_BCG_44wk"
"JMY",0.16660364366905,0.412656170561498,0.336,0.225,1,"13","BCG_treated","week44","IGRApos_BCG_44wk_vs_IGRAneg_BCG_44wk"
"PELP1",0.16666605968839,-0.14156466231358,0.233,0.173,1,"13","BCG_treated","week44","IGRApos_BCG_44wk_vs_IGRAneg_BCG_44wk"
"SPOPL",0.167110291969943,-0.250432188796235,0.272,0.254,1,"13","BCG_treated","week44","IGRApos_BCG_44wk_vs_IGRAneg_BCG_44wk"
"POGZ",0.167281251294184,-0.312537165126321,0.571,0.497,1,"13","BCG_treated","week44","IGRApos_BCG_44wk_vs_IGRAneg_BCG_44wk"
"RANBP6",0.167440763564023,-0.560041597576381,0.119,0.11,1,"13","BCG_treated","week44","IGRApos_BCG_44wk_vs_IGRAneg_BCG_44wk"
"RIT1",0.167458607857043,0.109556704669588,0.206,0.145,1,"13","BCG_treated","week44","IGRApos_BCG_44wk_vs_IGRAneg_BCG_44wk"
"FRA10AC1",0.167845643762265,0.426961441701095,0.265,0.145,1,"13","BCG_treated","week44","IGRApos_BCG_44wk_vs_IGRAneg_BCG_44wk"
"PLRG1",0.167858469586345,0.861703058744204,0.217,0.104,1,"13","BCG_treated","week44","IGRApos_BCG_44wk_vs_IGRAneg_BCG_44wk"
"RNFT1",0.168113575709838,-0.466333493522705,0.159,0.168,1,"13","BCG_treated","week44","IGRApos_BCG_44wk_vs_IGRAneg_BCG_44wk"
"ERN1",0.168193827499623,0.436258726525125,0.497,0.358,1,"13","BCG_treated","week44","IGRApos_BCG_44wk_vs_IGRAneg_BCG_44wk"
"ESRRA",0.168355119970945,0.106929651110341,0.193,0.121,1,"13","BCG_treated","week44","IGRApos_BCG_44wk_vs_IGRAneg_BCG_44wk"
"DGKE",0.168430268747778,-0.228398977393981,0.31,0.272,1,"13","BCG_treated","week44","IGRApos_BCG_44wk_vs_IGRAneg_BCG_44wk"
"METTL4",0.168716230030677,0.13375245076095,0.23,0.15,1,"13","BCG_treated","week44","IGRApos_BCG_44wk_vs_IGRAneg_BCG_44wk"
"PRPF4",0.168747952450333,-0.359470886635772,0.122,0.098,1,"13","BCG_treated","week44","IGRApos_BCG_44wk_vs_IGRAneg_BCG_44wk"
"LYRM4",0.168890923076249,-0.528972560366181,0.233,0.243,1,"13","BCG_treated","week44","IGRApos_BCG_44wk_vs_IGRAneg_BCG_44wk"
"ACAT2",0.168931486829696,1.27725779922369,0.103,0.035,1,"13","BCG_treated","week44","IGRApos_BCG_44wk_vs_IGRAneg_BCG_44wk"
"TRAF6",0.168982615156469,0.121539371152628,0.259,0.179,1,"13","BCG_treated","week44","IGRApos_BCG_44wk_vs_IGRAneg_BCG_44wk"
"MPHOSPH8",0.169037604445342,-0.248253869588215,0.646,0.63,1,"13","BCG_treated","week44","IGRApos_BCG_44wk_vs_IGRAneg_BCG_44wk"
"HEG1",0.169110908132903,-0.443115556987326,0.442,0.462,1,"13","BCG_treated","week44","IGRApos_BCG_44wk_vs_IGRAneg_BCG_44wk"
"USF3",0.169252757467055,-0.458120414642123,0.392,0.387,1,"13","BCG_treated","week44","IGRApos_BCG_44wk_vs_IGRAneg_BCG_44wk"
"BRD1",0.169379532301967,0.289300457905187,0.63,0.445,1,"13","BCG_treated","week44","IGRApos_BCG_44wk_vs_IGRAneg_BCG_44wk"
"ZNF675",0.16941300937725,0.803923311258783,0.249,0.133,1,"13","BCG_treated","week44","IGRApos_BCG_44wk_vs_IGRAneg_BCG_44wk"
"RXRA",0.169436731917808,0.133288372468168,0.259,0.173,1,"13","BCG_treated","week44","IGRApos_BCG_44wk_vs_IGRAneg_BCG_44wk"
"ZFP1",0.169461908974331,-1.0828167378874,0.111,0.104,1,"13","BCG_treated","week44","IGRApos_BCG_44wk_vs_IGRAneg_BCG_44wk"
"MXD1",0.169585899144056,0.477615671590942,0.365,0.22,1,"13","BCG_treated","week44","IGRApos_BCG_44wk_vs_IGRAneg_BCG_44wk"
"LMBR1",0.169640224267836,-0.284653825416789,0.556,0.514,1,"13","BCG_treated","week44","IGRApos_BCG_44wk_vs_IGRAneg_BCG_44wk"
"POLR1C",0.169755520348103,-0.628149278942129,0.206,0.225,1,"13","BCG_treated","week44","IGRApos_BCG_44wk_vs_IGRAneg_BCG_44wk"
"ACTB",0.169773032267414,-0.392275425919841,0.611,0.572,1,"13","BCG_treated","week44","IGRApos_BCG_44wk_vs_IGRAneg_BCG_44wk"
"EIF4EBP2",0.169796693397515,0.370192472348636,0.354,0.225,1,"13","BCG_treated","week44","IGRApos_BCG_44wk_vs_IGRAneg_BCG_44wk"
"MFSD6",0.170035999144201,-0.200560128349861,0.542,0.445,1,"13","BCG_treated","week44","IGRApos_BCG_44wk_vs_IGRAneg_BCG_44wk"
"LINC01814",0.170149768155702,-0.60356664387635,0.164,0.208,1,"13","BCG_treated","week44","IGRApos_BCG_44wk_vs_IGRAneg_BCG_44wk"
"NBPF14",0.170170738091573,0.176374444332448,0.389,0.249,1,"13","BCG_treated","week44","IGRApos_BCG_44wk_vs_IGRAneg_BCG_44wk"
"MTFMT",0.170270631310772,-0.574184815839679,0.18,0.173,1,"13","BCG_treated","week44","IGRApos_BCG_44wk_vs_IGRAneg_BCG_44wk"
"LETM1",0.170518962450733,0.509678339036836,0.267,0.145,1,"13","BCG_treated","week44","IGRApos_BCG_44wk_vs_IGRAneg_BCG_44wk"
"PAF1",0.170600019711382,-0.900465448340643,0.111,0.133,1,"13","BCG_treated","week44","IGRApos_BCG_44wk_vs_IGRAneg_BCG_44wk"
"PRDM15",0.170673178720465,-0.106897479571457,0.286,0.214,1,"13","BCG_treated","week44","IGRApos_BCG_44wk_vs_IGRAneg_BCG_44wk"
"TERF2IP",0.170688977487384,-0.317273401768975,0.397,0.364,1,"13","BCG_treated","week44","IGRApos_BCG_44wk_vs_IGRAneg_BCG_44wk"
"RCBTB2",0.170872432802588,0.382945931763124,0.151,0.15,1,"13","BCG_treated","week44","IGRApos_BCG_44wk_vs_IGRAneg_BCG_44wk"
"METTL21A",0.170879582288859,0.135289362187291,0.204,0.127,1,"13","BCG_treated","week44","IGRApos_BCG_44wk_vs_IGRAneg_BCG_44wk"
"NABP1",0.171003790725403,0.135641045035311,0.463,0.335,1,"13","BCG_treated","week44","IGRApos_BCG_44wk_vs_IGRAneg_BCG_44wk"
"IRF2",0.171100928546244,0.27939356978797,0.683,0.526,1,"13","BCG_treated","week44","IGRApos_BCG_44wk_vs_IGRAneg_BCG_44wk"
"TENT4B",0.171375020866422,0.31795177860245,0.521,0.347,1,"13","BCG_treated","week44","IGRApos_BCG_44wk_vs_IGRAneg_BCG_44wk"
"RASGEF1B",0.171463438061333,-0.749753630272423,0.27,0.301,1,"13","BCG_treated","week44","IGRApos_BCG_44wk_vs_IGRAneg_BCG_44wk"
"DSTYK",0.171693650665996,-0.412547664738599,0.257,0.231,1,"13","BCG_treated","week44","IGRApos_BCG_44wk_vs_IGRAneg_BCG_44wk"
"TDP2",0.171736111503083,-0.225292090254126,0.275,0.243,1,"13","BCG_treated","week44","IGRApos_BCG_44wk_vs_IGRAneg_BCG_44wk"
"MAP3K5",0.171821516189953,0.474984236532428,0.487,0.341,1,"13","BCG_treated","week44","IGRApos_BCG_44wk_vs_IGRAneg_BCG_44wk"
"EEF1G",0.172042904037391,-0.190058445620732,0.41,0.41,1,"13","BCG_treated","week44","IGRApos_BCG_44wk_vs_IGRAneg_BCG_44wk"
"MDM1",0.172109232322773,-0.521067054644291,0.148,0.168,1,"13","BCG_treated","week44","IGRApos_BCG_44wk_vs_IGRAneg_BCG_44wk"
"MED1",0.172236445050389,-0.213249460028603,0.452,0.428,1,"13","BCG_treated","week44","IGRApos_BCG_44wk_vs_IGRAneg_BCG_44wk"
"TGFBRAP1",0.172364925746124,-0.164543857145884,0.198,0.156,1,"13","BCG_treated","week44","IGRApos_BCG_44wk_vs_IGRAneg_BCG_44wk"
"EEA1",0.172549661158327,-0.145321923992176,0.508,0.468,1,"13","BCG_treated","week44","IGRApos_BCG_44wk_vs_IGRAneg_BCG_44wk"
"PFDN2",0.172678150234372,-0.602512561876877,0.161,0.197,1,"13","BCG_treated","week44","IGRApos_BCG_44wk_vs_IGRAneg_BCG_44wk"
"SLC35B3",0.172758662602546,0.300216346806492,0.228,0.133,1,"13","BCG_treated","week44","IGRApos_BCG_44wk_vs_IGRAneg_BCG_44wk"
"DUS1L",0.172852328386337,-0.227727102635579,0.106,0.081,1,"13","BCG_treated","week44","IGRApos_BCG_44wk_vs_IGRAneg_BCG_44wk"
"EMC8",0.172912022884425,-0.182783122205455,0.156,0.121,1,"13","BCG_treated","week44","IGRApos_BCG_44wk_vs_IGRAneg_BCG_44wk"
"MYO9B",0.173028352427101,-0.254197796801463,0.812,0.769,1,"13","BCG_treated","week44","IGRApos_BCG_44wk_vs_IGRAneg_BCG_44wk"
"MSH3",0.173216285078207,-0.462590303609792,0.362,0.376,1,"13","BCG_treated","week44","IGRApos_BCG_44wk_vs_IGRAneg_BCG_44wk"
"TJAP1",0.173510197784783,-0.106304038697706,0.254,0.202,1,"13","BCG_treated","week44","IGRApos_BCG_44wk_vs_IGRAneg_BCG_44wk"
"NUP133",0.173543351409028,0.127663451659541,0.325,0.295,1,"13","BCG_treated","week44","IGRApos_BCG_44wk_vs_IGRAneg_BCG_44wk"
"EGLN2",0.173577921765926,-0.127660526894422,0.124,0.064,1,"13","BCG_treated","week44","IGRApos_BCG_44wk_vs_IGRAneg_BCG_44wk"
"POM121C",0.173739582414702,0.225725975266204,0.492,0.341,1,"13","BCG_treated","week44","IGRApos_BCG_44wk_vs_IGRAneg_BCG_44wk"
"ACSL3",0.173770732102093,0.70373820094405,0.347,0.208,1,"13","BCG_treated","week44","IGRApos_BCG_44wk_vs_IGRAneg_BCG_44wk"
"SLC30A4",0.173886026426303,-0.756138109472867,0.119,0.121,1,"13","BCG_treated","week44","IGRApos_BCG_44wk_vs_IGRAneg_BCG_44wk"
"TRMT44",0.174039611547142,0.583901865152207,0.254,0.133,1,"13","BCG_treated","week44","IGRApos_BCG_44wk_vs_IGRAneg_BCG_44wk"
"EIF3I",0.174121784124254,-0.19135142467373,0.209,0.168,1,"13","BCG_treated","week44","IGRApos_BCG_44wk_vs_IGRAneg_BCG_44wk"
"PI4KB",0.174146644485208,-0.226943613568539,0.368,0.318,1,"13","BCG_treated","week44","IGRApos_BCG_44wk_vs_IGRAneg_BCG_44wk"
"THRAP3",0.174414022358893,-0.119642444349338,0.802,0.728,1,"13","BCG_treated","week44","IGRApos_BCG_44wk_vs_IGRAneg_BCG_44wk"
"SLC16A3",0.174445000415321,-0.124152430521026,0.323,0.254,1,"13","BCG_treated","week44","IGRApos_BCG_44wk_vs_IGRAneg_BCG_44wk"
"GNPTAB",0.174962273339814,-0.248049673007449,0.437,0.393,1,"13","BCG_treated","week44","IGRApos_BCG_44wk_vs_IGRAneg_BCG_44wk"
"LRCH3",0.175237191829482,0.34905570505284,0.78,0.601,1,"13","BCG_treated","week44","IGRApos_BCG_44wk_vs_IGRAneg_BCG_44wk"
"DMAC2L",0.175315539355776,-0.29158052031982,0.177,0.173,1,"13","BCG_treated","week44","IGRApos_BCG_44wk_vs_IGRAneg_BCG_44wk"
"CERS2",0.175504858167675,0.162669447664843,0.201,0.133,1,"13","BCG_treated","week44","IGRApos_BCG_44wk_vs_IGRAneg_BCG_44wk"
"UBE2J1",0.175529470943134,-0.228631921357693,0.288,0.283,1,"13","BCG_treated","week44","IGRApos_BCG_44wk_vs_IGRAneg_BCG_44wk"
"NSFP1",0.175611231406457,-0.242055756557494,0.159,0.104,1,"13","BCG_treated","week44","IGRApos_BCG_44wk_vs_IGRAneg_BCG_44wk"
"R3HDM1",0.175653273436104,-0.208385561171721,0.828,0.775,1,"13","BCG_treated","week44","IGRApos_BCG_44wk_vs_IGRAneg_BCG_44wk"
"HCG18",0.175662665975023,-0.234069888595231,0.672,0.607,1,"13","BCG_treated","week44","IGRApos_BCG_44wk_vs_IGRAneg_BCG_44wk"
"MAPK8",0.175753515113822,-0.250200428031407,0.59,0.538,1,"13","BCG_treated","week44","IGRApos_BCG_44wk_vs_IGRAneg_BCG_44wk"
"TPGS1",0.175952067655119,0.669881879496539,0.135,0.064,1,"13","BCG_treated","week44","IGRApos_BCG_44wk_vs_IGRAneg_BCG_44wk"
"SLC9A6",0.176026445683183,-0.485093786296726,0.114,0.098,1,"13","BCG_treated","week44","IGRApos_BCG_44wk_vs_IGRAneg_BCG_44wk"
"MESD",0.176216528978701,-0.279316879109314,0.294,0.26,1,"13","BCG_treated","week44","IGRApos_BCG_44wk_vs_IGRAneg_BCG_44wk"
"TRIM66",0.176239966496479,0.599818013926305,0.296,0.179,1,"13","BCG_treated","week44","IGRApos_BCG_44wk_vs_IGRAneg_BCG_44wk"
"DGCR8",0.176276791674168,0.104644970555209,0.294,0.197,1,"13","BCG_treated","week44","IGRApos_BCG_44wk_vs_IGRAneg_BCG_44wk"
"AP4S1",0.176390761429627,-0.487152065112857,0.22,0.237,1,"13","BCG_treated","week44","IGRApos_BCG_44wk_vs_IGRAneg_BCG_44wk"
"ANAPC7",0.176498334406163,-0.215140213382189,0.378,0.318,1,"13","BCG_treated","week44","IGRApos_BCG_44wk_vs_IGRAneg_BCG_44wk"
"ESD",0.176582172617135,-0.527949376216069,0.19,0.162,1,"13","BCG_treated","week44","IGRApos_BCG_44wk_vs_IGRAneg_BCG_44wk"
"SLC15A4",0.176770683051588,0.434549941092994,0.479,0.358,1,"13","BCG_treated","week44","IGRApos_BCG_44wk_vs_IGRAneg_BCG_44wk"
"DYNC1I2",0.17695687209069,0.108836603225026,0.471,0.335,1,"13","BCG_treated","week44","IGRApos_BCG_44wk_vs_IGRAneg_BCG_44wk"
"RNPEPL1",0.177060614433518,-0.727127279693108,0.108,0.127,1,"13","BCG_treated","week44","IGRApos_BCG_44wk_vs_IGRAneg_BCG_44wk"
"MPHOSPH9",0.177105142801739,-0.168644889929285,0.487,0.428,1,"13","BCG_treated","week44","IGRApos_BCG_44wk_vs_IGRAneg_BCG_44wk"
"MNAT1",0.177139721996162,0.175232369958784,0.815,0.699,1,"13","BCG_treated","week44","IGRApos_BCG_44wk_vs_IGRAneg_BCG_44wk"
"WAS",0.17750279214036,-0.356633819262045,0.291,0.26,1,"13","BCG_treated","week44","IGRApos_BCG_44wk_vs_IGRAneg_BCG_44wk"
"STX18",0.177618084605778,-0.163641067982881,0.495,0.41,1,"13","BCG_treated","week44","IGRApos_BCG_44wk_vs_IGRAneg_BCG_44wk"
"OARD1",0.177618554842872,0.623795053134375,0.169,0.081,1,"13","BCG_treated","week44","IGRApos_BCG_44wk_vs_IGRAneg_BCG_44wk"
"MRPS35",0.178156576035096,-0.387045298572665,0.206,0.231,1,"13","BCG_treated","week44","IGRApos_BCG_44wk_vs_IGRAneg_BCG_44wk"
"ASB1",0.178233172986015,0.546894598116206,0.132,0.069,1,"13","BCG_treated","week44","IGRApos_BCG_44wk_vs_IGRAneg_BCG_44wk"
"UBAC2",0.178269400799551,-0.200344350206589,0.854,0.815,1,"13","BCG_treated","week44","IGRApos_BCG_44wk_vs_IGRAneg_BCG_44wk"
"PPP1R18",0.178307344529789,-0.461004561752277,0.254,0.277,1,"13","BCG_treated","week44","IGRApos_BCG_44wk_vs_IGRAneg_BCG_44wk"
"C1QTNF3-AMACR",0.178489427816607,0.317018622311937,0.291,0.179,1,"13","BCG_treated","week44","IGRApos_BCG_44wk_vs_IGRAneg_BCG_44wk"
"ENSG00000259704",0.178696588445601,0.17376666382915,0.177,0.11,1,"13","BCG_treated","week44","IGRApos_BCG_44wk_vs_IGRAneg_BCG_44wk"
"ATAT1",0.178768324400763,0.185914886814285,0.114,0.058,1,"13","BCG_treated","week44","IGRApos_BCG_44wk_vs_IGRAneg_BCG_44wk"
"APOBR",0.178782548770209,-0.301059532879233,0.474,0.445,1,"13","BCG_treated","week44","IGRApos_BCG_44wk_vs_IGRAneg_BCG_44wk"
"SAMD3",0.178827516470723,0.174439558091151,0.926,0.879,1,"13","BCG_treated","week44","IGRApos_BCG_44wk_vs_IGRAneg_BCG_44wk"
"SUMO1",0.178840000323297,-0.133577315399393,0.206,0.156,1,"13","BCG_treated","week44","IGRApos_BCG_44wk_vs_IGRAneg_BCG_44wk"
"SVIL",0.178856195099371,-0.375798484377316,0.288,0.277,1,"13","BCG_treated","week44","IGRApos_BCG_44wk_vs_IGRAneg_BCG_44wk"
"CASP2",0.17886572875102,-0.132437334589883,0.251,0.202,1,"13","BCG_treated","week44","IGRApos_BCG_44wk_vs_IGRAneg_BCG_44wk"
"FAHD2A",0.178918862134048,0.685918672560981,0.103,0.04,1,"13","BCG_treated","week44","IGRApos_BCG_44wk_vs_IGRAneg_BCG_44wk"
"QSOX2",0.178939911597068,-0.434336914507904,0.116,0.098,1,"13","BCG_treated","week44","IGRApos_BCG_44wk_vs_IGRAneg_BCG_44wk"
"PPAT",0.17906610237047,-0.860984433650556,0.111,0.127,1,"13","BCG_treated","week44","IGRApos_BCG_44wk_vs_IGRAneg_BCG_44wk"
"SLC25A17",0.179565398571451,0.613742643000116,0.28,0.15,1,"13","BCG_treated","week44","IGRApos_BCG_44wk_vs_IGRAneg_BCG_44wk"
"TRAF3IP2-AS1",0.179712252568781,-0.467421449843148,0.251,0.26,1,"13","BCG_treated","week44","IGRApos_BCG_44wk_vs_IGRAneg_BCG_44wk"
"LRRFIP2",0.180074829307724,-0.118225377847846,0.55,0.451,1,"13","BCG_treated","week44","IGRApos_BCG_44wk_vs_IGRAneg_BCG_44wk"
"SLC27A3",0.180238007699072,-0.311609288169377,0.122,0.087,1,"13","BCG_treated","week44","IGRApos_BCG_44wk_vs_IGRAneg_BCG_44wk"
"SLC12A7",0.180343363662302,0.316036407166922,0.235,0.133,1,"13","BCG_treated","week44","IGRApos_BCG_44wk_vs_IGRAneg_BCG_44wk"
"NUP210",0.180404462285799,-0.189003147307271,0.68,0.647,1,"13","BCG_treated","week44","IGRApos_BCG_44wk_vs_IGRAneg_BCG_44wk"
"PARP4",0.180445975978864,0.166812619777355,0.868,0.763,1,"13","BCG_treated","week44","IGRApos_BCG_44wk_vs_IGRAneg_BCG_44wk"
"TRIM38",0.180490805310224,0.217354540412863,0.437,0.289,1,"13","BCG_treated","week44","IGRApos_BCG_44wk_vs_IGRAneg_BCG_44wk"
"BPTF",0.180504723915462,0.232390989057266,0.907,0.85,1,"13","BCG_treated","week44","IGRApos_BCG_44wk_vs_IGRAneg_BCG_44wk"
"PLEKHA3",0.180537284323382,-0.238895266393827,0.206,0.179,1,"13","BCG_treated","week44","IGRApos_BCG_44wk_vs_IGRAneg_BCG_44wk"
"MMGT1",0.180836203629837,-0.956103573772049,0.074,0.104,1,"13","BCG_treated","week44","IGRApos_BCG_44wk_vs_IGRAneg_BCG_44wk"
"ESYT2",0.180950343792678,0.171124211314158,0.635,0.48,1,"13","BCG_treated","week44","IGRApos_BCG_44wk_vs_IGRAneg_BCG_44wk"
"RBM12B",0.180988309914196,-0.416504436469481,0.257,0.249,1,"13","BCG_treated","week44","IGRApos_BCG_44wk_vs_IGRAneg_BCG_44wk"
"MAPKAPK5",0.181245815946761,-0.297661765199381,0.357,0.335,1,"13","BCG_treated","week44","IGRApos_BCG_44wk_vs_IGRAneg_BCG_44wk"
"OGG1",0.181324295041988,-0.447218189390291,0.204,0.22,1,"13","BCG_treated","week44","IGRApos_BCG_44wk_vs_IGRAneg_BCG_44wk"
"WDR44",0.181624074224055,-0.217197491028227,0.418,0.37,1,"13","BCG_treated","week44","IGRApos_BCG_44wk_vs_IGRAneg_BCG_44wk"
"YTHDC1",0.181799021796842,-0.163644544169412,0.69,0.665,1,"13","BCG_treated","week44","IGRApos_BCG_44wk_vs_IGRAneg_BCG_44wk"
"PRMT9",0.181857637520253,0.411115175787891,0.22,0.185,1,"13","BCG_treated","week44","IGRApos_BCG_44wk_vs_IGRAneg_BCG_44wk"
"SCAMP2",0.18191764800868,-0.230827606764036,0.257,0.208,1,"13","BCG_treated","week44","IGRApos_BCG_44wk_vs_IGRAneg_BCG_44wk"
"ZNF529-AS1",0.181971165193568,-0.316196489233172,0.114,0.092,1,"13","BCG_treated","week44","IGRApos_BCG_44wk_vs_IGRAneg_BCG_44wk"
"ENSG00000254692",0.182071462033367,-0.339273780707446,0.164,0.15,1,"13","BCG_treated","week44","IGRApos_BCG_44wk_vs_IGRAneg_BCG_44wk"
"RSRC1",0.182180396854206,-0.370335994951861,0.503,0.503,1,"13","BCG_treated","week44","IGRApos_BCG_44wk_vs_IGRAneg_BCG_44wk"
"UQCRC1",0.182326938211924,-0.667956896496312,0.135,0.15,1,"13","BCG_treated","week44","IGRApos_BCG_44wk_vs_IGRAneg_BCG_44wk"
"ZNF785",0.182654918388062,-0.378806966912808,0.164,0.133,1,"13","BCG_treated","week44","IGRApos_BCG_44wk_vs_IGRAneg_BCG_44wk"
"ST3GAL4",0.182770366657684,0.72145242274936,0.272,0.156,1,"13","BCG_treated","week44","IGRApos_BCG_44wk_vs_IGRAneg_BCG_44wk"
"ITPR3",0.182845789925702,0.521479525417506,0.439,0.301,1,"13","BCG_treated","week44","IGRApos_BCG_44wk_vs_IGRAneg_BCG_44wk"
"PTRH2",0.182857622666564,-0.510448089581338,0.177,0.208,1,"13","BCG_treated","week44","IGRApos_BCG_44wk_vs_IGRAneg_BCG_44wk"
"ENSG00000240963",0.183035604056113,-0.413170606817035,0.249,0.277,1,"13","BCG_treated","week44","IGRApos_BCG_44wk_vs_IGRAneg_BCG_44wk"
"SMIM8",0.183222839640452,-0.449004790640052,0.164,0.162,1,"13","BCG_treated","week44","IGRApos_BCG_44wk_vs_IGRAneg_BCG_44wk"
"CASP8",0.183293016474173,-0.152468028559692,0.683,0.63,1,"13","BCG_treated","week44","IGRApos_BCG_44wk_vs_IGRAneg_BCG_44wk"
"PAM16",0.183306053255761,0.6023124453457,0.198,0.098,1,"13","BCG_treated","week44","IGRApos_BCG_44wk_vs_IGRAneg_BCG_44wk"
"PPP1R11",0.183567088344207,-0.13862736039711,0.167,0.098,1,"13","BCG_treated","week44","IGRApos_BCG_44wk_vs_IGRAneg_BCG_44wk"
"POM121",0.183717363814224,-0.266618659861024,0.474,0.434,1,"13","BCG_treated","week44","IGRApos_BCG_44wk_vs_IGRAneg_BCG_44wk"
"PHACTR4",0.18393130032931,0.298568971110543,0.661,0.532,1,"13","BCG_treated","week44","IGRApos_BCG_44wk_vs_IGRAneg_BCG_44wk"
"COMMD3",0.183987689789459,-0.355081411078839,0.156,0.127,1,"13","BCG_treated","week44","IGRApos_BCG_44wk_vs_IGRAneg_BCG_44wk"
"ZFAT",0.184060068609703,-0.317791027720706,0.278,0.272,1,"13","BCG_treated","week44","IGRApos_BCG_44wk_vs_IGRAneg_BCG_44wk"
"KIF9-AS1",0.184071984132832,0.194395499132297,0.222,0.214,1,"13","BCG_treated","week44","IGRApos_BCG_44wk_vs_IGRAneg_BCG_44wk"
"ATP2B1",0.184199735651028,0.392124409120899,0.616,0.462,1,"13","BCG_treated","week44","IGRApos_BCG_44wk_vs_IGRAneg_BCG_44wk"
"CRIM1",0.184274187651249,0.292642488680423,0.262,0.179,1,"13","BCG_treated","week44","IGRApos_BCG_44wk_vs_IGRAneg_BCG_44wk"
"USP25",0.184372477275987,-0.165740755589008,0.765,0.728,1,"13","BCG_treated","week44","IGRApos_BCG_44wk_vs_IGRAneg_BCG_44wk"
"FOXO4",0.184589628826628,0.811038743270845,0.122,0.052,1,"13","BCG_treated","week44","IGRApos_BCG_44wk_vs_IGRAneg_BCG_44wk"
"RCC2",0.184758222074372,-0.153776095884901,0.354,0.324,1,"13","BCG_treated","week44","IGRApos_BCG_44wk_vs_IGRAneg_BCG_44wk"
"METTL9",0.185071941372538,0.19150573552086,0.352,0.243,1,"13","BCG_treated","week44","IGRApos_BCG_44wk_vs_IGRAneg_BCG_44wk"
"MYO18A",0.185187984853268,0.612804303172415,0.317,0.231,1,"13","BCG_treated","week44","IGRApos_BCG_44wk_vs_IGRAneg_BCG_44wk"
"DHTKD1",0.185240381371631,-0.517206999937329,0.201,0.208,1,"13","BCG_treated","week44","IGRApos_BCG_44wk_vs_IGRAneg_BCG_44wk"
"MATR3",0.185242507234956,-0.111637829994452,0.831,0.763,1,"13","BCG_treated","week44","IGRApos_BCG_44wk_vs_IGRAneg_BCG_44wk"
"PINK1",0.185254538849881,-0.413796935543942,0.127,0.081,1,"13","BCG_treated","week44","IGRApos_BCG_44wk_vs_IGRAneg_BCG_44wk"
"TOX4",0.185379105602591,0.745550203286752,0.307,0.162,1,"13","BCG_treated","week44","IGRApos_BCG_44wk_vs_IGRAneg_BCG_44wk"
"IFFO1",0.185387943437284,0.471109558905574,0.177,0.092,1,"13","BCG_treated","week44","IGRApos_BCG_44wk_vs_IGRAneg_BCG_44wk"
"IMP3",0.185391185834452,-0.843781136129241,0.074,0.104,1,"13","BCG_treated","week44","IGRApos_BCG_44wk_vs_IGRAneg_BCG_44wk"
"AUH",0.185565119261954,-0.128603303536413,0.513,0.486,1,"13","BCG_treated","week44","IGRApos_BCG_44wk_vs_IGRAneg_BCG_44wk"
"TVP23C-CDRT4",0.185583017598062,-0.506129800975583,0.254,0.249,1,"13","BCG_treated","week44","IGRApos_BCG_44wk_vs_IGRAneg_BCG_44wk"
"ENSG00000260392",0.185688670398787,0.170354050278458,0.108,0.058,1,"13","BCG_treated","week44","IGRApos_BCG_44wk_vs_IGRAneg_BCG_44wk"
"ALDH18A1",0.185723159629708,-0.41331268641985,0.214,0.22,1,"13","BCG_treated","week44","IGRApos_BCG_44wk_vs_IGRAneg_BCG_44wk"
"PIAS2",0.18575528486988,-0.36862820412486,0.302,0.312,1,"13","BCG_treated","week44","IGRApos_BCG_44wk_vs_IGRAneg_BCG_44wk"
"SH3BGRL",0.185759051413768,-0.223406307204499,0.577,0.514,1,"13","BCG_treated","week44","IGRApos_BCG_44wk_vs_IGRAneg_BCG_44wk"
"AKR1B1",0.185976936898521,-0.783467675433652,0.09,0.104,1,"13","BCG_treated","week44","IGRApos_BCG_44wk_vs_IGRAneg_BCG_44wk"
"ATP5PB",0.186043958236728,-0.516595230942563,0.212,0.208,1,"13","BCG_treated","week44","IGRApos_BCG_44wk_vs_IGRAneg_BCG_44wk"
"BMAL2",0.186148524862187,0.281322968090785,0.156,0.087,1,"13","BCG_treated","week44","IGRApos_BCG_44wk_vs_IGRAneg_BCG_44wk"
"PRDX6-AS1",0.18623226897247,-0.137654541588101,0.452,0.364,1,"13","BCG_treated","week44","IGRApos_BCG_44wk_vs_IGRAneg_BCG_44wk"
"TMEM260",0.186406520620882,-0.184579646918935,0.439,0.353,1,"13","BCG_treated","week44","IGRApos_BCG_44wk_vs_IGRAneg_BCG_44wk"
"ZNF37BP",0.186417753153551,-0.130874785983922,0.59,0.52,1,"13","BCG_treated","week44","IGRApos_BCG_44wk_vs_IGRAneg_BCG_44wk"
"CBFA2T2",0.186444182254701,-0.171007041615918,0.608,0.618,1,"13","BCG_treated","week44","IGRApos_BCG_44wk_vs_IGRAneg_BCG_44wk"
"ENSG00000283977",0.186504607515296,0.229532091479102,0.188,0.11,1,"13","BCG_treated","week44","IGRApos_BCG_44wk_vs_IGRAneg_BCG_44wk"
"ECE1",0.186549306494715,-0.362188007756303,0.786,0.723,1,"13","BCG_treated","week44","IGRApos_BCG_44wk_vs_IGRAneg_BCG_44wk"
"SLC9A8",0.186592614318384,0.262910237837805,0.664,0.491,1,"13","BCG_treated","week44","IGRApos_BCG_44wk_vs_IGRAneg_BCG_44wk"
"ZNF852",0.186716280787106,-0.40205397995526,0.146,0.11,1,"13","BCG_treated","week44","IGRApos_BCG_44wk_vs_IGRAneg_BCG_44wk"
"MAP2K7",0.186987114756427,-0.120848054341208,0.272,0.214,1,"13","BCG_treated","week44","IGRApos_BCG_44wk_vs_IGRAneg_BCG_44wk"
"MPG",0.187050708935376,-0.675021666365185,0.085,0.116,1,"13","BCG_treated","week44","IGRApos_BCG_44wk_vs_IGRAneg_BCG_44wk"
"ERP29",0.187088002851715,-0.542362587883741,0.119,0.127,1,"13","BCG_treated","week44","IGRApos_BCG_44wk_vs_IGRAneg_BCG_44wk"
"GALC",0.187142534899852,0.24901331595616,0.59,0.422,1,"13","BCG_treated","week44","IGRApos_BCG_44wk_vs_IGRAneg_BCG_44wk"
"LSM8",0.187558017522232,0.339993742089641,0.275,0.168,1,"13","BCG_treated","week44","IGRApos_BCG_44wk_vs_IGRAneg_BCG_44wk"
"TLE5",0.187670551808458,-0.168909095690274,0.307,0.272,1,"13","BCG_treated","week44","IGRApos_BCG_44wk_vs_IGRAneg_BCG_44wk"
"ATG3",0.187919857943775,-0.160182543025826,0.241,0.173,1,"13","BCG_treated","week44","IGRApos_BCG_44wk_vs_IGRAneg_BCG_44wk"
"MTMR9",0.18792198071262,-0.263123026523057,0.357,0.312,1,"13","BCG_treated","week44","IGRApos_BCG_44wk_vs_IGRAneg_BCG_44wk"
"SDHD",0.187940934656379,-0.726198781144713,0.167,0.162,1,"13","BCG_treated","week44","IGRApos_BCG_44wk_vs_IGRAneg_BCG_44wk"
"CXXC5",0.188518627152378,-0.398569416334871,0.344,0.341,1,"13","BCG_treated","week44","IGRApos_BCG_44wk_vs_IGRAneg_BCG_44wk"
"LGALS9B",0.188572993717202,0.516387867423853,0.101,0.046,1,"13","BCG_treated","week44","IGRApos_BCG_44wk_vs_IGRAneg_BCG_44wk"
"NAE1",0.188755805504262,-0.391355332620237,0.249,0.249,1,"13","BCG_treated","week44","IGRApos_BCG_44wk_vs_IGRAneg_BCG_44wk"
"TIMM17A",0.188837660615903,-0.486882901427109,0.153,0.145,1,"13","BCG_treated","week44","IGRApos_BCG_44wk_vs_IGRAneg_BCG_44wk"
"QPCTL",0.18884365664939,0.414024080277521,0.185,0.104,1,"13","BCG_treated","week44","IGRApos_BCG_44wk_vs_IGRAneg_BCG_44wk"
"BET1L",0.188960724708358,0.584399520834934,0.13,0.064,1,"13","BCG_treated","week44","IGRApos_BCG_44wk_vs_IGRAneg_BCG_44wk"
"GPS2",0.189179806296613,0.550186015845741,0.27,0.162,1,"13","BCG_treated","week44","IGRApos_BCG_44wk_vs_IGRAneg_BCG_44wk"
"RPL26",0.189284532716364,-0.196895610029109,0.286,0.231,1,"13","BCG_treated","week44","IGRApos_BCG_44wk_vs_IGRAneg_BCG_44wk"
"ZNF740",0.189547551927572,-0.163495048072246,0.257,0.202,1,"13","BCG_treated","week44","IGRApos_BCG_44wk_vs_IGRAneg_BCG_44wk"
"FN3KRP",0.189655910776841,-0.557429788902524,0.103,0.116,1,"13","BCG_treated","week44","IGRApos_BCG_44wk_vs_IGRAneg_BCG_44wk"
"GFI1",0.189708198389053,-0.243568554507219,0.516,0.416,1,"13","BCG_treated","week44","IGRApos_BCG_44wk_vs_IGRAneg_BCG_44wk"
"POLR1A",0.189917715612936,-0.120337517709746,0.392,0.364,1,"13","BCG_treated","week44","IGRApos_BCG_44wk_vs_IGRAneg_BCG_44wk"
"BACH1",0.190041227187044,-0.153639580845792,0.709,0.659,1,"13","BCG_treated","week44","IGRApos_BCG_44wk_vs_IGRAneg_BCG_44wk"
"DCAF7",0.190053723956227,-0.184843757615869,0.59,0.509,1,"13","BCG_treated","week44","IGRApos_BCG_44wk_vs_IGRAneg_BCG_44wk"
"TEX261",0.190210104906465,-0.467242989860482,0.108,0.127,1,"13","BCG_treated","week44","IGRApos_BCG_44wk_vs_IGRAneg_BCG_44wk"
"EFCAB11",0.190265151652722,0.849869549256848,0.18,0.121,1,"13","BCG_treated","week44","IGRApos_BCG_44wk_vs_IGRAneg_BCG_44wk"
"NEPRO-AS1",0.190296482001963,-0.13470806757067,0.458,0.358,1,"13","BCG_treated","week44","IGRApos_BCG_44wk_vs_IGRAneg_BCG_44wk"
"ZNF81",0.190430619637014,-0.375849548259679,0.294,0.329,1,"13","BCG_treated","week44","IGRApos_BCG_44wk_vs_IGRAneg_BCG_44wk"
"FAM193B",0.19049777799465,0.147700591515569,0.489,0.347,1,"13","BCG_treated","week44","IGRApos_BCG_44wk_vs_IGRAneg_BCG_44wk"
"INO80E",0.190666979129329,0.745485951363327,0.265,0.156,1,"13","BCG_treated","week44","IGRApos_BCG_44wk_vs_IGRAneg_BCG_44wk"
"EVI2A",0.190847968313002,-0.390013116547714,0.138,0.156,1,"13","BCG_treated","week44","IGRApos_BCG_44wk_vs_IGRAneg_BCG_44wk"
"JTB",0.190984434762555,-0.159255134577911,0.156,0.11,1,"13","BCG_treated","week44","IGRApos_BCG_44wk_vs_IGRAneg_BCG_44wk"
"ATF7IP2",0.191109344394411,-0.433842048388598,0.381,0.341,1,"13","BCG_treated","week44","IGRApos_BCG_44wk_vs_IGRAneg_BCG_44wk"
"ENSG00000267645",0.191139701172526,-0.288787857429543,0.161,0.121,1,"13","BCG_treated","week44","IGRApos_BCG_44wk_vs_IGRAneg_BCG_44wk"
"ENSG00000246203",0.191142187046542,0.405664773299321,0.13,0.069,1,"13","BCG_treated","week44","IGRApos_BCG_44wk_vs_IGRAneg_BCG_44wk"
"FUS",0.191230273289964,-0.126203997392163,0.791,0.769,1,"13","BCG_treated","week44","IGRApos_BCG_44wk_vs_IGRAneg_BCG_44wk"
"PSMC4",0.191260353382179,-0.515236356084964,0.19,0.179,1,"13","BCG_treated","week44","IGRApos_BCG_44wk_vs_IGRAneg_BCG_44wk"
"ARRB1",0.191287620193759,-0.444370290616845,0.325,0.341,1,"13","BCG_treated","week44","IGRApos_BCG_44wk_vs_IGRAneg_BCG_44wk"
"RC3H2",0.191323317180427,0.116844927884396,0.611,0.474,1,"13","BCG_treated","week44","IGRApos_BCG_44wk_vs_IGRAneg_BCG_44wk"
"RCOR3",0.191397505019217,0.425440086142259,0.545,0.393,1,"13","BCG_treated","week44","IGRApos_BCG_44wk_vs_IGRAneg_BCG_44wk"
"NNT",0.191505115476841,0.393482768774217,0.466,0.318,1,"13","BCG_treated","week44","IGRApos_BCG_44wk_vs_IGRAneg_BCG_44wk"
"DNAJC10",0.191668163816475,0.318327445194649,0.444,0.289,1,"13","BCG_treated","week44","IGRApos_BCG_44wk_vs_IGRAneg_BCG_44wk"
"RPL18A",0.192034121622856,-1.01732981134949,0.082,0.104,1,"13","BCG_treated","week44","IGRApos_BCG_44wk_vs_IGRAneg_BCG_44wk"
"TRIOBP",0.192202139580996,-0.383233367211068,0.206,0.179,1,"13","BCG_treated","week44","IGRApos_BCG_44wk_vs_IGRAneg_BCG_44wk"
"FBXO30",0.192204708793653,-0.47562043021565,0.177,0.179,1,"13","BCG_treated","week44","IGRApos_BCG_44wk_vs_IGRAneg_BCG_44wk"
"ASCC2",0.192309348030885,-0.240867392974443,0.392,0.341,1,"13","BCG_treated","week44","IGRApos_BCG_44wk_vs_IGRAneg_BCG_44wk"
"NSD1",0.192365372060146,-0.121537869379003,0.786,0.705,1,"13","BCG_treated","week44","IGRApos_BCG_44wk_vs_IGRAneg_BCG_44wk"
"SIRT2",0.192875743689327,-0.334566171433825,0.249,0.225,1,"13","BCG_treated","week44","IGRApos_BCG_44wk_vs_IGRAneg_BCG_44wk"
"NAALADL2",0.192993406529279,-0.658093716688554,0.103,0.139,1,"13","BCG_treated","week44","IGRApos_BCG_44wk_vs_IGRAneg_BCG_44wk"
"CACUL1",0.193003885413836,-0.433488950635387,0.407,0.37,1,"13","BCG_treated","week44","IGRApos_BCG_44wk_vs_IGRAneg_BCG_44wk"
"KPNA1",0.193144180951029,-0.12809241892338,0.751,0.688,1,"13","BCG_treated","week44","IGRApos_BCG_44wk_vs_IGRAneg_BCG_44wk"
"ALG11",0.193290418070328,-0.326509995385188,0.286,0.277,1,"13","BCG_treated","week44","IGRApos_BCG_44wk_vs_IGRAneg_BCG_44wk"
"ODR4",0.193352508780246,-0.231924382099285,0.286,0.289,1,"13","BCG_treated","week44","IGRApos_BCG_44wk_vs_IGRAneg_BCG_44wk"
"PDXDC2P-NPIPB14P",0.193625414396895,1.16444776454805,0.135,0.064,1,"13","BCG_treated","week44","IGRApos_BCG_44wk_vs_IGRAneg_BCG_44wk"
"BAG4",0.193888048494371,-0.332523221650793,0.146,0.133,1,"13","BCG_treated","week44","IGRApos_BCG_44wk_vs_IGRAneg_BCG_44wk"
"RSL24D1",0.193906012240117,-0.130263170276576,0.204,0.202,1,"13","BCG_treated","week44","IGRApos_BCG_44wk_vs_IGRAneg_BCG_44wk"
"PARN",0.194431376120408,-0.140424767388115,0.503,0.468,1,"13","BCG_treated","week44","IGRApos_BCG_44wk_vs_IGRAneg_BCG_44wk"
"SLCO5A1",0.194458271511167,0.945781584826883,0.132,0.058,1,"13","BCG_treated","week44","IGRApos_BCG_44wk_vs_IGRAneg_BCG_44wk"
"ZNF510",0.194538364336045,0.538864610684481,0.185,0.098,1,"13","BCG_treated","week44","IGRApos_BCG_44wk_vs_IGRAneg_BCG_44wk"
"NDUFAF6",0.194561572501593,-0.16822672791046,0.312,0.277,1,"13","BCG_treated","week44","IGRApos_BCG_44wk_vs_IGRAneg_BCG_44wk"
"CD7",0.194652906869074,0.386439642436405,0.45,0.312,1,"13","BCG_treated","week44","IGRApos_BCG_44wk_vs_IGRAneg_BCG_44wk"
"TXNRD1",0.194988202392243,-0.247080310388768,0.487,0.468,1,"13","BCG_treated","week44","IGRApos_BCG_44wk_vs_IGRAneg_BCG_44wk"
"RGS16",0.195108281219168,-1.26916868216422,0.082,0.121,1,"13","BCG_treated","week44","IGRApos_BCG_44wk_vs_IGRAneg_BCG_44wk"
"HSPA13",0.195181154690537,0.206042117257961,0.167,0.092,1,"13","BCG_treated","week44","IGRApos_BCG_44wk_vs_IGRAneg_BCG_44wk"
"ABI1",0.195208422363328,-0.164829872664413,0.746,0.676,1,"13","BCG_treated","week44","IGRApos_BCG_44wk_vs_IGRAneg_BCG_44wk"
"KANSL1L-AS1",0.195224509516863,-0.431166078759199,0.302,0.335,1,"13","BCG_treated","week44","IGRApos_BCG_44wk_vs_IGRAneg_BCG_44wk"
"RASSF2",0.195352311126037,-0.169765512699717,0.362,0.277,1,"13","BCG_treated","week44","IGRApos_BCG_44wk_vs_IGRAneg_BCG_44wk"
"DISC1",0.195368235757789,-0.497919122831789,0.235,0.26,1,"13","BCG_treated","week44","IGRApos_BCG_44wk_vs_IGRAneg_BCG_44wk"
"TSPAN3",0.195503384531154,-0.244955221995626,0.217,0.185,1,"13","BCG_treated","week44","IGRApos_BCG_44wk_vs_IGRAneg_BCG_44wk"
"GLIPR1",0.195575982974177,-1.30923510924538,0.135,0.168,1,"13","BCG_treated","week44","IGRApos_BCG_44wk_vs_IGRAneg_BCG_44wk"
"SEC23IP",0.195593672092195,-0.14229398659125,0.352,0.353,1,"13","BCG_treated","week44","IGRApos_BCG_44wk_vs_IGRAneg_BCG_44wk"
"C17orf80",0.195762523027206,-0.637687578625475,0.146,0.162,1,"13","BCG_treated","week44","IGRApos_BCG_44wk_vs_IGRAneg_BCG_44wk"
"PLD3",0.195975534880207,-0.251751170225209,0.296,0.26,1,"13","BCG_treated","week44","IGRApos_BCG_44wk_vs_IGRAneg_BCG_44wk"
"SNHG22",0.196170795103044,0.239170823791132,0.81,0.659,1,"13","BCG_treated","week44","IGRApos_BCG_44wk_vs_IGRAneg_BCG_44wk"
"ZBTB41",0.196417364609349,-0.425402128709812,0.14,0.145,1,"13","BCG_treated","week44","IGRApos_BCG_44wk_vs_IGRAneg_BCG_44wk"
"ARL5A",0.196602548015137,-0.503567858586121,0.36,0.347,1,"13","BCG_treated","week44","IGRApos_BCG_44wk_vs_IGRAneg_BCG_44wk"
"RETREG3",0.196651966900651,-0.141539413547944,0.357,0.295,1,"13","BCG_treated","week44","IGRApos_BCG_44wk_vs_IGRAneg_BCG_44wk"
"BTG1",0.196954263620832,-0.17149596773983,0.778,0.746,1,"13","BCG_treated","week44","IGRApos_BCG_44wk_vs_IGRAneg_BCG_44wk"
"IL16",0.196987752496044,-0.29157753986987,0.529,0.514,1,"13","BCG_treated","week44","IGRApos_BCG_44wk_vs_IGRAneg_BCG_44wk"
"YTHDC2",0.19705814029981,0.283626958082432,0.503,0.347,1,"13","BCG_treated","week44","IGRApos_BCG_44wk_vs_IGRAneg_BCG_44wk"
"ZXDC",0.197168551593875,-0.163046350854271,0.534,0.457,1,"13","BCG_treated","week44","IGRApos_BCG_44wk_vs_IGRAneg_BCG_44wk"
"MAP3K14",0.197237722624988,0.158583737683182,0.349,0.249,1,"13","BCG_treated","week44","IGRApos_BCG_44wk_vs_IGRAneg_BCG_44wk"
"PALS2",0.197379089165314,-0.616430173314053,0.19,0.225,1,"13","BCG_treated","week44","IGRApos_BCG_44wk_vs_IGRAneg_BCG_44wk"
"ZNF248",0.197478160441826,0.207659415304696,0.151,0.098,1,"13","BCG_treated","week44","IGRApos_BCG_44wk_vs_IGRAneg_BCG_44wk"
"CACTIN",0.197600628740669,1.40486190773766,0.106,0.046,1,"13","BCG_treated","week44","IGRApos_BCG_44wk_vs_IGRAneg_BCG_44wk"
"PLXNA3",0.197843248778092,-0.210735128496529,0.143,0.11,1,"13","BCG_treated","week44","IGRApos_BCG_44wk_vs_IGRAneg_BCG_44wk"
"MZF1",0.198013581611247,0.172703425593396,0.249,0.168,1,"13","BCG_treated","week44","IGRApos_BCG_44wk_vs_IGRAneg_BCG_44wk"
"ACTR3",0.198039660678307,-0.268961104721301,0.788,0.746,1,"13","BCG_treated","week44","IGRApos_BCG_44wk_vs_IGRAneg_BCG_44wk"
"IPMK",0.198095746274341,-0.333246043129717,0.328,0.277,1,"13","BCG_treated","week44","IGRApos_BCG_44wk_vs_IGRAneg_BCG_44wk"
"PIN1",0.198125150498508,-0.475754222827348,0.146,0.121,1,"13","BCG_treated","week44","IGRApos_BCG_44wk_vs_IGRAneg_BCG_44wk"
"GUCY1A1",0.19829500188962,-0.549031742467111,0.201,0.231,1,"13","BCG_treated","week44","IGRApos_BCG_44wk_vs_IGRAneg_BCG_44wk"
"REEP5",0.198380132883961,-0.202920953836064,0.323,0.318,1,"13","BCG_treated","week44","IGRApos_BCG_44wk_vs_IGRAneg_BCG_44wk"
"RAB22A",0.198452098896933,0.248811492118457,0.331,0.22,1,"13","BCG_treated","week44","IGRApos_BCG_44wk_vs_IGRAneg_BCG_44wk"
"MRPL33",0.198507953624697,0.69159360682326,0.188,0.127,1,"13","BCG_treated","week44","IGRApos_BCG_44wk_vs_IGRAneg_BCG_44wk"
"CUL4A",0.198520058656392,-0.243295502944565,0.608,0.566,1,"13","BCG_treated","week44","IGRApos_BCG_44wk_vs_IGRAneg_BCG_44wk"
"RAB4B",0.198522352888705,0.368217989456962,0.373,0.231,1,"13","BCG_treated","week44","IGRApos_BCG_44wk_vs_IGRAneg_BCG_44wk"
"TTC27",0.19856063191267,-0.190795865598093,0.347,0.347,1,"13","BCG_treated","week44","IGRApos_BCG_44wk_vs_IGRAneg_BCG_44wk"
"CPSF4",0.198614612384379,-0.481871758352823,0.146,0.121,1,"13","BCG_treated","week44","IGRApos_BCG_44wk_vs_IGRAneg_BCG_44wk"
"YARS2",0.198818452082192,-0.283447734611494,0.243,0.208,1,"13","BCG_treated","week44","IGRApos_BCG_44wk_vs_IGRAneg_BCG_44wk"
"CSAD",0.198878544313161,0.386014050294458,0.13,0.075,1,"13","BCG_treated","week44","IGRApos_BCG_44wk_vs_IGRAneg_BCG_44wk"
"ENG",0.198973509471129,-0.388684835440561,0.185,0.168,1,"13","BCG_treated","week44","IGRApos_BCG_44wk_vs_IGRAneg_BCG_44wk"
"USP3",0.198995812798596,-0.107810870263545,0.772,0.775,1,"13","BCG_treated","week44","IGRApos_BCG_44wk_vs_IGRAneg_BCG_44wk"
"CROCC",0.199129403214413,0.170609914083596,0.235,0.145,1,"13","BCG_treated","week44","IGRApos_BCG_44wk_vs_IGRAneg_BCG_44wk"
"KLRC2",0.199352387466008,-0.199130862410015,0.807,0.78,1,"13","BCG_treated","week44","IGRApos_BCG_44wk_vs_IGRAneg_BCG_44wk"
"RPL17",0.199360658720616,-0.14013882423989,0.267,0.225,1,"13","BCG_treated","week44","IGRApos_BCG_44wk_vs_IGRAneg_BCG_44wk"
"NUMB",0.199374656386998,-0.216545600425125,0.68,0.578,1,"13","BCG_treated","week44","IGRApos_BCG_44wk_vs_IGRAneg_BCG_44wk"
"MGST3",0.199511054010963,-0.790294192472529,0.138,0.162,1,"13","BCG_treated","week44","IGRApos_BCG_44wk_vs_IGRAneg_BCG_44wk"
"NAPA",0.199566300201841,0.658877449133226,0.315,0.185,1,"13","BCG_treated","week44","IGRApos_BCG_44wk_vs_IGRAneg_BCG_44wk"
"COPS3",0.199639816907995,1.00630279022188,0.183,0.098,1,"13","BCG_treated","week44","IGRApos_BCG_44wk_vs_IGRAneg_BCG_44wk"
"TBC1D20",0.199662406335645,-0.329411874128318,0.352,0.301,1,"13","BCG_treated","week44","IGRApos_BCG_44wk_vs_IGRAneg_BCG_44wk"
"SERAC1",0.199802494417915,0.815820653499895,0.14,0.081,1,"13","BCG_treated","week44","IGRApos_BCG_44wk_vs_IGRAneg_BCG_44wk"
"DHDDS",0.199877581321873,-0.471248392947307,0.222,0.208,1,"13","BCG_treated","week44","IGRApos_BCG_44wk_vs_IGRAneg_BCG_44wk"
"MED15",0.200024758744572,0.138955111713672,0.799,0.63,1,"13","BCG_treated","week44","IGRApos_BCG_44wk_vs_IGRAneg_BCG_44wk"
"FBXW5",0.200185308187676,-0.639208650151198,0.09,0.11,1,"13","BCG_treated","week44","IGRApos_BCG_44wk_vs_IGRAneg_BCG_44wk"
"FCHSD1",0.200283919019585,-0.11019183289138,0.19,0.133,1,"13","BCG_treated","week44","IGRApos_BCG_44wk_vs_IGRAneg_BCG_44wk"
"TMEM11",0.200453823030734,-0.644940442381898,0.106,0.127,1,"13","BCG_treated","week44","IGRApos_BCG_44wk_vs_IGRAneg_BCG_44wk"
"ZBP1",0.200606500701362,0.800446434768797,0.156,0.075,1,"13","BCG_treated","week44","IGRApos_BCG_44wk_vs_IGRAneg_BCG_44wk"
"MAPK9",0.200683696675197,-0.228870222762697,0.394,0.364,1,"13","BCG_treated","week44","IGRApos_BCG_44wk_vs_IGRAneg_BCG_44wk"
"HSDL2",0.201129746751613,-0.569492313622595,0.159,0.139,1,"13","BCG_treated","week44","IGRApos_BCG_44wk_vs_IGRAneg_BCG_44wk"
"LINC02362",0.201349278516382,0.644036457975048,0.13,0.058,1,"13","BCG_treated","week44","IGRApos_BCG_44wk_vs_IGRAneg_BCG_44wk"
"GUSBP2.1",0.201674660295694,-0.334502741940899,0.114,0.133,1,"13","BCG_treated","week44","IGRApos_BCG_44wk_vs_IGRAneg_BCG_44wk"
"SHC1",0.201716378921109,0.230401392538473,0.135,0.081,1,"13","BCG_treated","week44","IGRApos_BCG_44wk_vs_IGRAneg_BCG_44wk"
"MNT",0.201975383685915,-0.63263982542246,0.132,0.139,1,"13","BCG_treated","week44","IGRApos_BCG_44wk_vs_IGRAneg_BCG_44wk"
"THOC1",0.202159110324063,-0.292517965271665,0.442,0.428,1,"13","BCG_treated","week44","IGRApos_BCG_44wk_vs_IGRAneg_BCG_44wk"
"PCMTD1-DT",0.202243457290885,0.459768263932128,0.122,0.069,1,"13","BCG_treated","week44","IGRApos_BCG_44wk_vs_IGRAneg_BCG_44wk"
"TBC1D7",0.202365798676601,0.906683712983973,0.146,0.069,1,"13","BCG_treated","week44","IGRApos_BCG_44wk_vs_IGRAneg_BCG_44wk"
"ANKRD42",0.202531823537844,0.279335146490343,0.127,0.069,1,"13","BCG_treated","week44","IGRApos_BCG_44wk_vs_IGRAneg_BCG_44wk"
"CARMIL2",0.202749975720708,0.714769002015607,0.183,0.081,1,"13","BCG_treated","week44","IGRApos_BCG_44wk_vs_IGRAneg_BCG_44wk"
"PRPF40B",0.202758971126315,-0.413125302856471,0.262,0.277,1,"13","BCG_treated","week44","IGRApos_BCG_44wk_vs_IGRAneg_BCG_44wk"
"SUSD1",0.202811361894161,-0.211582734667769,0.14,0.116,1,"13","BCG_treated","week44","IGRApos_BCG_44wk_vs_IGRAneg_BCG_44wk"
"TXNDC15",0.202875186004272,-0.213326235255724,0.246,0.254,1,"13","BCG_treated","week44","IGRApos_BCG_44wk_vs_IGRAneg_BCG_44wk"
"GIT2",0.203070980951724,-0.324582677040861,0.616,0.578,1,"13","BCG_treated","week44","IGRApos_BCG_44wk_vs_IGRAneg_BCG_44wk"
"INVS",0.203225285599016,-0.26165103670568,0.603,0.561,1,"13","BCG_treated","week44","IGRApos_BCG_44wk_vs_IGRAneg_BCG_44wk"
"SETD6",0.203300874176676,-0.923737118587078,0.101,0.116,1,"13","BCG_treated","week44","IGRApos_BCG_44wk_vs_IGRAneg_BCG_44wk"
"ZC3H18",0.203355573135043,-0.235587690136976,0.566,0.538,1,"13","BCG_treated","week44","IGRApos_BCG_44wk_vs_IGRAneg_BCG_44wk"
"CXorf38",0.203358350761629,-0.381411691050988,0.275,0.254,1,"13","BCG_treated","week44","IGRApos_BCG_44wk_vs_IGRAneg_BCG_44wk"
"ENSG00000288632",0.203742149559074,-0.650406264887024,0.209,0.249,1,"13","BCG_treated","week44","IGRApos_BCG_44wk_vs_IGRAneg_BCG_44wk"
"IMMT",0.203802827713719,-0.167925922393816,0.487,0.405,1,"13","BCG_treated","week44","IGRApos_BCG_44wk_vs_IGRAneg_BCG_44wk"
"WDFY2",0.203886282815842,-0.35546896377823,0.566,0.561,1,"13","BCG_treated","week44","IGRApos_BCG_44wk_vs_IGRAneg_BCG_44wk"
"MFAP3",0.204049281066824,-0.357541955689262,0.323,0.283,1,"13","BCG_treated","week44","IGRApos_BCG_44wk_vs_IGRAneg_BCG_44wk"
"RNF144A",0.204180160776356,-0.278457802806553,0.349,0.353,1,"13","BCG_treated","week44","IGRApos_BCG_44wk_vs_IGRAneg_BCG_44wk"
"RBM28",0.204289589398542,-0.168157026198218,0.407,0.364,1,"13","BCG_treated","week44","IGRApos_BCG_44wk_vs_IGRAneg_BCG_44wk"
"PLCG2",0.204366286515503,0.1758403802545,0.884,0.786,1,"13","BCG_treated","week44","IGRApos_BCG_44wk_vs_IGRAneg_BCG_44wk"
"METTL5",0.204669704603252,-0.667364534332999,0.101,0.104,1,"13","BCG_treated","week44","IGRApos_BCG_44wk_vs_IGRAneg_BCG_44wk"
"POLR1F",0.204761449062822,-0.507923143875593,0.103,0.121,1,"13","BCG_treated","week44","IGRApos_BCG_44wk_vs_IGRAneg_BCG_44wk"
"MYDGF",0.204881582029545,-0.52789354301591,0.153,0.15,1,"13","BCG_treated","week44","IGRApos_BCG_44wk_vs_IGRAneg_BCG_44wk"
"LYSMD3",0.20505243016167,-0.467624019769383,0.259,0.254,1,"13","BCG_treated","week44","IGRApos_BCG_44wk_vs_IGRAneg_BCG_44wk"
"MMP25-AS1",0.205183467160547,0.173596257221587,0.569,0.486,1,"13","BCG_treated","week44","IGRApos_BCG_44wk_vs_IGRAneg_BCG_44wk"
"MPZL1",0.205443301855597,-0.374115535374878,0.14,0.168,1,"13","BCG_treated","week44","IGRApos_BCG_44wk_vs_IGRAneg_BCG_44wk"
"ZNF331",0.205609464830879,0.376913213523757,0.291,0.156,1,"13","BCG_treated","week44","IGRApos_BCG_44wk_vs_IGRAneg_BCG_44wk"
"ELMOD2",0.205905162765419,0.297006781746735,0.204,0.127,1,"13","BCG_treated","week44","IGRApos_BCG_44wk_vs_IGRAneg_BCG_44wk"
"PAICS",0.205973652951585,-0.295612361838497,0.209,0.185,1,"13","BCG_treated","week44","IGRApos_BCG_44wk_vs_IGRAneg_BCG_44wk"
"PEBP1",0.206357688932084,-0.19041634691929,0.169,0.127,1,"13","BCG_treated","week44","IGRApos_BCG_44wk_vs_IGRAneg_BCG_44wk"
"SIAH1",0.206376740460889,-0.260613234973043,0.214,0.22,1,"13","BCG_treated","week44","IGRApos_BCG_44wk_vs_IGRAneg_BCG_44wk"
"RORA-AS1",0.206428964783664,0.505444472227831,0.101,0.052,1,"13","BCG_treated","week44","IGRApos_BCG_44wk_vs_IGRAneg_BCG_44wk"
"ODF2L",0.206438316314146,0.283244056736078,0.545,0.393,1,"13","BCG_treated","week44","IGRApos_BCG_44wk_vs_IGRAneg_BCG_44wk"
"TRAPPC6B",0.206621293655211,-0.364561956538954,0.302,0.301,1,"13","BCG_treated","week44","IGRApos_BCG_44wk_vs_IGRAneg_BCG_44wk"
"AHSA2P",0.206646193721949,0.151658282251659,0.384,0.277,1,"13","BCG_treated","week44","IGRApos_BCG_44wk_vs_IGRAneg_BCG_44wk"
"EML3",0.206877712714576,-0.230495455783137,0.275,0.243,1,"13","BCG_treated","week44","IGRApos_BCG_44wk_vs_IGRAneg_BCG_44wk"
"DCK",0.207027778424493,-0.448288268410233,0.296,0.283,1,"13","BCG_treated","week44","IGRApos_BCG_44wk_vs_IGRAneg_BCG_44wk"
"JAKMIP1",0.207304891130999,0.291567274994507,0.106,0.104,1,"13","BCG_treated","week44","IGRApos_BCG_44wk_vs_IGRAneg_BCG_44wk"
"TSPAN14",0.207426494849744,-0.217429524216241,0.458,0.393,1,"13","BCG_treated","week44","IGRApos_BCG_44wk_vs_IGRAneg_BCG_44wk"
"HMGA1",0.207580490255191,-0.311180589681796,0.188,0.173,1,"13","BCG_treated","week44","IGRApos_BCG_44wk_vs_IGRAneg_BCG_44wk"
"MCCC2",0.207662975488432,-0.115996660056029,0.447,0.341,1,"13","BCG_treated","week44","IGRApos_BCG_44wk_vs_IGRAneg_BCG_44wk"
"ABCB7",0.207669387986545,-0.110336719996181,0.344,0.26,1,"13","BCG_treated","week44","IGRApos_BCG_44wk_vs_IGRAneg_BCG_44wk"
"MATR3.1",0.207778316674843,-0.451428372054935,0.161,0.162,1,"13","BCG_treated","week44","IGRApos_BCG_44wk_vs_IGRAneg_BCG_44wk"
"POLR3F",0.208050001126763,-0.656898150171306,0.101,0.116,1,"13","BCG_treated","week44","IGRApos_BCG_44wk_vs_IGRAneg_BCG_44wk"
"GBP5",0.208134899099971,0.288751092564885,0.505,0.405,1,"13","BCG_treated","week44","IGRApos_BCG_44wk_vs_IGRAneg_BCG_44wk"
"ERCC3",0.208182314094163,-0.152557800106597,0.368,0.283,1,"13","BCG_treated","week44","IGRApos_BCG_44wk_vs_IGRAneg_BCG_44wk"
"RNF125",0.208435554364346,0.255058915730998,0.587,0.462,1,"13","BCG_treated","week44","IGRApos_BCG_44wk_vs_IGRAneg_BCG_44wk"
"ATP2B4",0.208554393502928,-0.204793659799379,0.571,0.543,1,"13","BCG_treated","week44","IGRApos_BCG_44wk_vs_IGRAneg_BCG_44wk"
"PNN",0.208557425644988,-0.109760163399299,0.659,0.538,1,"13","BCG_treated","week44","IGRApos_BCG_44wk_vs_IGRAneg_BCG_44wk"
"AP5Z1",0.208561635932639,-0.535550589806306,0.146,0.162,1,"13","BCG_treated","week44","IGRApos_BCG_44wk_vs_IGRAneg_BCG_44wk"
"PSME1",0.208691486372721,-0.191609163853281,0.317,0.243,1,"13","BCG_treated","week44","IGRApos_BCG_44wk_vs_IGRAneg_BCG_44wk"
"TEC",0.208912248725854,-0.214861194104157,0.349,0.382,1,"13","BCG_treated","week44","IGRApos_BCG_44wk_vs_IGRAneg_BCG_44wk"
"MAP1LC3B",0.209040096253837,-0.453520366031078,0.22,0.22,1,"13","BCG_treated","week44","IGRApos_BCG_44wk_vs_IGRAneg_BCG_44wk"
"H6PD",0.209334594832744,-0.252021332825191,0.222,0.197,1,"13","BCG_treated","week44","IGRApos_BCG_44wk_vs_IGRAneg_BCG_44wk"
"XNDC1N",0.209390081354818,-0.460935059962184,0.209,0.22,1,"13","BCG_treated","week44","IGRApos_BCG_44wk_vs_IGRAneg_BCG_44wk"
"NUP85",0.209415187678783,0.723084030920925,0.265,0.139,1,"13","BCG_treated","week44","IGRApos_BCG_44wk_vs_IGRAneg_BCG_44wk"
"LINC02964",0.209506729863758,-0.674487735527069,0.111,0.121,1,"13","BCG_treated","week44","IGRApos_BCG_44wk_vs_IGRAneg_BCG_44wk"
"LONP1",0.20962462806482,0.282164322305143,0.143,0.069,1,"13","BCG_treated","week44","IGRApos_BCG_44wk_vs_IGRAneg_BCG_44wk"
"WARS2-AS1",0.209761237128066,-0.16544981848473,0.201,0.22,1,"13","BCG_treated","week44","IGRApos_BCG_44wk_vs_IGRAneg_BCG_44wk"
"SCLT1",0.209828772022196,0.22652305552695,0.749,0.671,1,"13","BCG_treated","week44","IGRApos_BCG_44wk_vs_IGRAneg_BCG_44wk"
"GEN1",0.20997659060367,-0.231073541163786,0.175,0.145,1,"13","BCG_treated","week44","IGRApos_BCG_44wk_vs_IGRAneg_BCG_44wk"
"TRIM11",0.209999997578219,-0.664699077055161,0.156,0.162,1,"13","BCG_treated","week44","IGRApos_BCG_44wk_vs_IGRAneg_BCG_44wk"
"PER1",0.210024048128929,0.419477472578496,0.116,0.058,1,"13","BCG_treated","week44","IGRApos_BCG_44wk_vs_IGRAneg_BCG_44wk"
"ZMAT4",0.210030936156288,-0.580999913389764,0.124,0.104,1,"13","BCG_treated","week44","IGRApos_BCG_44wk_vs_IGRAneg_BCG_44wk"
"PPID",0.210094736473501,-0.184392034952975,0.204,0.168,1,"13","BCG_treated","week44","IGRApos_BCG_44wk_vs_IGRAneg_BCG_44wk"
"ZNF559",0.210159797297457,-0.190494821795185,0.206,0.162,1,"13","BCG_treated","week44","IGRApos_BCG_44wk_vs_IGRAneg_BCG_44wk"
"ZNF141",0.21016371282929,-0.22653907627814,0.339,0.306,1,"13","BCG_treated","week44","IGRApos_BCG_44wk_vs_IGRAneg_BCG_44wk"
"SLC38A9",0.210223160275231,-0.320013746549482,0.41,0.376,1,"13","BCG_treated","week44","IGRApos_BCG_44wk_vs_IGRAneg_BCG_44wk"
"ATP5MG",0.210328124125164,-0.459985106264472,0.18,0.179,1,"13","BCG_treated","week44","IGRApos_BCG_44wk_vs_IGRAneg_BCG_44wk"
"ENSG00000289007",0.210409846704487,0.642556674065872,0.185,0.11,1,"13","BCG_treated","week44","IGRApos_BCG_44wk_vs_IGRAneg_BCG_44wk"
"ENSG00000266049",0.210613843264367,0.132129868347937,0.153,0.104,1,"13","BCG_treated","week44","IGRApos_BCG_44wk_vs_IGRAneg_BCG_44wk"
"POLI",0.210644261742611,0.356973164340136,0.101,0.087,1,"13","BCG_treated","week44","IGRApos_BCG_44wk_vs_IGRAneg_BCG_44wk"
"KLHL36",0.210673480507122,-0.179499849355873,0.257,0.202,1,"13","BCG_treated","week44","IGRApos_BCG_44wk_vs_IGRAneg_BCG_44wk"
"STAP1",0.210854652610662,0.539140068312319,0.373,0.266,1,"13","BCG_treated","week44","IGRApos_BCG_44wk_vs_IGRAneg_BCG_44wk"
"ENSG00000288891",0.210895892061744,-0.195525004304467,0.119,0.087,1,"13","BCG_treated","week44","IGRApos_BCG_44wk_vs_IGRAneg_BCG_44wk"
"VPS11",0.210967825577028,0.406050593247671,0.206,0.116,1,"13","BCG_treated","week44","IGRApos_BCG_44wk_vs_IGRAneg_BCG_44wk"
"TES",0.210994682621491,-0.102043632870072,0.608,0.566,1,"13","BCG_treated","week44","IGRApos_BCG_44wk_vs_IGRAneg_BCG_44wk"
"DCTN1",0.211098446106718,-0.158954120228685,0.399,0.353,1,"13","BCG_treated","week44","IGRApos_BCG_44wk_vs_IGRAneg_BCG_44wk"
"ITGA1",0.211333406926123,-0.229030713179435,0.698,0.694,1,"13","BCG_treated","week44","IGRApos_BCG_44wk_vs_IGRAneg_BCG_44wk"
"TTC7A",0.211395535965465,0.21021232219362,0.868,0.746,1,"13","BCG_treated","week44","IGRApos_BCG_44wk_vs_IGRAneg_BCG_44wk"
"ERI1",0.211664233016818,0.226900049704833,0.257,0.168,1,"13","BCG_treated","week44","IGRApos_BCG_44wk_vs_IGRAneg_BCG_44wk"
"PRMT1",0.211774361168001,-0.188066889313889,0.233,0.185,1,"13","BCG_treated","week44","IGRApos_BCG_44wk_vs_IGRAneg_BCG_44wk"
"SLC2A13",0.211784107704644,-0.346253748023598,0.36,0.306,1,"13","BCG_treated","week44","IGRApos_BCG_44wk_vs_IGRAneg_BCG_44wk"
"ATOX1",0.211842816229099,-0.62950403281814,0.153,0.162,1,"13","BCG_treated","week44","IGRApos_BCG_44wk_vs_IGRAneg_BCG_44wk"
"FLOT2",0.212304190338847,-0.564134764073498,0.246,0.243,1,"13","BCG_treated","week44","IGRApos_BCG_44wk_vs_IGRAneg_BCG_44wk"
"TMEM41A",0.212306278190454,0.438566859136287,0.122,0.064,1,"13","BCG_treated","week44","IGRApos_BCG_44wk_vs_IGRAneg_BCG_44wk"
"PLXND1",0.212307296311803,0.646459036818762,0.196,0.121,1,"13","BCG_treated","week44","IGRApos_BCG_44wk_vs_IGRAneg_BCG_44wk"
"ENSG00000274265",0.212402182166155,-0.169777299956406,0.476,0.41,1,"13","BCG_treated","week44","IGRApos_BCG_44wk_vs_IGRAneg_BCG_44wk"
"ACTR6",0.21242308025689,-0.523108512745486,0.143,0.162,1,"13","BCG_treated","week44","IGRApos_BCG_44wk_vs_IGRAneg_BCG_44wk"
"ZNF184",0.212450480119065,0.801177634490524,0.114,0.046,1,"13","BCG_treated","week44","IGRApos_BCG_44wk_vs_IGRAneg_BCG_44wk"
"CENPP",0.212515843646178,0.297897987828635,0.357,0.26,1,"13","BCG_treated","week44","IGRApos_BCG_44wk_vs_IGRAneg_BCG_44wk"
"TPMT",0.212982582787103,-0.396874128342038,0.138,0.168,1,"13","BCG_treated","week44","IGRApos_BCG_44wk_vs_IGRAneg_BCG_44wk"
"IGFBP4",0.212987813051762,0.724280860706835,0.198,0.121,1,"13","BCG_treated","week44","IGRApos_BCG_44wk_vs_IGRAneg_BCG_44wk"
"LINC00954",0.213071899707135,1.56678663033509,0.108,0.035,1,"13","BCG_treated","week44","IGRApos_BCG_44wk_vs_IGRAneg_BCG_44wk"
"LSM1",0.213223141786392,-0.8434346477683,0.103,0.133,1,"13","BCG_treated","week44","IGRApos_BCG_44wk_vs_IGRAneg_BCG_44wk"
"DPEP2",0.213299002572912,0.439699069444052,0.164,0.098,1,"13","BCG_treated","week44","IGRApos_BCG_44wk_vs_IGRAneg_BCG_44wk"
"AUP1",0.213407387077544,-0.555762756858866,0.183,0.208,1,"13","BCG_treated","week44","IGRApos_BCG_44wk_vs_IGRAneg_BCG_44wk"
"PTCD2",0.213498311747468,-0.611138240838587,0.085,0.11,1,"13","BCG_treated","week44","IGRApos_BCG_44wk_vs_IGRAneg_BCG_44wk"
"KLHL23",0.213532995549803,-0.438403983823049,0.151,0.173,1,"13","BCG_treated","week44","IGRApos_BCG_44wk_vs_IGRAneg_BCG_44wk"
"RIPK1",0.213535100705174,0.25355339406506,0.593,0.428,1,"13","BCG_treated","week44","IGRApos_BCG_44wk_vs_IGRAneg_BCG_44wk"
"BTN3A2",0.213590890299237,0.196427580617391,0.664,0.509,1,"13","BCG_treated","week44","IGRApos_BCG_44wk_vs_IGRAneg_BCG_44wk"
"GOLT1B",0.213669451250089,-0.335327778020617,0.201,0.202,1,"13","BCG_treated","week44","IGRApos_BCG_44wk_vs_IGRAneg_BCG_44wk"
"LDLRAP1",0.213795162185533,-0.405584326133886,0.111,0.139,1,"13","BCG_treated","week44","IGRApos_BCG_44wk_vs_IGRAneg_BCG_44wk"
"MBD4",0.21379549859398,-0.244683112959761,0.262,0.225,1,"13","BCG_treated","week44","IGRApos_BCG_44wk_vs_IGRAneg_BCG_44wk"
"SF1",0.213809034621009,-0.165834355432454,0.622,0.526,1,"13","BCG_treated","week44","IGRApos_BCG_44wk_vs_IGRAneg_BCG_44wk"
"TBCA",0.213907291048178,-0.205809878795238,0.497,0.445,1,"13","BCG_treated","week44","IGRApos_BCG_44wk_vs_IGRAneg_BCG_44wk"
"ZNF580",0.214134171574073,-0.384661423721009,0.119,0.087,1,"13","BCG_treated","week44","IGRApos_BCG_44wk_vs_IGRAneg_BCG_44wk"
"CDC42SE1",0.214236480360451,-0.194691028027387,0.759,0.694,1,"13","BCG_treated","week44","IGRApos_BCG_44wk_vs_IGRAneg_BCG_44wk"
"AEBP2",0.214273800858739,-0.283416802996366,0.714,0.671,1,"13","BCG_treated","week44","IGRApos_BCG_44wk_vs_IGRAneg_BCG_44wk"
"ARHGAP27",0.214505010268731,0.38320795607118,0.259,0.156,1,"13","BCG_treated","week44","IGRApos_BCG_44wk_vs_IGRAneg_BCG_44wk"
"ZNF780B",0.214646644561961,-0.155357971811108,0.421,0.353,1,"13","BCG_treated","week44","IGRApos_BCG_44wk_vs_IGRAneg_BCG_44wk"
"PYM1",0.214797940958511,-0.217411367296887,0.098,0.11,1,"13","BCG_treated","week44","IGRApos_BCG_44wk_vs_IGRAneg_BCG_44wk"
"RNASEH1",0.214824356330929,-0.242572557281553,0.143,0.11,1,"13","BCG_treated","week44","IGRApos_BCG_44wk_vs_IGRAneg_BCG_44wk"
"UBXN1",0.214843754832405,-0.338494489783857,0.183,0.168,1,"13","BCG_treated","week44","IGRApos_BCG_44wk_vs_IGRAneg_BCG_44wk"
"MPHOSPH6",0.215069120944642,-0.298570808718498,0.175,0.185,1,"13","BCG_treated","week44","IGRApos_BCG_44wk_vs_IGRAneg_BCG_44wk"
"CHUK",0.21514501731264,0.168393258715206,0.217,0.139,1,"13","BCG_treated","week44","IGRApos_BCG_44wk_vs_IGRAneg_BCG_44wk"
"HS6ST1",0.215197546746945,0.481843589891655,0.108,0.052,1,"13","BCG_treated","week44","IGRApos_BCG_44wk_vs_IGRAneg_BCG_44wk"
"SUSD6",0.215365293176307,0.106241267752875,0.667,0.613,1,"13","BCG_treated","week44","IGRApos_BCG_44wk_vs_IGRAneg_BCG_44wk"
"NDUFAF2",0.215443329491224,-0.439660248340323,0.265,0.266,1,"13","BCG_treated","week44","IGRApos_BCG_44wk_vs_IGRAneg_BCG_44wk"
"TEP1",0.215471959419435,0.294786724903002,0.36,0.237,1,"13","BCG_treated","week44","IGRApos_BCG_44wk_vs_IGRAneg_BCG_44wk"
"HENMT1",0.215694146395134,0.297526611678598,0.151,0.092,1,"13","BCG_treated","week44","IGRApos_BCG_44wk_vs_IGRAneg_BCG_44wk"
"RABIF",0.215765036321905,-0.498053261874369,0.114,0.145,1,"13","BCG_treated","week44","IGRApos_BCG_44wk_vs_IGRAneg_BCG_44wk"
"CSNK2B",0.215863423490878,-0.465498307127294,0.138,0.133,1,"13","BCG_treated","week44","IGRApos_BCG_44wk_vs_IGRAneg_BCG_44wk"
"TNRC6A",0.21612993287017,-0.177498619326757,0.77,0.717,1,"13","BCG_treated","week44","IGRApos_BCG_44wk_vs_IGRAneg_BCG_44wk"
"HBP1",0.216317195839796,0.239758035855528,0.405,0.266,1,"13","BCG_treated","week44","IGRApos_BCG_44wk_vs_IGRAneg_BCG_44wk"
"NSL1",0.216998691297205,-0.165485521763328,0.257,0.237,1,"13","BCG_treated","week44","IGRApos_BCG_44wk_vs_IGRAneg_BCG_44wk"
"STX16",0.217093641268286,0.195030019272278,0.487,0.451,1,"13","BCG_treated","week44","IGRApos_BCG_44wk_vs_IGRAneg_BCG_44wk"
"STXBP3",0.217112771933278,0.418097641481123,0.532,0.341,1,"13","BCG_treated","week44","IGRApos_BCG_44wk_vs_IGRAneg_BCG_44wk"
"WDR59",0.217151174847106,0.106651993312733,0.497,0.37,1,"13","BCG_treated","week44","IGRApos_BCG_44wk_vs_IGRAneg_BCG_44wk"
"CNNM4",0.217156615110132,-0.194831612722529,0.106,0.069,1,"13","BCG_treated","week44","IGRApos_BCG_44wk_vs_IGRAneg_BCG_44wk"
"PNPLA6",0.217218748834468,-0.368445541091892,0.233,0.208,1,"13","BCG_treated","week44","IGRApos_BCG_44wk_vs_IGRAneg_BCG_44wk"
"ICAM2",0.217306265662395,-0.358020178321366,0.108,0.075,1,"13","BCG_treated","week44","IGRApos_BCG_44wk_vs_IGRAneg_BCG_44wk"
"CALM3",0.217351373046682,-0.417737679100089,0.19,0.191,1,"13","BCG_treated","week44","IGRApos_BCG_44wk_vs_IGRAneg_BCG_44wk"
"TSNARE1",0.217380565728835,-0.158714767062863,0.333,0.266,1,"13","BCG_treated","week44","IGRApos_BCG_44wk_vs_IGRAneg_BCG_44wk"
"TVP23C",0.217446837243121,-0.196868195784648,0.561,0.503,1,"13","BCG_treated","week44","IGRApos_BCG_44wk_vs_IGRAneg_BCG_44wk"
"GUSBP1",0.217482875435855,0.214384949139639,0.243,0.156,1,"13","BCG_treated","week44","IGRApos_BCG_44wk_vs_IGRAneg_BCG_44wk"
"HISLA",0.217516132942025,0.433786102105527,0.354,0.249,1,"13","BCG_treated","week44","IGRApos_BCG_44wk_vs_IGRAneg_BCG_44wk"
"UCK2",0.21751965821864,-0.354607725343812,0.193,0.202,1,"13","BCG_treated","week44","IGRApos_BCG_44wk_vs_IGRAneg_BCG_44wk"
"TSR2",0.217594090695742,0.153561222334147,0.135,0.087,1,"13","BCG_treated","week44","IGRApos_BCG_44wk_vs_IGRAneg_BCG_44wk"
"GNB5",0.217617956709242,0.609056066217133,0.246,0.15,1,"13","BCG_treated","week44","IGRApos_BCG_44wk_vs_IGRAneg_BCG_44wk"
"ZNF329",0.217901365661309,0.271380336055756,0.116,0.064,1,"13","BCG_treated","week44","IGRApos_BCG_44wk_vs_IGRAneg_BCG_44wk"
"HERC2P2",0.218118103809931,0.786416060540452,0.164,0.075,1,"13","BCG_treated","week44","IGRApos_BCG_44wk_vs_IGRAneg_BCG_44wk"
"HSD17B7",0.218153003990014,-0.767380085776926,0.095,0.116,1,"13","BCG_treated","week44","IGRApos_BCG_44wk_vs_IGRAneg_BCG_44wk"
"SRI",0.218471620924926,-0.307681536178708,0.156,0.127,1,"13","BCG_treated","week44","IGRApos_BCG_44wk_vs_IGRAneg_BCG_44wk"
"NDFIP1",0.218783379487766,0.220652190809311,0.331,0.225,1,"13","BCG_treated","week44","IGRApos_BCG_44wk_vs_IGRAneg_BCG_44wk"
"UFM1",0.218922058552828,-0.196068266104731,0.228,0.197,1,"13","BCG_treated","week44","IGRApos_BCG_44wk_vs_IGRAneg_BCG_44wk"
"USPL1",0.219069018636952,-0.104165024016317,0.352,0.272,1,"13","BCG_treated","week44","IGRApos_BCG_44wk_vs_IGRAneg_BCG_44wk"
"DNAAF9",0.219163735640796,-0.855045290071195,0.13,0.162,1,"13","BCG_treated","week44","IGRApos_BCG_44wk_vs_IGRAneg_BCG_44wk"
"DYNC2I1",0.219510656562955,-0.486695708264469,0.325,0.301,1,"13","BCG_treated","week44","IGRApos_BCG_44wk_vs_IGRAneg_BCG_44wk"
"IER5",0.219984444159728,-0.376912583454968,0.196,0.168,1,"13","BCG_treated","week44","IGRApos_BCG_44wk_vs_IGRAneg_BCG_44wk"
"CNTROB",0.219987012804126,-0.262565459439815,0.146,0.11,1,"13","BCG_treated","week44","IGRApos_BCG_44wk_vs_IGRAneg_BCG_44wk"
"SFMBT1",0.220037841336416,0.305782690202226,0.603,0.439,1,"13","BCG_treated","week44","IGRApos_BCG_44wk_vs_IGRAneg_BCG_44wk"
"COX10-DT",0.220061489825975,-0.356527913782083,0.206,0.214,1,"13","BCG_treated","week44","IGRApos_BCG_44wk_vs_IGRAneg_BCG_44wk"
"SMYD2",0.22012487914832,-0.237926040147061,0.214,0.179,1,"13","BCG_treated","week44","IGRApos_BCG_44wk_vs_IGRAneg_BCG_44wk"
"ENSG00000237188",0.220175570561247,-0.90867411939019,0.077,0.104,1,"13","BCG_treated","week44","IGRApos_BCG_44wk_vs_IGRAneg_BCG_44wk"
"PSMA1",0.220195499456385,0.147900835093874,0.722,0.543,1,"13","BCG_treated","week44","IGRApos_BCG_44wk_vs_IGRAneg_BCG_44wk"
"STX12",0.220279622284898,-0.308827477230667,0.31,0.289,1,"13","BCG_treated","week44","IGRApos_BCG_44wk_vs_IGRAneg_BCG_44wk"
"SORL1-AS1",0.220361846680091,-0.83862618037044,0.108,0.116,1,"13","BCG_treated","week44","IGRApos_BCG_44wk_vs_IGRAneg_BCG_44wk"
"KIAA1328",0.220387547458097,-0.613305815378911,0.368,0.353,1,"13","BCG_treated","week44","IGRApos_BCG_44wk_vs_IGRAneg_BCG_44wk"
"DDX27",0.220396290255434,0.265692182585923,0.423,0.283,1,"13","BCG_treated","week44","IGRApos_BCG_44wk_vs_IGRAneg_BCG_44wk"
"RNF217",0.220583690868528,0.538137001333947,0.103,0.052,1,"13","BCG_treated","week44","IGRApos_BCG_44wk_vs_IGRAneg_BCG_44wk"
"SPRED2",0.220652770371576,-0.524019174764556,0.135,0.15,1,"13","BCG_treated","week44","IGRApos_BCG_44wk_vs_IGRAneg_BCG_44wk"
"MRPS30",0.220680916971427,-0.520296271259301,0.119,0.121,1,"13","BCG_treated","week44","IGRApos_BCG_44wk_vs_IGRAneg_BCG_44wk"
"CRY1",0.220926227002113,-0.250769650432416,0.238,0.179,1,"13","BCG_treated","week44","IGRApos_BCG_44wk_vs_IGRAneg_BCG_44wk"
"ZNF615",0.221085616207556,-0.282335758260807,0.095,0.116,1,"13","BCG_treated","week44","IGRApos_BCG_44wk_vs_IGRAneg_BCG_44wk"
"H3-3A",0.221277533552884,0.180035742044622,0.294,0.197,1,"13","BCG_treated","week44","IGRApos_BCG_44wk_vs_IGRAneg_BCG_44wk"
"MAGI3",0.221400132630097,-0.206485882898699,0.09,0.104,1,"13","BCG_treated","week44","IGRApos_BCG_44wk_vs_IGRAneg_BCG_44wk"
"ENSG00000266086",0.22142815700436,0.54226426892696,0.228,0.121,1,"13","BCG_treated","week44","IGRApos_BCG_44wk_vs_IGRAneg_BCG_44wk"
"STAT2",0.221755314388364,0.322665946525856,0.513,0.353,1,"13","BCG_treated","week44","IGRApos_BCG_44wk_vs_IGRAneg_BCG_44wk"
"GALNT1",0.221769178077008,-0.268023411815809,0.561,0.52,1,"13","BCG_treated","week44","IGRApos_BCG_44wk_vs_IGRAneg_BCG_44wk"
"PHKB",0.221798997992298,-0.162274717876589,0.608,0.543,1,"13","BCG_treated","week44","IGRApos_BCG_44wk_vs_IGRAneg_BCG_44wk"
"SLC25A40",0.22181684055804,-0.370580368712241,0.267,0.249,1,"13","BCG_treated","week44","IGRApos_BCG_44wk_vs_IGRAneg_BCG_44wk"
"RAB38",0.222109251320271,0.745039677287482,0.167,0.116,1,"13","BCG_treated","week44","IGRApos_BCG_44wk_vs_IGRAneg_BCG_44wk"
"UQCC2",0.222220282377326,0.399967629640689,0.172,0.087,1,"13","BCG_treated","week44","IGRApos_BCG_44wk_vs_IGRAneg_BCG_44wk"
"IL11RA",0.222283488715832,-0.498522847518317,0.108,0.104,1,"13","BCG_treated","week44","IGRApos_BCG_44wk_vs_IGRAneg_BCG_44wk"
"ERMARD",0.222465708294144,0.262425153601654,0.201,0.127,1,"13","BCG_treated","week44","IGRApos_BCG_44wk_vs_IGRAneg_BCG_44wk"
"ABHD13",0.22249461350628,0.486531032070044,0.209,0.121,1,"13","BCG_treated","week44","IGRApos_BCG_44wk_vs_IGRAneg_BCG_44wk"
"ARF4",0.222619212638042,0.34224303330216,0.206,0.11,1,"13","BCG_treated","week44","IGRApos_BCG_44wk_vs_IGRAneg_BCG_44wk"
"SNAP29",0.222741782176377,-0.597519865043086,0.238,0.272,1,"13","BCG_treated","week44","IGRApos_BCG_44wk_vs_IGRAneg_BCG_44wk"
"USP19",0.22298104005481,0.512599413416021,0.198,0.11,1,"13","BCG_treated","week44","IGRApos_BCG_44wk_vs_IGRAneg_BCG_44wk"
"GTF2A1",0.223217967745954,0.187087578475126,0.336,0.231,1,"13","BCG_treated","week44","IGRApos_BCG_44wk_vs_IGRAneg_BCG_44wk"
"GDI1",0.22327215858022,-0.103413495785053,0.31,0.243,1,"13","BCG_treated","week44","IGRApos_BCG_44wk_vs_IGRAneg_BCG_44wk"
"ZNF490",0.223341612212125,-0.686698188756272,0.188,0.191,1,"13","BCG_treated","week44","IGRApos_BCG_44wk_vs_IGRAneg_BCG_44wk"
"BTF3L4",0.223402937992204,-0.251955194789685,0.177,0.168,1,"13","BCG_treated","week44","IGRApos_BCG_44wk_vs_IGRAneg_BCG_44wk"
"SPIDR",0.223412976740671,-0.141203058140811,0.886,0.838,1,"13","BCG_treated","week44","IGRApos_BCG_44wk_vs_IGRAneg_BCG_44wk"
"HSPH1",0.22360909050519,-0.2298982212555,0.254,0.208,1,"13","BCG_treated","week44","IGRApos_BCG_44wk_vs_IGRAneg_BCG_44wk"
"STAG3L4.1",0.223707200185221,-0.333990423358291,0.222,0.202,1,"13","BCG_treated","week44","IGRApos_BCG_44wk_vs_IGRAneg_BCG_44wk"
"SASS6",0.223772577609696,-0.321805565898375,0.153,0.139,1,"13","BCG_treated","week44","IGRApos_BCG_44wk_vs_IGRAneg_BCG_44wk"
"RBBP5",0.223833673305006,0.250301348695449,0.262,0.168,1,"13","BCG_treated","week44","IGRApos_BCG_44wk_vs_IGRAneg_BCG_44wk"
"RNF34",0.223907316377112,0.247647973686287,0.354,0.243,1,"13","BCG_treated","week44","IGRApos_BCG_44wk_vs_IGRAneg_BCG_44wk"
"YES1",0.224342065614549,-0.260556737932492,0.407,0.37,1,"13","BCG_treated","week44","IGRApos_BCG_44wk_vs_IGRAneg_BCG_44wk"
"ATG9A",0.224614412319754,0.10447304702786,0.135,0.092,1,"13","BCG_treated","week44","IGRApos_BCG_44wk_vs_IGRAneg_BCG_44wk"
"LEMD3",0.225083100549781,0.265068356407246,0.585,0.428,1,"13","BCG_treated","week44","IGRApos_BCG_44wk_vs_IGRAneg_BCG_44wk"
"PTPRE",0.225102370862729,-0.186304188873073,0.418,0.353,1,"13","BCG_treated","week44","IGRApos_BCG_44wk_vs_IGRAneg_BCG_44wk"
"ITPKB",0.225131711450395,0.222549191385048,0.497,0.393,1,"13","BCG_treated","week44","IGRApos_BCG_44wk_vs_IGRAneg_BCG_44wk"
"ZNF142",0.225250956049193,0.262010199841847,0.278,0.179,1,"13","BCG_treated","week44","IGRApos_BCG_44wk_vs_IGRAneg_BCG_44wk"
"TSPAN33",0.225323869698245,0.653079734371622,0.124,0.064,1,"13","BCG_treated","week44","IGRApos_BCG_44wk_vs_IGRAneg_BCG_44wk"
"RPS7",0.225410145112084,-0.414075019150206,0.204,0.197,1,"13","BCG_treated","week44","IGRApos_BCG_44wk_vs_IGRAneg_BCG_44wk"
"UGDH",0.225489706321155,-0.242399927421084,0.201,0.162,1,"13","BCG_treated","week44","IGRApos_BCG_44wk_vs_IGRAneg_BCG_44wk"
"CMTR1",0.225497040542923,0.612749666861877,0.357,0.214,1,"13","BCG_treated","week44","IGRApos_BCG_44wk_vs_IGRAneg_BCG_44wk"
"BCL6",0.225561895740608,0.440373371209262,0.553,0.451,1,"13","BCG_treated","week44","IGRApos_BCG_44wk_vs_IGRAneg_BCG_44wk"
"TCP11L2",0.225602766405138,-0.202659186876031,0.347,0.289,1,"13","BCG_treated","week44","IGRApos_BCG_44wk_vs_IGRAneg_BCG_44wk"
"STAMBP",0.225638359992384,0.160782708806818,0.368,0.26,1,"13","BCG_treated","week44","IGRApos_BCG_44wk_vs_IGRAneg_BCG_44wk"
"RBKS",0.225658885052887,0.720695912320191,0.167,0.087,1,"13","BCG_treated","week44","IGRApos_BCG_44wk_vs_IGRAneg_BCG_44wk"
"KLRF1",0.2258252489288,0.210306452578958,0.556,0.422,1,"13","BCG_treated","week44","IGRApos_BCG_44wk_vs_IGRAneg_BCG_44wk"
"NEDD4L",0.225872668670698,-0.551859346770462,0.212,0.231,1,"13","BCG_treated","week44","IGRApos_BCG_44wk_vs_IGRAneg_BCG_44wk"
"RAD18",0.226302651246969,-0.323736715774084,0.206,0.214,1,"13","BCG_treated","week44","IGRApos_BCG_44wk_vs_IGRAneg_BCG_44wk"
"RILPL1",0.226306447618758,-0.49403971917749,0.124,0.133,1,"13","BCG_treated","week44","IGRApos_BCG_44wk_vs_IGRAneg_BCG_44wk"
"PPP1R3E",0.2263163956167,0.132272709781672,0.175,0.11,1,"13","BCG_treated","week44","IGRApos_BCG_44wk_vs_IGRAneg_BCG_44wk"
"PTPN18",0.226364204927776,-0.364760488988042,0.201,0.22,1,"13","BCG_treated","week44","IGRApos_BCG_44wk_vs_IGRAneg_BCG_44wk"
"ARMH4",0.22638257250249,-0.210355789758271,0.783,0.711,1,"13","BCG_treated","week44","IGRApos_BCG_44wk_vs_IGRAneg_BCG_44wk"
"GPR89B",0.226428650642919,-0.277785295605312,0.18,0.191,1,"13","BCG_treated","week44","IGRApos_BCG_44wk_vs_IGRAneg_BCG_44wk"
"SATB1",0.226462622391578,0.191731658925281,0.701,0.538,1,"13","BCG_treated","week44","IGRApos_BCG_44wk_vs_IGRAneg_BCG_44wk"
"RALA",0.22651596900351,0.17181151055339,0.698,0.613,1,"13","BCG_treated","week44","IGRApos_BCG_44wk_vs_IGRAneg_BCG_44wk"
"TNFAIP1",0.226628341094839,0.54561731694454,0.124,0.064,1,"13","BCG_treated","week44","IGRApos_BCG_44wk_vs_IGRAneg_BCG_44wk"
"CEP57L1",0.226730185153927,-0.471020423905763,0.119,0.104,1,"13","BCG_treated","week44","IGRApos_BCG_44wk_vs_IGRAneg_BCG_44wk"
"ENSG00000290928",0.226749583977119,-0.293363076341526,0.357,0.318,1,"13","BCG_treated","week44","IGRApos_BCG_44wk_vs_IGRAneg_BCG_44wk"
"GANAB",0.226763480127897,0.166444119843812,0.474,0.329,1,"13","BCG_treated","week44","IGRApos_BCG_44wk_vs_IGRAneg_BCG_44wk"
"TRIP11",0.22684288310024,-0.196361987178025,0.569,0.526,1,"13","BCG_treated","week44","IGRApos_BCG_44wk_vs_IGRAneg_BCG_44wk"
"HSD17B4",0.226972772953113,-0.24688370249814,0.28,0.283,1,"13","BCG_treated","week44","IGRApos_BCG_44wk_vs_IGRAneg_BCG_44wk"
"GXYLT1",0.227676404163463,0.419983492617781,0.28,0.162,1,"13","BCG_treated","week44","IGRApos_BCG_44wk_vs_IGRAneg_BCG_44wk"
"BCLAF1",0.227801348619799,-0.103398223929094,0.765,0.717,1,"13","BCG_treated","week44","IGRApos_BCG_44wk_vs_IGRAneg_BCG_44wk"
"ZNF830",0.227911204109087,0.762267850696568,0.13,0.064,1,"13","BCG_treated","week44","IGRApos_BCG_44wk_vs_IGRAneg_BCG_44wk"
"OLA1",0.227975057442811,-0.160032794869223,0.606,0.561,1,"13","BCG_treated","week44","IGRApos_BCG_44wk_vs_IGRAneg_BCG_44wk"
"GMEB2",0.22814367243955,-0.673745787190403,0.124,0.133,1,"13","BCG_treated","week44","IGRApos_BCG_44wk_vs_IGRAneg_BCG_44wk"
"ZCCHC10",0.22814621831708,-0.51766597959674,0.18,0.202,1,"13","BCG_treated","week44","IGRApos_BCG_44wk_vs_IGRAneg_BCG_44wk"
"SVIL-AS1.1",0.228780377094111,0.60067195676873,0.31,0.202,1,"13","BCG_treated","week44","IGRApos_BCG_44wk_vs_IGRAneg_BCG_44wk"
"PRCD",0.228790272199197,0.574691962109972,0.119,0.058,1,"13","BCG_treated","week44","IGRApos_BCG_44wk_vs_IGRAneg_BCG_44wk"
"MIGA1",0.229198137641471,-0.237008924634535,0.434,0.428,1,"13","BCG_treated","week44","IGRApos_BCG_44wk_vs_IGRAneg_BCG_44wk"
"TMED5",0.229296946204836,-0.351518641360682,0.339,0.329,1,"13","BCG_treated","week44","IGRApos_BCG_44wk_vs_IGRAneg_BCG_44wk"
"CD47",0.229466565028251,0.397331185312487,0.64,0.474,1,"13","BCG_treated","week44","IGRApos_BCG_44wk_vs_IGRAneg_BCG_44wk"
"BTN3A1",0.229634868326945,0.276677127528911,0.704,0.555,1,"13","BCG_treated","week44","IGRApos_BCG_44wk_vs_IGRAneg_BCG_44wk"
"FBXO41",0.22968079254059,0.849862408493398,0.111,0.064,1,"13","BCG_treated","week44","IGRApos_BCG_44wk_vs_IGRAneg_BCG_44wk"
"SLC22A15",0.230004417711103,-0.30477223224215,0.299,0.26,1,"13","BCG_treated","week44","IGRApos_BCG_44wk_vs_IGRAneg_BCG_44wk"
"ZNF598",0.230103668141265,-0.417373881859912,0.13,0.104,1,"13","BCG_treated","week44","IGRApos_BCG_44wk_vs_IGRAneg_BCG_44wk"
"TRAF2",0.230427201495064,-0.464608962539517,0.365,0.324,1,"13","BCG_treated","week44","IGRApos_BCG_44wk_vs_IGRAneg_BCG_44wk"
"DBT",0.23045729148123,-0.457246831293832,0.172,0.179,1,"13","BCG_treated","week44","IGRApos_BCG_44wk_vs_IGRAneg_BCG_44wk"
"SNHG14",0.230523721335584,0.793996700940271,0.317,0.214,1,"13","BCG_treated","week44","IGRApos_BCG_44wk_vs_IGRAneg_BCG_44wk"
"CHD6",0.23066134820776,-0.140756868925658,0.757,0.734,1,"13","BCG_treated","week44","IGRApos_BCG_44wk_vs_IGRAneg_BCG_44wk"
"ENSG00000225218",0.230695848874794,-0.802521001518041,0.119,0.145,1,"13","BCG_treated","week44","IGRApos_BCG_44wk_vs_IGRAneg_BCG_44wk"
"GDF11",0.23077094757855,-0.494400858837524,0.103,0.127,1,"13","BCG_treated","week44","IGRApos_BCG_44wk_vs_IGRAneg_BCG_44wk"
"PDPR2P",0.230919909254515,1.10439992957424,0.116,0.052,1,"13","BCG_treated","week44","IGRApos_BCG_44wk_vs_IGRAneg_BCG_44wk"
"PDHA1",0.231423758559828,-0.332443028639724,0.198,0.15,1,"13","BCG_treated","week44","IGRApos_BCG_44wk_vs_IGRAneg_BCG_44wk"
"PCNX3",0.23146703318024,0.738808782215893,0.257,0.15,1,"13","BCG_treated","week44","IGRApos_BCG_44wk_vs_IGRAneg_BCG_44wk"
"ZNF585A",0.231737807399768,-0.30226011283656,0.106,0.058,1,"13","BCG_treated","week44","IGRApos_BCG_44wk_vs_IGRAneg_BCG_44wk"
"GPATCH11",0.232242915214956,-0.714738133889011,0.116,0.145,1,"13","BCG_treated","week44","IGRApos_BCG_44wk_vs_IGRAneg_BCG_44wk"
"DNAJC25",0.232317464093367,-0.34475975902352,0.122,0.092,1,"13","BCG_treated","week44","IGRApos_BCG_44wk_vs_IGRAneg_BCG_44wk"
"SNX30",0.232419901728426,0.116938101444954,0.159,0.098,1,"13","BCG_treated","week44","IGRApos_BCG_44wk_vs_IGRAneg_BCG_44wk"
"DCTN6",0.232631725306837,0.154375405490452,0.108,0.069,1,"13","BCG_treated","week44","IGRApos_BCG_44wk_vs_IGRAneg_BCG_44wk"
"COG2",0.232947001557495,0.184878159402418,0.243,0.145,1,"13","BCG_treated","week44","IGRApos_BCG_44wk_vs_IGRAneg_BCG_44wk"
"COQ10B",0.232996446826128,0.352655786966029,0.262,0.168,1,"13","BCG_treated","week44","IGRApos_BCG_44wk_vs_IGRAneg_BCG_44wk"
"MTERF1",0.233074482662044,-0.67572137555531,0.222,0.231,1,"13","BCG_treated","week44","IGRApos_BCG_44wk_vs_IGRAneg_BCG_44wk"
"RBX1",0.233132807635594,-0.295494024509433,0.238,0.214,1,"13","BCG_treated","week44","IGRApos_BCG_44wk_vs_IGRAneg_BCG_44wk"
"RNF7",0.233150598110666,-0.584462942221065,0.122,0.156,1,"13","BCG_treated","week44","IGRApos_BCG_44wk_vs_IGRAneg_BCG_44wk"
"COX7A2",0.233197465944003,-0.322231468384016,0.111,0.127,1,"13","BCG_treated","week44","IGRApos_BCG_44wk_vs_IGRAneg_BCG_44wk"
"AHDC1",0.23319867169197,-0.344454137119349,0.513,0.526,1,"13","BCG_treated","week44","IGRApos_BCG_44wk_vs_IGRAneg_BCG_44wk"
"CNKSR2",0.233203117372933,-0.416526597777501,0.103,0.121,1,"13","BCG_treated","week44","IGRApos_BCG_44wk_vs_IGRAneg_BCG_44wk"
"MIR23AHG",0.233402571020967,0.548392204621208,0.222,0.133,1,"13","BCG_treated","week44","IGRApos_BCG_44wk_vs_IGRAneg_BCG_44wk"
"EEF1AKMT1",0.233413375972924,0.229092111856564,0.116,0.064,1,"13","BCG_treated","week44","IGRApos_BCG_44wk_vs_IGRAneg_BCG_44wk"
"JPT2",0.233425587706826,-0.384005806855912,0.214,0.197,1,"13","BCG_treated","week44","IGRApos_BCG_44wk_vs_IGRAneg_BCG_44wk"
"TRDC",0.233431645764327,0.242857848740812,0.489,0.422,1,"13","BCG_treated","week44","IGRApos_BCG_44wk_vs_IGRAneg_BCG_44wk"
"ZNF236",0.233580909724441,0.216452155180025,0.526,0.364,1,"13","BCG_treated","week44","IGRApos_BCG_44wk_vs_IGRAneg_BCG_44wk"
"AKT2",0.233773033897798,0.549873748775045,0.41,0.249,1,"13","BCG_treated","week44","IGRApos_BCG_44wk_vs_IGRAneg_BCG_44wk"
"CPEB2",0.233853362315528,-0.201560484574517,0.225,0.191,1,"13","BCG_treated","week44","IGRApos_BCG_44wk_vs_IGRAneg_BCG_44wk"
"ENSG00000285582",0.234036319083836,-0.626554260137598,0.423,0.457,1,"13","BCG_treated","week44","IGRApos_BCG_44wk_vs_IGRAneg_BCG_44wk"
"HINT3",0.234089322555534,-0.47243033106659,0.164,0.162,1,"13","BCG_treated","week44","IGRApos_BCG_44wk_vs_IGRAneg_BCG_44wk"
"PPM1D",0.23425441960909,-0.301338501022387,0.246,0.22,1,"13","BCG_treated","week44","IGRApos_BCG_44wk_vs_IGRAneg_BCG_44wk"
"SOD2",0.234280551601436,0.375132472130068,0.333,0.225,1,"13","BCG_treated","week44","IGRApos_BCG_44wk_vs_IGRAneg_BCG_44wk"
"DIP2A",0.234499461639039,0.358350079263792,0.706,0.538,1,"13","BCG_treated","week44","IGRApos_BCG_44wk_vs_IGRAneg_BCG_44wk"
"SNX4",0.234529821511528,-0.185128196255656,0.429,0.399,1,"13","BCG_treated","week44","IGRApos_BCG_44wk_vs_IGRAneg_BCG_44wk"
"FAM136A",0.234713463543798,-0.419916617111106,0.127,0.11,1,"13","BCG_treated","week44","IGRApos_BCG_44wk_vs_IGRAneg_BCG_44wk"
"SDF2",0.234808880157981,-0.495052252005556,0.114,0.098,1,"13","BCG_treated","week44","IGRApos_BCG_44wk_vs_IGRAneg_BCG_44wk"
"SGO1-AS1",0.234880175049937,1.03069143091845,0.206,0.121,1,"13","BCG_treated","week44","IGRApos_BCG_44wk_vs_IGRAneg_BCG_44wk"
"ZNF862",0.234987181313436,0.652021631790199,0.172,0.098,1,"13","BCG_treated","week44","IGRApos_BCG_44wk_vs_IGRAneg_BCG_44wk"
"WSB2",0.235042809288905,0.550043567499192,0.122,0.064,1,"13","BCG_treated","week44","IGRApos_BCG_44wk_vs_IGRAneg_BCG_44wk"
"NUP42",0.235042984593347,-0.263483170136572,0.341,0.301,1,"13","BCG_treated","week44","IGRApos_BCG_44wk_vs_IGRAneg_BCG_44wk"
"MIS12",0.235152238492083,-0.64105887051903,0.101,0.116,1,"13","BCG_treated","week44","IGRApos_BCG_44wk_vs_IGRAneg_BCG_44wk"
"NLRC3",0.235222913211743,-0.213011860446113,0.69,0.682,1,"13","BCG_treated","week44","IGRApos_BCG_44wk_vs_IGRAneg_BCG_44wk"
"ARHGEF3",0.235272287849931,-0.337722379919954,0.402,0.347,1,"13","BCG_treated","week44","IGRApos_BCG_44wk_vs_IGRAneg_BCG_44wk"
"SC5D",0.23531007913989,-0.556173547237252,0.119,0.121,1,"13","BCG_treated","week44","IGRApos_BCG_44wk_vs_IGRAneg_BCG_44wk"
"ATPSCKMT",0.235845822254241,-0.458075757775691,0.101,0.092,1,"13","BCG_treated","week44","IGRApos_BCG_44wk_vs_IGRAneg_BCG_44wk"
"SP110",0.2360342183305,0.110883465229443,0.751,0.676,1,"13","BCG_treated","week44","IGRApos_BCG_44wk_vs_IGRAneg_BCG_44wk"
"ZNF264",0.236051336540205,0.108148023574578,0.323,0.225,1,"13","BCG_treated","week44","IGRApos_BCG_44wk_vs_IGRAneg_BCG_44wk"
"NXF1",0.236065959051201,0.198390575924561,0.389,0.266,1,"13","BCG_treated","week44","IGRApos_BCG_44wk_vs_IGRAneg_BCG_44wk"
"ZNF195",0.236074659831647,-0.319289273065117,0.28,0.295,1,"13","BCG_treated","week44","IGRApos_BCG_44wk_vs_IGRAneg_BCG_44wk"
"C1QTNF6",0.23619766604564,0.638135234838608,0.185,0.104,1,"13","BCG_treated","week44","IGRApos_BCG_44wk_vs_IGRAneg_BCG_44wk"
"ZNF44",0.236227055511093,-0.244154877002861,0.323,0.301,1,"13","BCG_treated","week44","IGRApos_BCG_44wk_vs_IGRAneg_BCG_44wk"
"MRPL44",0.236354465473986,-0.248536102678638,0.114,0.075,1,"13","BCG_treated","week44","IGRApos_BCG_44wk_vs_IGRAneg_BCG_44wk"
"THOC3",0.236429278323512,-0.450729554210364,0.146,0.156,1,"13","BCG_treated","week44","IGRApos_BCG_44wk_vs_IGRAneg_BCG_44wk"
"MCU",0.236970497811905,-0.16068540792333,0.333,0.283,1,"13","BCG_treated","week44","IGRApos_BCG_44wk_vs_IGRAneg_BCG_44wk"
"APOO",0.237109981794151,-0.561849526062174,0.103,0.11,1,"13","BCG_treated","week44","IGRApos_BCG_44wk_vs_IGRAneg_BCG_44wk"
"ENSG00000263917",0.237546267760564,-0.7790039239744,0.122,0.162,1,"13","BCG_treated","week44","IGRApos_BCG_44wk_vs_IGRAneg_BCG_44wk"
"ZCWPW1",0.23768005440443,0.619875085045386,0.124,0.064,1,"13","BCG_treated","week44","IGRApos_BCG_44wk_vs_IGRAneg_BCG_44wk"
"IFT80",0.237851999699452,-0.258203109243558,0.37,0.318,1,"13","BCG_treated","week44","IGRApos_BCG_44wk_vs_IGRAneg_BCG_44wk"
"HPRT1",0.238094750020247,-0.252480055114626,0.222,0.173,1,"13","BCG_treated","week44","IGRApos_BCG_44wk_vs_IGRAneg_BCG_44wk"
"TMEM14B",0.23816067703309,-0.23057547416952,0.386,0.335,1,"13","BCG_treated","week44","IGRApos_BCG_44wk_vs_IGRAneg_BCG_44wk"
"TOPORS",0.238470453092688,-0.168377073445108,0.156,0.121,1,"13","BCG_treated","week44","IGRApos_BCG_44wk_vs_IGRAneg_BCG_44wk"
"PTTG1IP",0.238506459211916,0.106839226230157,0.526,0.376,1,"13","BCG_treated","week44","IGRApos_BCG_44wk_vs_IGRAneg_BCG_44wk"
"MYO1F",0.238514039475968,0.130796030397528,0.743,0.647,1,"13","BCG_treated","week44","IGRApos_BCG_44wk_vs_IGRAneg_BCG_44wk"
"CRTC3-AS1",0.238720751095939,0.119527416276185,0.106,0.058,1,"13","BCG_treated","week44","IGRApos_BCG_44wk_vs_IGRAneg_BCG_44wk"
"MTSS1",0.238856135570231,0.389894413018329,0.418,0.283,1,"13","BCG_treated","week44","IGRApos_BCG_44wk_vs_IGRAneg_BCG_44wk"
"LLGL1",0.239063213681502,0.464068456430695,0.103,0.046,1,"13","BCG_treated","week44","IGRApos_BCG_44wk_vs_IGRAneg_BCG_44wk"
"OTULIN",0.239081194351791,0.286255034800291,0.849,0.746,1,"13","BCG_treated","week44","IGRApos_BCG_44wk_vs_IGRAneg_BCG_44wk"
"PSMG4",0.239416961573438,0.616869382568404,0.238,0.15,1,"13","BCG_treated","week44","IGRApos_BCG_44wk_vs_IGRAneg_BCG_44wk"
"CABIN1",0.239534960038876,0.379761967516208,0.608,0.462,1,"13","BCG_treated","week44","IGRApos_BCG_44wk_vs_IGRAneg_BCG_44wk"
"TLK1",0.239643241314403,-0.167070061411144,0.741,0.717,1,"13","BCG_treated","week44","IGRApos_BCG_44wk_vs_IGRAneg_BCG_44wk"
"CROCCP3.1",0.239731629716852,0.338066413353383,0.19,0.116,1,"13","BCG_treated","week44","IGRApos_BCG_44wk_vs_IGRAneg_BCG_44wk"
"MBD6",0.239738312551153,-0.111256607370683,0.156,0.15,1,"13","BCG_treated","week44","IGRApos_BCG_44wk_vs_IGRAneg_BCG_44wk"
"ZNF438",0.239799618327753,0.426041022404824,0.241,0.156,1,"13","BCG_treated","week44","IGRApos_BCG_44wk_vs_IGRAneg_BCG_44wk"
"TTC9C",0.239863973736364,-0.17740845013764,0.204,0.156,1,"13","BCG_treated","week44","IGRApos_BCG_44wk_vs_IGRAneg_BCG_44wk"
"RINL",0.239906477938785,0.877017516931932,0.148,0.069,1,"13","BCG_treated","week44","IGRApos_BCG_44wk_vs_IGRAneg_BCG_44wk"
"HNRNPC",0.239946322570648,-0.12781956611189,0.907,0.861,1,"13","BCG_treated","week44","IGRApos_BCG_44wk_vs_IGRAneg_BCG_44wk"
"RBL2",0.239954544976185,-0.111159313597105,0.709,0.607,1,"13","BCG_treated","week44","IGRApos_BCG_44wk_vs_IGRAneg_BCG_44wk"
"CBLB",0.240230439694471,0.149706559941423,0.968,0.936,1,"13","BCG_treated","week44","IGRApos_BCG_44wk_vs_IGRAneg_BCG_44wk"
"HAVCR2",0.240299056525427,0.230781100050267,0.683,0.572,1,"13","BCG_treated","week44","IGRApos_BCG_44wk_vs_IGRAneg_BCG_44wk"
"CISD1",0.240362666377872,0.408666089102499,0.101,0.046,1,"13","BCG_treated","week44","IGRApos_BCG_44wk_vs_IGRAneg_BCG_44wk"
"TG",0.240510751036951,0.871562478164221,0.127,0.058,1,"13","BCG_treated","week44","IGRApos_BCG_44wk_vs_IGRAneg_BCG_44wk"
"MCEE",0.240525400126902,-0.543875206919366,0.14,0.145,1,"13","BCG_treated","week44","IGRApos_BCG_44wk_vs_IGRAneg_BCG_44wk"
"PELI2",0.240767810190007,-0.297054739188649,0.333,0.353,1,"13","BCG_treated","week44","IGRApos_BCG_44wk_vs_IGRAneg_BCG_44wk"
"ACTR3C",0.241784985074498,0.340154849580786,0.214,0.127,1,"13","BCG_treated","week44","IGRApos_BCG_44wk_vs_IGRAneg_BCG_44wk"
"SMC5",0.242011784649629,-0.183936221747835,0.746,0.665,1,"13","BCG_treated","week44","IGRApos_BCG_44wk_vs_IGRAneg_BCG_44wk"
"LYSMD2",0.242176332556121,-0.469635590985916,0.148,0.133,1,"13","BCG_treated","week44","IGRApos_BCG_44wk_vs_IGRAneg_BCG_44wk"
"OSBPL9",0.242276551045188,-0.174680794367836,0.54,0.491,1,"13","BCG_treated","week44","IGRApos_BCG_44wk_vs_IGRAneg_BCG_44wk"
"MRPL39",0.242436755590258,-0.438710143609036,0.114,0.087,1,"13","BCG_treated","week44","IGRApos_BCG_44wk_vs_IGRAneg_BCG_44wk"
"NUCB1",0.242608611135049,-0.154251927808016,0.204,0.156,1,"13","BCG_treated","week44","IGRApos_BCG_44wk_vs_IGRAneg_BCG_44wk"
"KRBOX4",0.242619862377242,0.403946226058223,0.167,0.092,1,"13","BCG_treated","week44","IGRApos_BCG_44wk_vs_IGRAneg_BCG_44wk"
"TRAPPC3",0.242650677069186,0.645466051794735,0.124,0.064,1,"13","BCG_treated","week44","IGRApos_BCG_44wk_vs_IGRAneg_BCG_44wk"
"VAV3",0.242671342433792,0.176134898801126,0.828,0.734,1,"13","BCG_treated","week44","IGRApos_BCG_44wk_vs_IGRAneg_BCG_44wk"
"SRPRA",0.242766034864607,0.250346670611586,0.344,0.231,1,"13","BCG_treated","week44","IGRApos_BCG_44wk_vs_IGRAneg_BCG_44wk"
"TRIM65",0.242767253570836,-0.517882493329361,0.114,0.116,1,"13","BCG_treated","week44","IGRApos_BCG_44wk_vs_IGRAneg_BCG_44wk"
"TMEM259",0.242769284271754,-0.249192739523057,0.259,0.237,1,"13","BCG_treated","week44","IGRApos_BCG_44wk_vs_IGRAneg_BCG_44wk"
"ITM2C",0.242866883772574,-0.162892403836527,0.175,0.173,1,"13","BCG_treated","week44","IGRApos_BCG_44wk_vs_IGRAneg_BCG_44wk"
"HEXB",0.242960996868726,0.631095611896396,0.151,0.081,1,"13","BCG_treated","week44","IGRApos_BCG_44wk_vs_IGRAneg_BCG_44wk"
"VPS16",0.243224603404361,-0.426858768847665,0.13,0.156,1,"13","BCG_treated","week44","IGRApos_BCG_44wk_vs_IGRAneg_BCG_44wk"
"PURA",0.243349809779803,-0.303121082306464,0.254,0.214,1,"13","BCG_treated","week44","IGRApos_BCG_44wk_vs_IGRAneg_BCG_44wk"
"TSPOAP1",0.243351403247701,-0.109374918016472,0.373,0.289,1,"13","BCG_treated","week44","IGRApos_BCG_44wk_vs_IGRAneg_BCG_44wk"
"HIPK3",0.243497266939764,0.142216375060461,0.569,0.422,1,"13","BCG_treated","week44","IGRApos_BCG_44wk_vs_IGRAneg_BCG_44wk"
"RPL7L1",0.243815956964879,-0.406563832971426,0.233,0.22,1,"13","BCG_treated","week44","IGRApos_BCG_44wk_vs_IGRAneg_BCG_44wk"
"CCT5",0.243889742463192,-0.143539338123186,0.27,0.249,1,"13","BCG_treated","week44","IGRApos_BCG_44wk_vs_IGRAneg_BCG_44wk"
"CHTF8",0.244075613970245,0.598483582181569,0.185,0.098,1,"13","BCG_treated","week44","IGRApos_BCG_44wk_vs_IGRAneg_BCG_44wk"
"TAFA2",0.244381709707239,-0.226715235760542,0.116,0.081,1,"13","BCG_treated","week44","IGRApos_BCG_44wk_vs_IGRAneg_BCG_44wk"
"ENSG00000285827",0.244495945073072,-0.115645609805906,0.365,0.301,1,"13","BCG_treated","week44","IGRApos_BCG_44wk_vs_IGRAneg_BCG_44wk"
"ATG7",0.244597999006518,-0.306592522444044,0.577,0.555,1,"13","BCG_treated","week44","IGRApos_BCG_44wk_vs_IGRAneg_BCG_44wk"
"HIF1AN",0.244607283977524,0.295966076304302,0.312,0.208,1,"13","BCG_treated","week44","IGRApos_BCG_44wk_vs_IGRAneg_BCG_44wk"
"PRR13",0.244620577794354,-0.380766498465988,0.18,0.191,1,"13","BCG_treated","week44","IGRApos_BCG_44wk_vs_IGRAneg_BCG_44wk"
"COPB2-DT",0.245058473016361,-0.478400072655446,0.14,0.162,1,"13","BCG_treated","week44","IGRApos_BCG_44wk_vs_IGRAneg_BCG_44wk"
"GTPBP8",0.24507002925638,-0.570310045803805,0.209,0.197,1,"13","BCG_treated","week44","IGRApos_BCG_44wk_vs_IGRAneg_BCG_44wk"
"ANAPC10",0.24534187628225,0.454094919868325,0.423,0.272,1,"13","BCG_treated","week44","IGRApos_BCG_44wk_vs_IGRAneg_BCG_44wk"
"PDK3",0.245370649566179,0.351129479621511,0.37,0.277,1,"13","BCG_treated","week44","IGRApos_BCG_44wk_vs_IGRAneg_BCG_44wk"
"CCDC92",0.245559297635643,-0.195431410249415,0.405,0.364,1,"13","BCG_treated","week44","IGRApos_BCG_44wk_vs_IGRAneg_BCG_44wk"
"GBP1",0.245609489452763,0.595258516390839,0.14,0.069,1,"13","BCG_treated","week44","IGRApos_BCG_44wk_vs_IGRAneg_BCG_44wk"
"POLN",0.245733564679906,-0.419963041643859,0.185,0.162,1,"13","BCG_treated","week44","IGRApos_BCG_44wk_vs_IGRAneg_BCG_44wk"
"ADH5",0.245896762822954,0.43269595431346,0.135,0.069,1,"13","BCG_treated","week44","IGRApos_BCG_44wk_vs_IGRAneg_BCG_44wk"
"RBM27",0.245905281447915,-0.28338670010341,0.553,0.514,1,"13","BCG_treated","week44","IGRApos_BCG_44wk_vs_IGRAneg_BCG_44wk"
"MED6",0.245912717159781,0.234215699631599,0.254,0.168,1,"13","BCG_treated","week44","IGRApos_BCG_44wk_vs_IGRAneg_BCG_44wk"
"PSEN2",0.245977841959989,0.324982476891452,0.302,0.202,1,"13","BCG_treated","week44","IGRApos_BCG_44wk_vs_IGRAneg_BCG_44wk"
"DNAJC11",0.246011203591839,0.510094725617597,0.421,0.26,1,"13","BCG_treated","week44","IGRApos_BCG_44wk_vs_IGRAneg_BCG_44wk"
"RAD23A",0.246164559453938,-0.375138664293347,0.22,0.22,1,"13","BCG_treated","week44","IGRApos_BCG_44wk_vs_IGRAneg_BCG_44wk"
"CDADC1",0.246505658599425,0.726539059540808,0.119,0.058,1,"13","BCG_treated","week44","IGRApos_BCG_44wk_vs_IGRAneg_BCG_44wk"
"PDIA6",0.246524132532931,-0.173434410253971,0.434,0.416,1,"13","BCG_treated","week44","IGRApos_BCG_44wk_vs_IGRAneg_BCG_44wk"
"TEX2",0.246792273707916,0.158675011026014,0.243,0.156,1,"13","BCG_treated","week44","IGRApos_BCG_44wk_vs_IGRAneg_BCG_44wk"
"CENPK",0.246814978486006,-0.250247708092043,0.156,0.15,1,"13","BCG_treated","week44","IGRApos_BCG_44wk_vs_IGRAneg_BCG_44wk"
"FCMR",0.246931517630293,-0.367414416650584,0.103,0.098,1,"13","BCG_treated","week44","IGRApos_BCG_44wk_vs_IGRAneg_BCG_44wk"
"ANAPC4",0.246967019916425,-0.217092483539931,0.36,0.324,1,"13","BCG_treated","week44","IGRApos_BCG_44wk_vs_IGRAneg_BCG_44wk"
"ENSG00000272822",0.24742773838158,-0.743891287200372,0.098,0.11,1,"13","BCG_treated","week44","IGRApos_BCG_44wk_vs_IGRAneg_BCG_44wk"
"IMPDH2",0.247573416790749,-0.597615984855216,0.111,0.127,1,"13","BCG_treated","week44","IGRApos_BCG_44wk_vs_IGRAneg_BCG_44wk"
"ENTPD1-AS1",0.247768167967793,0.669474206155398,0.394,0.231,1,"13","BCG_treated","week44","IGRApos_BCG_44wk_vs_IGRAneg_BCG_44wk"
"AARS2",0.247942044906706,-0.74446566653739,0.114,0.116,1,"13","BCG_treated","week44","IGRApos_BCG_44wk_vs_IGRAneg_BCG_44wk"
"IDS",0.24810646780854,-0.337946492506089,0.468,0.422,1,"13","BCG_treated","week44","IGRApos_BCG_44wk_vs_IGRAneg_BCG_44wk"
"SH2D1B",0.248129824013318,0.407460831135115,0.458,0.324,1,"13","BCG_treated","week44","IGRApos_BCG_44wk_vs_IGRAneg_BCG_44wk"
"BATF",0.248147365365375,0.334368970535556,0.257,0.168,1,"13","BCG_treated","week44","IGRApos_BCG_44wk_vs_IGRAneg_BCG_44wk"
"TASL",0.248184384954107,0.603477537020504,0.108,0.052,1,"13","BCG_treated","week44","IGRApos_BCG_44wk_vs_IGRAneg_BCG_44wk"
"TRIM8",0.248189195506127,-0.259903051643333,0.159,0.127,1,"13","BCG_treated","week44","IGRApos_BCG_44wk_vs_IGRAneg_BCG_44wk"
"RHBDD1",0.248221813988015,-0.299112123436106,0.381,0.382,1,"13","BCG_treated","week44","IGRApos_BCG_44wk_vs_IGRAneg_BCG_44wk"
"DNAJB2",0.248360677085652,0.223365876457278,0.13,0.069,1,"13","BCG_treated","week44","IGRApos_BCG_44wk_vs_IGRAneg_BCG_44wk"
"KLRK1-AS1",0.248717184651044,0.52454535486539,0.206,0.127,1,"13","BCG_treated","week44","IGRApos_BCG_44wk_vs_IGRAneg_BCG_44wk"
"TATDN1",0.248835424806416,-0.431951470618748,0.228,0.179,1,"13","BCG_treated","week44","IGRApos_BCG_44wk_vs_IGRAneg_BCG_44wk"
"ALG8",0.248854036698811,0.81098453278985,0.183,0.104,1,"13","BCG_treated","week44","IGRApos_BCG_44wk_vs_IGRAneg_BCG_44wk"
"CREBZF",0.248991465668648,0.226203294333714,0.413,0.272,1,"13","BCG_treated","week44","IGRApos_BCG_44wk_vs_IGRAneg_BCG_44wk"
"ZNF594",0.249040110026199,-0.181070793074373,0.185,0.145,1,"13","BCG_treated","week44","IGRApos_BCG_44wk_vs_IGRAneg_BCG_44wk"
"VEZT",0.249101513678685,-0.173366981370112,0.415,0.405,1,"13","BCG_treated","week44","IGRApos_BCG_44wk_vs_IGRAneg_BCG_44wk"
"GTF2E1",0.249234809849293,-0.398708728356104,0.143,0.162,1,"13","BCG_treated","week44","IGRApos_BCG_44wk_vs_IGRAneg_BCG_44wk"
"PNPLA2",0.249337007779508,0.796105822170789,0.114,0.052,1,"13","BCG_treated","week44","IGRApos_BCG_44wk_vs_IGRAneg_BCG_44wk"
"SSBP2",0.249338391452451,-0.132433579108348,0.688,0.665,1,"13","BCG_treated","week44","IGRApos_BCG_44wk_vs_IGRAneg_BCG_44wk"
"MAN2A2",0.249502280065734,0.569126340892545,0.349,0.225,1,"13","BCG_treated","week44","IGRApos_BCG_44wk_vs_IGRAneg_BCG_44wk"
"ATE1",0.249630529885306,0.174482470975314,0.683,0.549,1,"13","BCG_treated","week44","IGRApos_BCG_44wk_vs_IGRAneg_BCG_44wk"
"SNRNP40",0.249638509445786,0.725143639538154,0.267,0.15,1,"13","BCG_treated","week44","IGRApos_BCG_44wk_vs_IGRAneg_BCG_44wk"
"ACSS1",0.249664130687105,0.322833931260529,0.437,0.329,1,"13","BCG_treated","week44","IGRApos_BCG_44wk_vs_IGRAneg_BCG_44wk"
"EIF3H",0.249673717615643,-0.15395086192907,0.519,0.439,1,"13","BCG_treated","week44","IGRApos_BCG_44wk_vs_IGRAneg_BCG_44wk"
"GMFB",0.250078855643431,0.477198508042318,0.101,0.052,1,"13","BCG_treated","week44","IGRApos_BCG_44wk_vs_IGRAneg_BCG_44wk"
"STYX",0.25018318939693,-0.153597364069814,0.291,0.214,1,"13","BCG_treated","week44","IGRApos_BCG_44wk_vs_IGRAneg_BCG_44wk"
"TTF1",0.250189053421417,-0.387322004684042,0.228,0.208,1,"13","BCG_treated","week44","IGRApos_BCG_44wk_vs_IGRAneg_BCG_44wk"
"TMEM219",0.250214274812649,0.763256654723896,0.101,0.046,1,"13","BCG_treated","week44","IGRApos_BCG_44wk_vs_IGRAneg_BCG_44wk"
"ZNF546",0.250277199754152,-0.658566352648861,0.079,0.104,1,"13","BCG_treated","week44","IGRApos_BCG_44wk_vs_IGRAneg_BCG_44wk"
"CYBC1",0.250354883485775,0.246437142890501,0.204,0.127,1,"13","BCG_treated","week44","IGRApos_BCG_44wk_vs_IGRAneg_BCG_44wk"
"TAPBPL",0.250589016604117,0.583134455509876,0.413,0.272,1,"13","BCG_treated","week44","IGRApos_BCG_44wk_vs_IGRAneg_BCG_44wk"
"EED",0.251258562573637,0.300183589368022,0.333,0.214,1,"13","BCG_treated","week44","IGRApos_BCG_44wk_vs_IGRAneg_BCG_44wk"
"ENSG00000283515",0.251390040648194,-0.502140312430113,0.249,0.243,1,"13","BCG_treated","week44","IGRApos_BCG_44wk_vs_IGRAneg_BCG_44wk"
"DNAJC21",0.251597047482515,0.445462286838135,0.325,0.208,1,"13","BCG_treated","week44","IGRApos_BCG_44wk_vs_IGRAneg_BCG_44wk"
"POGLUT1",0.251778967125576,-0.112300295186188,0.304,0.324,1,"13","BCG_treated","week44","IGRApos_BCG_44wk_vs_IGRAneg_BCG_44wk"
"DNAJA3",0.251887143959722,0.192249082260602,0.209,0.133,1,"13","BCG_treated","week44","IGRApos_BCG_44wk_vs_IGRAneg_BCG_44wk"
"MN1",0.251956931658267,0.939937140070942,0.106,0.052,1,"13","BCG_treated","week44","IGRApos_BCG_44wk_vs_IGRAneg_BCG_44wk"
"LINC01752",0.252049344730286,1.01104013523041,0.108,0.058,1,"13","BCG_treated","week44","IGRApos_BCG_44wk_vs_IGRAneg_BCG_44wk"
"MTCH2",0.252147607308051,-0.118351180559708,0.212,0.208,1,"13","BCG_treated","week44","IGRApos_BCG_44wk_vs_IGRAneg_BCG_44wk"
"STK32C",0.252203003353926,-0.267370613380122,0.151,0.156,1,"13","BCG_treated","week44","IGRApos_BCG_44wk_vs_IGRAneg_BCG_44wk"
"TPK1",0.252375940882247,0.374131390066953,0.394,0.312,1,"13","BCG_treated","week44","IGRApos_BCG_44wk_vs_IGRAneg_BCG_44wk"
"EXOC3",0.252442971252479,-0.301842633845612,0.349,0.306,1,"13","BCG_treated","week44","IGRApos_BCG_44wk_vs_IGRAneg_BCG_44wk"
"FRMD3",0.252857324037893,0.612913429484313,0.116,0.058,1,"13","BCG_treated","week44","IGRApos_BCG_44wk_vs_IGRAneg_BCG_44wk"
"MYCBP2",0.253345576599528,0.188243834635094,0.944,0.832,1,"13","BCG_treated","week44","IGRApos_BCG_44wk_vs_IGRAneg_BCG_44wk"
"TEX10",0.253364720413142,-0.119499285011534,0.291,0.225,1,"13","BCG_treated","week44","IGRApos_BCG_44wk_vs_IGRAneg_BCG_44wk"
"CIAO3",0.253606667733832,-0.235204160549052,0.135,0.098,1,"13","BCG_treated","week44","IGRApos_BCG_44wk_vs_IGRAneg_BCG_44wk"
"REXO1",0.253676817262094,-0.147847459783597,0.249,0.179,1,"13","BCG_treated","week44","IGRApos_BCG_44wk_vs_IGRAneg_BCG_44wk"
"LDHB",0.253929954364471,-0.246789214128829,0.294,0.277,1,"13","BCG_treated","week44","IGRApos_BCG_44wk_vs_IGRAneg_BCG_44wk"
"EMC1-AS1",0.25393660701338,-0.43438428478063,0.156,0.185,1,"13","BCG_treated","week44","IGRApos_BCG_44wk_vs_IGRAneg_BCG_44wk"
"POFUT2",0.25403922369005,-0.243167462677957,0.175,0.133,1,"13","BCG_treated","week44","IGRApos_BCG_44wk_vs_IGRAneg_BCG_44wk"
"INIP",0.254120913862887,0.574019233814546,0.185,0.092,1,"13","BCG_treated","week44","IGRApos_BCG_44wk_vs_IGRAneg_BCG_44wk"
"IRF8",0.25421488896294,-0.930590377438721,0.153,0.179,1,"13","BCG_treated","week44","IGRApos_BCG_44wk_vs_IGRAneg_BCG_44wk"
"AKTIP",0.254443671923473,0.500366964343983,0.132,0.075,1,"13","BCG_treated","week44","IGRApos_BCG_44wk_vs_IGRAneg_BCG_44wk"
"OAS1",0.254474587588021,0.754931036809933,0.127,0.069,1,"13","BCG_treated","week44","IGRApos_BCG_44wk_vs_IGRAneg_BCG_44wk"
"NIT2",0.254568961090233,0.690294562239759,0.143,0.075,1,"13","BCG_treated","week44","IGRApos_BCG_44wk_vs_IGRAneg_BCG_44wk"
"TFIP11",0.254588752007688,-0.306197037181457,0.214,0.179,1,"13","BCG_treated","week44","IGRApos_BCG_44wk_vs_IGRAneg_BCG_44wk"
"UBXN7",0.254690364554988,0.184989246114696,0.511,0.382,1,"13","BCG_treated","week44","IGRApos_BCG_44wk_vs_IGRAneg_BCG_44wk"
"TRDMT1",0.25469489091771,-0.399365652562538,0.146,0.133,1,"13","BCG_treated","week44","IGRApos_BCG_44wk_vs_IGRAneg_BCG_44wk"
"TPST2",0.254769048961139,-0.154836563387437,0.458,0.422,1,"13","BCG_treated","week44","IGRApos_BCG_44wk_vs_IGRAneg_BCG_44wk"
"MMS19",0.254823606318695,-0.453611310139439,0.32,0.312,1,"13","BCG_treated","week44","IGRApos_BCG_44wk_vs_IGRAneg_BCG_44wk"
"OTUD6B-AS1",0.254893197906502,-0.248072585436962,0.151,0.139,1,"13","BCG_treated","week44","IGRApos_BCG_44wk_vs_IGRAneg_BCG_44wk"
"AK9",0.254959844019872,-0.340663949439769,0.302,0.295,1,"13","BCG_treated","week44","IGRApos_BCG_44wk_vs_IGRAneg_BCG_44wk"
"PLEKHA8",0.255062785682069,-0.522811038020531,0.175,0.185,1,"13","BCG_treated","week44","IGRApos_BCG_44wk_vs_IGRAneg_BCG_44wk"
"SMARCD1",0.255178010812895,-0.406872979524617,0.233,0.202,1,"13","BCG_treated","week44","IGRApos_BCG_44wk_vs_IGRAneg_BCG_44wk"
"PIK3AP1",0.255188775371051,0.528192674762634,0.585,0.457,1,"13","BCG_treated","week44","IGRApos_BCG_44wk_vs_IGRAneg_BCG_44wk"
"ENSG00000291054",0.255441452099139,0.628768244145482,0.108,0.052,1,"13","BCG_treated","week44","IGRApos_BCG_44wk_vs_IGRAneg_BCG_44wk"
"ATIC",0.255620261997523,-0.10231212299801,0.241,0.162,1,"13","BCG_treated","week44","IGRApos_BCG_44wk_vs_IGRAneg_BCG_44wk"
"CCDC73",0.255741599460132,0.71997958677247,0.122,0.052,1,"13","BCG_treated","week44","IGRApos_BCG_44wk_vs_IGRAneg_BCG_44wk"
"RFC3",0.255911634638612,0.355226713413916,0.103,0.058,1,"13","BCG_treated","week44","IGRApos_BCG_44wk_vs_IGRAneg_BCG_44wk"
"CDK5RAP3",0.255967493532852,0.536679912379101,0.312,0.191,1,"13","BCG_treated","week44","IGRApos_BCG_44wk_vs_IGRAneg_BCG_44wk"
"EAPP",0.256009999340411,-0.448061320225249,0.241,0.231,1,"13","BCG_treated","week44","IGRApos_BCG_44wk_vs_IGRAneg_BCG_44wk"
"SH3BP5L",0.256297299478553,0.392050261066974,0.106,0.052,1,"13","BCG_treated","week44","IGRApos_BCG_44wk_vs_IGRAneg_BCG_44wk"
"GTDC1",0.256653541447292,-0.247446990250491,0.603,0.549,1,"13","BCG_treated","week44","IGRApos_BCG_44wk_vs_IGRAneg_BCG_44wk"
"PLEKHO1",0.256656515027132,-0.478749691153308,0.196,0.202,1,"13","BCG_treated","week44","IGRApos_BCG_44wk_vs_IGRAneg_BCG_44wk"
"COMMD7",0.256690868118159,0.451449672639953,0.238,0.156,1,"13","BCG_treated","week44","IGRApos_BCG_44wk_vs_IGRAneg_BCG_44wk"
"CSGALNACT2",0.256784242429959,-0.102110135854227,0.585,0.549,1,"13","BCG_treated","week44","IGRApos_BCG_44wk_vs_IGRAneg_BCG_44wk"
"ENSG00000291177",0.256824030355796,0.284170147536587,0.272,0.179,1,"13","BCG_treated","week44","IGRApos_BCG_44wk_vs_IGRAneg_BCG_44wk"
"CMTM1",0.256902020091054,-0.149112188754754,0.302,0.312,1,"13","BCG_treated","week44","IGRApos_BCG_44wk_vs_IGRAneg_BCG_44wk"
"SNX10",0.256914880813326,-0.386497425858492,0.344,0.312,1,"13","BCG_treated","week44","IGRApos_BCG_44wk_vs_IGRAneg_BCG_44wk"
"CTDSP1",0.257019396520192,-0.302153847534867,0.185,0.15,1,"13","BCG_treated","week44","IGRApos_BCG_44wk_vs_IGRAneg_BCG_44wk"
"NRIP1",0.257065496133348,-0.111992771169603,0.627,0.561,1,"13","BCG_treated","week44","IGRApos_BCG_44wk_vs_IGRAneg_BCG_44wk"
"CHMP5",0.257203028062145,0.430691617289852,0.201,0.116,1,"13","BCG_treated","week44","IGRApos_BCG_44wk_vs_IGRAneg_BCG_44wk"
"MYPOP",0.25754071449087,-0.229748207398852,0.13,0.092,1,"13","BCG_treated","week44","IGRApos_BCG_44wk_vs_IGRAneg_BCG_44wk"
"ZNF506",0.257915662228731,0.142462438472339,0.452,0.329,1,"13","BCG_treated","week44","IGRApos_BCG_44wk_vs_IGRAneg_BCG_44wk"
"ARL3",0.258067019597682,0.383225231908266,0.151,0.11,1,"13","BCG_treated","week44","IGRApos_BCG_44wk_vs_IGRAneg_BCG_44wk"
"NPIPB4",0.258671241280272,-0.207765552917089,0.341,0.289,1,"13","BCG_treated","week44","IGRApos_BCG_44wk_vs_IGRAneg_BCG_44wk"
"LIMK1",0.258792612075118,-0.268215765549849,0.389,0.341,1,"13","BCG_treated","week44","IGRApos_BCG_44wk_vs_IGRAneg_BCG_44wk"
"PHRF1",0.258870699294783,-0.111086685181923,0.437,0.341,1,"13","BCG_treated","week44","IGRApos_BCG_44wk_vs_IGRAneg_BCG_44wk"
"GRK3",0.259440049289779,-0.245155624887429,0.111,0.11,1,"13","BCG_treated","week44","IGRApos_BCG_44wk_vs_IGRAneg_BCG_44wk"
"NDC1",0.25952054463308,-0.310889521947927,0.198,0.168,1,"13","BCG_treated","week44","IGRApos_BCG_44wk_vs_IGRAneg_BCG_44wk"
"ZNF45",0.259779257485765,0.441788461528569,0.156,0.081,1,"13","BCG_treated","week44","IGRApos_BCG_44wk_vs_IGRAneg_BCG_44wk"
"CHCHD2",0.259844688319927,-0.44053208847635,0.132,0.127,1,"13","BCG_treated","week44","IGRApos_BCG_44wk_vs_IGRAneg_BCG_44wk"
"LINC01145.1",0.259919354802871,-0.208377958998594,0.603,0.526,1,"13","BCG_treated","week44","IGRApos_BCG_44wk_vs_IGRAneg_BCG_44wk"
"RBM10",0.260120805578584,-0.208196221967149,0.415,0.347,1,"13","BCG_treated","week44","IGRApos_BCG_44wk_vs_IGRAneg_BCG_44wk"
"DNAJC9",0.260190373524418,-0.484793829472116,0.132,0.162,1,"13","BCG_treated","week44","IGRApos_BCG_44wk_vs_IGRAneg_BCG_44wk"
"NME7",0.260281797287774,-0.38381714170743,0.41,0.428,1,"13","BCG_treated","week44","IGRApos_BCG_44wk_vs_IGRAneg_BCG_44wk"
"ICE1",0.260329670952456,0.103314969620742,0.598,0.445,1,"13","BCG_treated","week44","IGRApos_BCG_44wk_vs_IGRAneg_BCG_44wk"
"RDX",0.26044966324409,-0.191220958971689,0.352,0.318,1,"13","BCG_treated","week44","IGRApos_BCG_44wk_vs_IGRAneg_BCG_44wk"
"ZBTB25",0.260506603026788,0.188700474955522,0.36,0.243,1,"13","BCG_treated","week44","IGRApos_BCG_44wk_vs_IGRAneg_BCG_44wk"
"TM6SF1",0.260552274273766,-0.763750252148154,0.106,0.092,1,"13","BCG_treated","week44","IGRApos_BCG_44wk_vs_IGRAneg_BCG_44wk"
"GIPC2",0.260658924063155,0.458351751088412,0.198,0.116,1,"13","BCG_treated","week44","IGRApos_BCG_44wk_vs_IGRAneg_BCG_44wk"
"CTNNBIP1",0.260805820794998,-0.261305017022418,0.193,0.179,1,"13","BCG_treated","week44","IGRApos_BCG_44wk_vs_IGRAneg_BCG_44wk"
"SEC61A2",0.260846144282011,0.685401769021454,0.206,0.104,1,"13","BCG_treated","week44","IGRApos_BCG_44wk_vs_IGRAneg_BCG_44wk"
"GCDH",0.261042662603825,0.261070186524391,0.407,0.289,1,"13","BCG_treated","week44","IGRApos_BCG_44wk_vs_IGRAneg_BCG_44wk"
"ZDHHC21",0.261306564112431,0.196103967596366,0.45,0.312,1,"13","BCG_treated","week44","IGRApos_BCG_44wk_vs_IGRAneg_BCG_44wk"
"MREG",0.261350461391855,0.456159718051071,0.183,0.15,1,"13","BCG_treated","week44","IGRApos_BCG_44wk_vs_IGRAneg_BCG_44wk"
"UBR7",0.261718701474729,-0.195733260962214,0.106,0.11,1,"13","BCG_treated","week44","IGRApos_BCG_44wk_vs_IGRAneg_BCG_44wk"
"ERVK13-1",0.261754568327622,-0.204678276778445,0.333,0.26,1,"13","BCG_treated","week44","IGRApos_BCG_44wk_vs_IGRAneg_BCG_44wk"
"RELT",0.261876606623896,0.288027743918763,0.159,0.098,1,"13","BCG_treated","week44","IGRApos_BCG_44wk_vs_IGRAneg_BCG_44wk"
"ENSG00000225450",0.261894694521102,-0.227502235595551,0.14,0.098,1,"13","BCG_treated","week44","IGRApos_BCG_44wk_vs_IGRAneg_BCG_44wk"
"ACBD6",0.262010927555081,-0.104377131187853,0.603,0.532,1,"13","BCG_treated","week44","IGRApos_BCG_44wk_vs_IGRAneg_BCG_44wk"
"UBE2Q2",0.262098013485852,-0.242642090512113,0.429,0.399,1,"13","BCG_treated","week44","IGRApos_BCG_44wk_vs_IGRAneg_BCG_44wk"
"FNDC3B",0.262215457821034,-0.340736128578894,0.847,0.809,1,"13","BCG_treated","week44","IGRApos_BCG_44wk_vs_IGRAneg_BCG_44wk"
"KCTD10",0.262311378310966,-0.542079256011092,0.225,0.231,1,"13","BCG_treated","week44","IGRApos_BCG_44wk_vs_IGRAneg_BCG_44wk"
"TRIM24",0.262362023070555,-0.183707684738072,0.434,0.376,1,"13","BCG_treated","week44","IGRApos_BCG_44wk_vs_IGRAneg_BCG_44wk"
"GPR180",0.26251226557227,0.856775549072898,0.164,0.087,1,"13","BCG_treated","week44","IGRApos_BCG_44wk_vs_IGRAneg_BCG_44wk"
"LSM4",0.262551341860669,-0.622139193218434,0.119,0.121,1,"13","BCG_treated","week44","IGRApos_BCG_44wk_vs_IGRAneg_BCG_44wk"
"DMTF1",0.262597390745076,0.14216834075938,0.762,0.595,1,"13","BCG_treated","week44","IGRApos_BCG_44wk_vs_IGRAneg_BCG_44wk"
"HEATR3",0.263208413874006,0.51181198067451,0.243,0.214,1,"13","BCG_treated","week44","IGRApos_BCG_44wk_vs_IGRAneg_BCG_44wk"
"GAR1",0.263299722416444,-0.402248512306951,0.101,0.069,1,"13","BCG_treated","week44","IGRApos_BCG_44wk_vs_IGRAneg_BCG_44wk"
"LINC00299",0.263344957043304,-0.255485932684568,0.492,0.434,1,"13","BCG_treated","week44","IGRApos_BCG_44wk_vs_IGRAneg_BCG_44wk"
"RBM22",0.263798991951334,-0.253243241354629,0.304,0.266,1,"13","BCG_treated","week44","IGRApos_BCG_44wk_vs_IGRAneg_BCG_44wk"
"MRFAP1L1",0.263921315833314,0.193326974095349,0.235,0.156,1,"13","BCG_treated","week44","IGRApos_BCG_44wk_vs_IGRAneg_BCG_44wk"
"MPPE1",0.264117917174805,-0.237147288475196,0.153,0.156,1,"13","BCG_treated","week44","IGRApos_BCG_44wk_vs_IGRAneg_BCG_44wk"
"SIGLEC17P.1",0.264349998465214,0.631660917399075,0.122,0.069,1,"13","BCG_treated","week44","IGRApos_BCG_44wk_vs_IGRAneg_BCG_44wk"
"TWF1",0.264415130447593,-0.102494641066248,0.111,0.081,1,"13","BCG_treated","week44","IGRApos_BCG_44wk_vs_IGRAneg_BCG_44wk"
"MIR31HG",0.264572217739037,-0.77702391539373,0.098,0.15,1,"13","BCG_treated","week44","IGRApos_BCG_44wk_vs_IGRAneg_BCG_44wk"
"STARD4",0.264618117341419,-0.133749491636208,0.238,0.191,1,"13","BCG_treated","week44","IGRApos_BCG_44wk_vs_IGRAneg_BCG_44wk"
"GABARAPL2",0.264628640599068,-0.479142974672059,0.148,0.15,1,"13","BCG_treated","week44","IGRApos_BCG_44wk_vs_IGRAneg_BCG_44wk"
"AGAP6",0.264880616755159,-0.146589786719262,0.169,0.139,1,"13","BCG_treated","week44","IGRApos_BCG_44wk_vs_IGRAneg_BCG_44wk"
"CREB1",0.264941381832634,-0.272368394616852,0.672,0.624,1,"13","BCG_treated","week44","IGRApos_BCG_44wk_vs_IGRAneg_BCG_44wk"
"SNHG6",0.26495779307241,-0.174919979730721,0.124,0.098,1,"13","BCG_treated","week44","IGRApos_BCG_44wk_vs_IGRAneg_BCG_44wk"
"SMBD1P",0.264975555420604,0.937968240297658,0.138,0.075,1,"13","BCG_treated","week44","IGRApos_BCG_44wk_vs_IGRAneg_BCG_44wk"
"DCP1B",0.264987286405805,0.320212771076803,0.161,0.104,1,"13","BCG_treated","week44","IGRApos_BCG_44wk_vs_IGRAneg_BCG_44wk"
"JRK",0.26504763309602,0.822381408906958,0.116,0.058,1,"13","BCG_treated","week44","IGRApos_BCG_44wk_vs_IGRAneg_BCG_44wk"
"COL24A1",0.265189959180508,-0.819992767818557,0.111,0.098,1,"13","BCG_treated","week44","IGRApos_BCG_44wk_vs_IGRAneg_BCG_44wk"
"KIZ",0.265233780488232,0.23186893682402,0.389,0.272,1,"13","BCG_treated","week44","IGRApos_BCG_44wk_vs_IGRAneg_BCG_44wk"
"HDDC2",0.265310000914866,-0.800106923694718,0.103,0.11,1,"13","BCG_treated","week44","IGRApos_BCG_44wk_vs_IGRAneg_BCG_44wk"
"ATP5MC2",0.265500979074864,-0.357272487463072,0.161,0.15,1,"13","BCG_treated","week44","IGRApos_BCG_44wk_vs_IGRAneg_BCG_44wk"
"YWHAQ",0.26560309726038,-0.190394510469946,0.397,0.353,1,"13","BCG_treated","week44","IGRApos_BCG_44wk_vs_IGRAneg_BCG_44wk"
"NBPF10",0.265686850961149,-0.303140911204053,0.183,0.15,1,"13","BCG_treated","week44","IGRApos_BCG_44wk_vs_IGRAneg_BCG_44wk"
"CDC37L1",0.265691480284876,-0.274850325974196,0.175,0.121,1,"13","BCG_treated","week44","IGRApos_BCG_44wk_vs_IGRAneg_BCG_44wk"
"LRBA",0.26574797098364,0.156902886501891,0.939,0.861,1,"13","BCG_treated","week44","IGRApos_BCG_44wk_vs_IGRAneg_BCG_44wk"
"PPIB",0.265756695803726,0.264535549060079,0.294,0.185,1,"13","BCG_treated","week44","IGRApos_BCG_44wk_vs_IGRAneg_BCG_44wk"
"ZNF549",0.265797946871274,-0.187110805349505,0.198,0.156,1,"13","BCG_treated","week44","IGRApos_BCG_44wk_vs_IGRAneg_BCG_44wk"
"ISY1",0.266159221344995,-0.309370801706817,0.262,0.237,1,"13","BCG_treated","week44","IGRApos_BCG_44wk_vs_IGRAneg_BCG_44wk"
"RBSN",0.2662721308913,0.699313422684216,0.159,0.121,1,"13","BCG_treated","week44","IGRApos_BCG_44wk_vs_IGRAneg_BCG_44wk"
"ZBTB18",0.26634783984468,0.300921869450252,0.111,0.064,1,"13","BCG_treated","week44","IGRApos_BCG_44wk_vs_IGRAneg_BCG_44wk"
"JAK1",0.266472009366682,0.10417026259384,0.981,0.931,1,"13","BCG_treated","week44","IGRApos_BCG_44wk_vs_IGRAneg_BCG_44wk"
"OAZ1",0.266521940041158,-0.287896187818305,0.344,0.324,1,"13","BCG_treated","week44","IGRApos_BCG_44wk_vs_IGRAneg_BCG_44wk"
"ANXA5",0.266696641198485,0.781805851318836,0.167,0.104,1,"13","BCG_treated","week44","IGRApos_BCG_44wk_vs_IGRAneg_BCG_44wk"
"HDGFL3",0.266743799016243,-0.213979491710848,0.574,0.566,1,"13","BCG_treated","week44","IGRApos_BCG_44wk_vs_IGRAneg_BCG_44wk"
"LRRC8D",0.266786297373037,0.219197552373178,0.672,0.549,1,"13","BCG_treated","week44","IGRApos_BCG_44wk_vs_IGRAneg_BCG_44wk"
"FBXL18",0.267238292372257,-0.646558828393816,0.127,0.15,1,"13","BCG_treated","week44","IGRApos_BCG_44wk_vs_IGRAneg_BCG_44wk"
"PARP16",0.26739115762603,-0.500340431778975,0.146,0.162,1,"13","BCG_treated","week44","IGRApos_BCG_44wk_vs_IGRAneg_BCG_44wk"
"PHC1",0.267507438963992,-0.360854373820099,0.153,0.145,1,"13","BCG_treated","week44","IGRApos_BCG_44wk_vs_IGRAneg_BCG_44wk"
"CCDC126",0.26786515705406,-0.162264501425002,0.235,0.173,1,"13","BCG_treated","week44","IGRApos_BCG_44wk_vs_IGRAneg_BCG_44wk"
"UBE4A",0.267909585138599,0.121020586907024,0.5,0.364,1,"13","BCG_treated","week44","IGRApos_BCG_44wk_vs_IGRAneg_BCG_44wk"
"WDR27",0.268007915026082,0.245854510008451,0.288,0.197,1,"13","BCG_treated","week44","IGRApos_BCG_44wk_vs_IGRAneg_BCG_44wk"
"COQ9",0.268153765977414,0.87469552030948,0.135,0.064,1,"13","BCG_treated","week44","IGRApos_BCG_44wk_vs_IGRAneg_BCG_44wk"
"ATP10D",0.268364156374194,0.297016441045513,0.41,0.306,1,"13","BCG_treated","week44","IGRApos_BCG_44wk_vs_IGRAneg_BCG_44wk"
"CCHCR1",0.268396314988195,0.460776458877852,0.127,0.064,1,"13","BCG_treated","week44","IGRApos_BCG_44wk_vs_IGRAneg_BCG_44wk"
"CCNH",0.268447974430612,-0.145563602699704,0.646,0.566,1,"13","BCG_treated","week44","IGRApos_BCG_44wk_vs_IGRAneg_BCG_44wk"
"CCDC136",0.268554642864324,0.263723629576053,0.151,0.092,1,"13","BCG_treated","week44","IGRApos_BCG_44wk_vs_IGRAneg_BCG_44wk"
"TADA2B",0.268796479679626,0.328269262515494,0.143,0.081,1,"13","BCG_treated","week44","IGRApos_BCG_44wk_vs_IGRAneg_BCG_44wk"
"CC2D2B",0.269140332267671,0.368607843988085,0.127,0.075,1,"13","BCG_treated","week44","IGRApos_BCG_44wk_vs_IGRAneg_BCG_44wk"
"AHCTF1",0.2693504991027,0.166171924581955,0.479,0.358,1,"13","BCG_treated","week44","IGRApos_BCG_44wk_vs_IGRAneg_BCG_44wk"
"KATNIP",0.269372838233635,-0.164300148500973,0.386,0.376,1,"13","BCG_treated","week44","IGRApos_BCG_44wk_vs_IGRAneg_BCG_44wk"
"ENSG00000285253",0.269582545594075,-0.801435131012015,0.09,0.116,1,"13","BCG_treated","week44","IGRApos_BCG_44wk_vs_IGRAneg_BCG_44wk"
"KHNYN",0.269659354406242,0.541542189302568,0.317,0.197,1,"13","BCG_treated","week44","IGRApos_BCG_44wk_vs_IGRAneg_BCG_44wk"
"SMC3",0.269684213557094,-0.215572691547146,0.585,0.566,1,"13","BCG_treated","week44","IGRApos_BCG_44wk_vs_IGRAneg_BCG_44wk"
"SH3PXD2A",0.269693019865543,0.338979915779997,0.167,0.098,1,"13","BCG_treated","week44","IGRApos_BCG_44wk_vs_IGRAneg_BCG_44wk"
"NUDT4",0.269728403705547,-0.236140168977075,0.164,0.133,1,"13","BCG_treated","week44","IGRApos_BCG_44wk_vs_IGRAneg_BCG_44wk"
"VPS39",0.270278997865975,0.43698844119187,0.466,0.306,1,"13","BCG_treated","week44","IGRApos_BCG_44wk_vs_IGRAneg_BCG_44wk"
"ZBTB4",0.270339618809404,-0.312748395279109,0.328,0.289,1,"13","BCG_treated","week44","IGRApos_BCG_44wk_vs_IGRAneg_BCG_44wk"
"EWSR1",0.270679802345692,0.371571490074344,0.751,0.613,1,"13","BCG_treated","week44","IGRApos_BCG_44wk_vs_IGRAneg_BCG_44wk"
"PPIP5K2",0.270697990160015,-0.145141235641493,0.529,0.497,1,"13","BCG_treated","week44","IGRApos_BCG_44wk_vs_IGRAneg_BCG_44wk"
"NELFCD",0.270841976737647,-0.306694822779923,0.272,0.243,1,"13","BCG_treated","week44","IGRApos_BCG_44wk_vs_IGRAneg_BCG_44wk"
"C12orf73",0.270842105242091,0.626550754272849,0.122,0.064,1,"13","BCG_treated","week44","IGRApos_BCG_44wk_vs_IGRAneg_BCG_44wk"
"PKNOX1",0.270929483721891,-0.284880655964531,0.22,0.173,1,"13","BCG_treated","week44","IGRApos_BCG_44wk_vs_IGRAneg_BCG_44wk"
"RPRD1B",0.271037230112735,-0.196451199536125,0.405,0.399,1,"13","BCG_treated","week44","IGRApos_BCG_44wk_vs_IGRAneg_BCG_44wk"
"UBE2E1",0.271266867626639,-0.294074853214603,0.608,0.59,1,"13","BCG_treated","week44","IGRApos_BCG_44wk_vs_IGRAneg_BCG_44wk"
"EIF2AK3",0.271490383481236,-0.300478258628406,0.368,0.329,1,"13","BCG_treated","week44","IGRApos_BCG_44wk_vs_IGRAneg_BCG_44wk"
"IGF2BP2",0.271582245499962,-0.538378180741029,0.204,0.208,1,"13","BCG_treated","week44","IGRApos_BCG_44wk_vs_IGRAneg_BCG_44wk"
"TMEM161B",0.27164871166224,-0.198981900569741,0.362,0.301,1,"13","BCG_treated","week44","IGRApos_BCG_44wk_vs_IGRAneg_BCG_44wk"
"DUSP11",0.271653069023774,0.480221575317177,0.283,0.168,1,"13","BCG_treated","week44","IGRApos_BCG_44wk_vs_IGRAneg_BCG_44wk"
"BCAS2",0.271661857176357,-0.483747802559553,0.114,0.133,1,"13","BCG_treated","week44","IGRApos_BCG_44wk_vs_IGRAneg_BCG_44wk"
"TRBC1",0.271750448654269,-0.226716015002186,0.259,0.225,1,"13","BCG_treated","week44","IGRApos_BCG_44wk_vs_IGRAneg_BCG_44wk"
"CCDC59",0.271847235975634,0.293411847743251,0.114,0.075,1,"13","BCG_treated","week44","IGRApos_BCG_44wk_vs_IGRAneg_BCG_44wk"
"WDR91",0.272008218943803,-0.505754378286763,0.135,0.104,1,"13","BCG_treated","week44","IGRApos_BCG_44wk_vs_IGRAneg_BCG_44wk"
"PRPF19",0.272069235584495,-0.318659443762935,0.169,0.162,1,"13","BCG_treated","week44","IGRApos_BCG_44wk_vs_IGRAneg_BCG_44wk"
"ABCA3",0.272217351198668,-0.394118954382735,0.09,0.11,1,"13","BCG_treated","week44","IGRApos_BCG_44wk_vs_IGRAneg_BCG_44wk"
"JADE1",0.272592046864953,0.41686650463758,0.392,0.266,1,"13","BCG_treated","week44","IGRApos_BCG_44wk_vs_IGRAneg_BCG_44wk"
"ETAA1",0.272727915999027,0.927628184347262,0.124,0.046,1,"13","BCG_treated","week44","IGRApos_BCG_44wk_vs_IGRAneg_BCG_44wk"
"CCDC57",0.27275922167832,0.283378523990645,0.254,0.156,1,"13","BCG_treated","week44","IGRApos_BCG_44wk_vs_IGRAneg_BCG_44wk"
"CCDC14",0.272970013207468,-0.381437666186025,0.257,0.26,1,"13","BCG_treated","week44","IGRApos_BCG_44wk_vs_IGRAneg_BCG_44wk"
"SNX27",0.273358095236706,0.441436774196182,0.407,0.254,1,"13","BCG_treated","week44","IGRApos_BCG_44wk_vs_IGRAneg_BCG_44wk"
"C17orf67",0.273397911801758,-0.415334222017827,0.18,0.202,1,"13","BCG_treated","week44","IGRApos_BCG_44wk_vs_IGRAneg_BCG_44wk"
"NFKBIA",0.273515375987496,-0.202077721587974,0.429,0.353,1,"13","BCG_treated","week44","IGRApos_BCG_44wk_vs_IGRAneg_BCG_44wk"
"ABHD3",0.273564984230627,-0.272024373542193,0.315,0.295,1,"13","BCG_treated","week44","IGRApos_BCG_44wk_vs_IGRAneg_BCG_44wk"
"GEMIN8",0.273599099331236,0.129873615660281,0.119,0.069,1,"13","BCG_treated","week44","IGRApos_BCG_44wk_vs_IGRAneg_BCG_44wk"
"PLAA",0.273620217889464,-0.301586583696144,0.254,0.225,1,"13","BCG_treated","week44","IGRApos_BCG_44wk_vs_IGRAneg_BCG_44wk"
"ZNF567",0.274020222837962,-0.153631220550938,0.201,0.173,1,"13","BCG_treated","week44","IGRApos_BCG_44wk_vs_IGRAneg_BCG_44wk"
"HP1BP3",0.274067504202279,0.173599210956907,0.767,0.618,1,"13","BCG_treated","week44","IGRApos_BCG_44wk_vs_IGRAneg_BCG_44wk"
"TCIRG1",0.274134236313214,0.385556121811608,0.357,0.225,1,"13","BCG_treated","week44","IGRApos_BCG_44wk_vs_IGRAneg_BCG_44wk"
"THOC5",0.274647532948808,0.132787186421213,0.251,0.162,1,"13","BCG_treated","week44","IGRApos_BCG_44wk_vs_IGRAneg_BCG_44wk"
"SNAP47",0.274686071582141,-0.450290788663914,0.095,0.11,1,"13","BCG_treated","week44","IGRApos_BCG_44wk_vs_IGRAneg_BCG_44wk"
"CBY1",0.274717083812191,0.127256553624918,0.101,0.058,1,"13","BCG_treated","week44","IGRApos_BCG_44wk_vs_IGRAneg_BCG_44wk"
"ARHGEF9",0.274788047673838,-0.119864168688565,0.378,0.295,1,"13","BCG_treated","week44","IGRApos_BCG_44wk_vs_IGRAneg_BCG_44wk"
"C11orf80",0.274830452475144,-0.221457375361267,0.241,0.26,1,"13","BCG_treated","week44","IGRApos_BCG_44wk_vs_IGRAneg_BCG_44wk"
"TESPA1",0.275593113740747,0.413743516889468,0.439,0.318,1,"13","BCG_treated","week44","IGRApos_BCG_44wk_vs_IGRAneg_BCG_44wk"
"P2RX5",0.275651831776455,0.764882944364359,0.315,0.197,1,"13","BCG_treated","week44","IGRApos_BCG_44wk_vs_IGRAneg_BCG_44wk"
"FTSJ1",0.275659571337408,-0.298429686389567,0.124,0.11,1,"13","BCG_treated","week44","IGRApos_BCG_44wk_vs_IGRAneg_BCG_44wk"
"ATP6V1B2",0.27568989423765,-0.349917542912384,0.132,0.104,1,"13","BCG_treated","week44","IGRApos_BCG_44wk_vs_IGRAneg_BCG_44wk"
"SUGP2",0.276030972512807,-0.187125574996575,0.593,0.509,1,"13","BCG_treated","week44","IGRApos_BCG_44wk_vs_IGRAneg_BCG_44wk"
"FLI1",0.276066210102681,-0.100512247665819,0.751,0.671,1,"13","BCG_treated","week44","IGRApos_BCG_44wk_vs_IGRAneg_BCG_44wk"
"PEX3",0.276223052242479,-0.331358577323332,0.238,0.197,1,"13","BCG_treated","week44","IGRApos_BCG_44wk_vs_IGRAneg_BCG_44wk"
"ELAPOR2",0.276493907462313,0.829836770964711,0.159,0.087,1,"13","BCG_treated","week44","IGRApos_BCG_44wk_vs_IGRAneg_BCG_44wk"
"ENSG00000273734",0.276515463246981,-0.683411018696777,0.095,0.11,1,"13","BCG_treated","week44","IGRApos_BCG_44wk_vs_IGRAneg_BCG_44wk"
"GTF3C5",0.276798921116302,-0.299298108826083,0.212,0.22,1,"13","BCG_treated","week44","IGRApos_BCG_44wk_vs_IGRAneg_BCG_44wk"
"INTS13",0.276892960951421,0.306023046394444,0.352,0.243,1,"13","BCG_treated","week44","IGRApos_BCG_44wk_vs_IGRAneg_BCG_44wk"
"PANK3",0.276916088055758,-0.32804269969799,0.386,0.364,1,"13","BCG_treated","week44","IGRApos_BCG_44wk_vs_IGRAneg_BCG_44wk"
"FRS2",0.277050998251541,-0.165848705742637,0.534,0.486,1,"13","BCG_treated","week44","IGRApos_BCG_44wk_vs_IGRAneg_BCG_44wk"
"CSGALNACT1",0.277189893974072,-0.447577018630681,0.206,0.202,1,"13","BCG_treated","week44","IGRApos_BCG_44wk_vs_IGRAneg_BCG_44wk"
"CLUH",0.277221198150877,-0.486849014284023,0.101,0.092,1,"13","BCG_treated","week44","IGRApos_BCG_44wk_vs_IGRAneg_BCG_44wk"
"COX11",0.277361381881605,-0.538204630857859,0.183,0.173,1,"13","BCG_treated","week44","IGRApos_BCG_44wk_vs_IGRAneg_BCG_44wk"
"CEBPG",0.277462900412413,-0.647818995200679,0.167,0.173,1,"13","BCG_treated","week44","IGRApos_BCG_44wk_vs_IGRAneg_BCG_44wk"
"ZNF426",0.277513978229852,-0.376149960400942,0.122,0.104,1,"13","BCG_treated","week44","IGRApos_BCG_44wk_vs_IGRAneg_BCG_44wk"
"ADCY3",0.277648616620915,-0.180680207378018,0.251,0.243,1,"13","BCG_treated","week44","IGRApos_BCG_44wk_vs_IGRAneg_BCG_44wk"
"RPS25",0.277711386131159,-0.326375948598244,0.212,0.191,1,"13","BCG_treated","week44","IGRApos_BCG_44wk_vs_IGRAneg_BCG_44wk"
"PARP12",0.277835725155486,0.342502130664851,0.519,0.358,1,"13","BCG_treated","week44","IGRApos_BCG_44wk_vs_IGRAneg_BCG_44wk"
"EEF1E1",0.277915245648342,-0.191012437987065,0.13,0.104,1,"13","BCG_treated","week44","IGRApos_BCG_44wk_vs_IGRAneg_BCG_44wk"
"NKTR",0.278048460504555,-0.133320786304718,0.889,0.844,1,"13","BCG_treated","week44","IGRApos_BCG_44wk_vs_IGRAneg_BCG_44wk"
"PRKCI",0.278074040285772,0.10239011777462,0.317,0.225,1,"13","BCG_treated","week44","IGRApos_BCG_44wk_vs_IGRAneg_BCG_44wk"
"SGSM3",0.278200160812208,0.228774223593246,0.302,0.197,1,"13","BCG_treated","week44","IGRApos_BCG_44wk_vs_IGRAneg_BCG_44wk"
"POMK",0.278208765763855,-0.271538784178525,0.228,0.208,1,"13","BCG_treated","week44","IGRApos_BCG_44wk_vs_IGRAneg_BCG_44wk"
"TRIP12",0.278677272288329,-0.120592273454151,0.905,0.861,1,"13","BCG_treated","week44","IGRApos_BCG_44wk_vs_IGRAneg_BCG_44wk"
"FBXL20",0.27884148265592,-0.202317449243769,0.566,0.549,1,"13","BCG_treated","week44","IGRApos_BCG_44wk_vs_IGRAneg_BCG_44wk"
"ZMIZ2",0.278937167540524,0.357076274946649,0.643,0.457,1,"13","BCG_treated","week44","IGRApos_BCG_44wk_vs_IGRAneg_BCG_44wk"
"SEPHS2",0.278940774855557,-0.493705257146177,0.114,0.098,1,"13","BCG_treated","week44","IGRApos_BCG_44wk_vs_IGRAneg_BCG_44wk"
"ITPK1",0.279423393430003,0.498250065808906,0.315,0.197,1,"13","BCG_treated","week44","IGRApos_BCG_44wk_vs_IGRAneg_BCG_44wk"
"STT3A",0.279564145125733,-0.305786622789932,0.259,0.237,1,"13","BCG_treated","week44","IGRApos_BCG_44wk_vs_IGRAneg_BCG_44wk"
"GPHN",0.279639259019612,-0.218509070784547,0.616,0.601,1,"13","BCG_treated","week44","IGRApos_BCG_44wk_vs_IGRAneg_BCG_44wk"
"LMBRD1",0.279738811426632,-0.33936369718256,0.458,0.462,1,"13","BCG_treated","week44","IGRApos_BCG_44wk_vs_IGRAneg_BCG_44wk"
"SGF29",0.279791363958526,0.772160389365494,0.196,0.116,1,"13","BCG_treated","week44","IGRApos_BCG_44wk_vs_IGRAneg_BCG_44wk"
"GBE1",0.279824786908439,-0.112830230405386,0.492,0.451,1,"13","BCG_treated","week44","IGRApos_BCG_44wk_vs_IGRAneg_BCG_44wk"
"ST3GAL2",0.280211072629613,-0.271236820269512,0.569,0.555,1,"13","BCG_treated","week44","IGRApos_BCG_44wk_vs_IGRAneg_BCG_44wk"
"ENOX2",0.280769333570202,-0.347596266346179,0.402,0.387,1,"13","BCG_treated","week44","IGRApos_BCG_44wk_vs_IGRAneg_BCG_44wk"
"SEH1L",0.281303909455715,-0.268658361431418,0.206,0.168,1,"13","BCG_treated","week44","IGRApos_BCG_44wk_vs_IGRAneg_BCG_44wk"
"FTO",0.281325340185597,-0.115553059507636,0.759,0.688,1,"13","BCG_treated","week44","IGRApos_BCG_44wk_vs_IGRAneg_BCG_44wk"
"DDRGK1",0.281735579344749,-0.351798772274802,0.214,0.214,1,"13","BCG_treated","week44","IGRApos_BCG_44wk_vs_IGRAneg_BCG_44wk"
"THBS1",0.281796603688837,-0.342021134558799,0.085,0.104,1,"13","BCG_treated","week44","IGRApos_BCG_44wk_vs_IGRAneg_BCG_44wk"
"TOR1AIP2",0.281811043322572,-0.330100673397691,0.378,0.329,1,"13","BCG_treated","week44","IGRApos_BCG_44wk_vs_IGRAneg_BCG_44wk"
"VPS8",0.281889044543136,0.101783274011642,0.585,0.439,1,"13","BCG_treated","week44","IGRApos_BCG_44wk_vs_IGRAneg_BCG_44wk"
"EIF4E2",0.282066563851464,-0.247328487064707,0.328,0.272,1,"13","BCG_treated","week44","IGRApos_BCG_44wk_vs_IGRAneg_BCG_44wk"
"GALT",0.282127666225002,-0.808139675986061,0.119,0.145,1,"13","BCG_treated","week44","IGRApos_BCG_44wk_vs_IGRAneg_BCG_44wk"
"TBC1D14",0.28216396103192,0.119711885169201,0.384,0.272,1,"13","BCG_treated","week44","IGRApos_BCG_44wk_vs_IGRAneg_BCG_44wk"
"GPATCH2",0.282231364120256,-0.17072814765329,0.421,0.387,1,"13","BCG_treated","week44","IGRApos_BCG_44wk_vs_IGRAneg_BCG_44wk"
"SEC23A",0.282355655987741,0.476550603675317,0.378,0.243,1,"13","BCG_treated","week44","IGRApos_BCG_44wk_vs_IGRAneg_BCG_44wk"
"HNRNPUL2",0.282415078264205,0.349138990208822,0.471,0.318,1,"13","BCG_treated","week44","IGRApos_BCG_44wk_vs_IGRAneg_BCG_44wk"
"RNF41",0.282485493150508,-0.251470003815427,0.201,0.168,1,"13","BCG_treated","week44","IGRApos_BCG_44wk_vs_IGRAneg_BCG_44wk"
"PNKP",0.282642363765998,0.238518932430386,0.27,0.173,1,"13","BCG_treated","week44","IGRApos_BCG_44wk_vs_IGRAneg_BCG_44wk"
"ZFYVE27",0.282683873955494,0.839763997769882,0.238,0.139,1,"13","BCG_treated","week44","IGRApos_BCG_44wk_vs_IGRAneg_BCG_44wk"
"TXNDC9",0.282744661877903,-0.551900552993728,0.148,0.133,1,"13","BCG_treated","week44","IGRApos_BCG_44wk_vs_IGRAneg_BCG_44wk"
"EPN1",0.28283275521359,-0.438424181235796,0.161,0.162,1,"13","BCG_treated","week44","IGRApos_BCG_44wk_vs_IGRAneg_BCG_44wk"
"WDR77",0.283186298993395,0.645229585818258,0.138,0.075,1,"13","BCG_treated","week44","IGRApos_BCG_44wk_vs_IGRAneg_BCG_44wk"
"SNX18",0.283421061665314,-0.344198813681437,0.146,0.133,1,"13","BCG_treated","week44","IGRApos_BCG_44wk_vs_IGRAneg_BCG_44wk"
"C1D",0.283571243507531,0.702990780532103,0.198,0.116,1,"13","BCG_treated","week44","IGRApos_BCG_44wk_vs_IGRAneg_BCG_44wk"
"DLAT",0.28363633239725,-0.356562398673159,0.153,0.168,1,"13","BCG_treated","week44","IGRApos_BCG_44wk_vs_IGRAneg_BCG_44wk"
"ARMC1",0.283685945634143,-0.345777950442887,0.167,0.139,1,"13","BCG_treated","week44","IGRApos_BCG_44wk_vs_IGRAneg_BCG_44wk"
"TEFM",0.283732917132847,-0.145260280768344,0.135,0.092,1,"13","BCG_treated","week44","IGRApos_BCG_44wk_vs_IGRAneg_BCG_44wk"
"MCM6",0.28395609309822,0.768298405545401,0.257,0.133,1,"13","BCG_treated","week44","IGRApos_BCG_44wk_vs_IGRAneg_BCG_44wk"
"AGO3",0.284233571494911,-0.233293880559394,0.672,0.642,1,"13","BCG_treated","week44","IGRApos_BCG_44wk_vs_IGRAneg_BCG_44wk"
"NFRKB",0.284396007815675,-0.133840042159893,0.286,0.22,1,"13","BCG_treated","week44","IGRApos_BCG_44wk_vs_IGRAneg_BCG_44wk"
"MED9",0.284396952425518,-0.134716210940871,0.106,0.069,1,"13","BCG_treated","week44","IGRApos_BCG_44wk_vs_IGRAneg_BCG_44wk"
"UBXN6",0.284682574347964,-0.561189437792229,0.106,0.092,1,"13","BCG_treated","week44","IGRApos_BCG_44wk_vs_IGRAneg_BCG_44wk"
"MBP",0.284987307489005,-0.106243522141413,0.966,0.925,1,"13","BCG_treated","week44","IGRApos_BCG_44wk_vs_IGRAneg_BCG_44wk"
"MRPS9",0.285078252295304,-0.356426616685741,0.243,0.197,1,"13","BCG_treated","week44","IGRApos_BCG_44wk_vs_IGRAneg_BCG_44wk"
"KPNA2",0.285322445891286,-0.393985816345823,0.114,0.104,1,"13","BCG_treated","week44","IGRApos_BCG_44wk_vs_IGRAneg_BCG_44wk"
"SNRPB",0.285346829198482,-0.301581753427776,0.257,0.231,1,"13","BCG_treated","week44","IGRApos_BCG_44wk_vs_IGRAneg_BCG_44wk"
"NEGR1",0.28542414465204,-0.753449024971864,0.101,0.081,1,"13","BCG_treated","week44","IGRApos_BCG_44wk_vs_IGRAneg_BCG_44wk"
"EP400P1",0.285454520683814,0.926575369887842,0.108,0.046,1,"13","BCG_treated","week44","IGRApos_BCG_44wk_vs_IGRAneg_BCG_44wk"
"ILF2",0.28555084901787,-0.344582240330112,0.204,0.202,1,"13","BCG_treated","week44","IGRApos_BCG_44wk_vs_IGRAneg_BCG_44wk"
"NRBP1",0.285662110699125,-0.315938029186212,0.357,0.318,1,"13","BCG_treated","week44","IGRApos_BCG_44wk_vs_IGRAneg_BCG_44wk"
"NDUFA10",0.285817085167948,-0.135370963173874,0.447,0.399,1,"13","BCG_treated","week44","IGRApos_BCG_44wk_vs_IGRAneg_BCG_44wk"
"CCDC180",0.285845786340245,0.826191797697559,0.103,0.052,1,"13","BCG_treated","week44","IGRApos_BCG_44wk_vs_IGRAneg_BCG_44wk"
"NEK6",0.285880163114169,-0.640628765557273,0.124,0.116,1,"13","BCG_treated","week44","IGRApos_BCG_44wk_vs_IGRAneg_BCG_44wk"
"SORL1",0.285919703870908,0.290226706350742,0.86,0.751,1,"13","BCG_treated","week44","IGRApos_BCG_44wk_vs_IGRAneg_BCG_44wk"
"CTSD",0.285971643659541,-0.473584884490004,0.161,0.185,1,"13","BCG_treated","week44","IGRApos_BCG_44wk_vs_IGRAneg_BCG_44wk"
"MAML2",0.285997998339849,0.231405824174046,0.934,0.896,1,"13","BCG_treated","week44","IGRApos_BCG_44wk_vs_IGRAneg_BCG_44wk"
"BTG2",0.286439368144328,-0.445812840280432,0.331,0.318,1,"13","BCG_treated","week44","IGRApos_BCG_44wk_vs_IGRAneg_BCG_44wk"
"ERCC6L2-AS1",0.286634284690504,-0.468146068700666,0.132,0.133,1,"13","BCG_treated","week44","IGRApos_BCG_44wk_vs_IGRAneg_BCG_44wk"
"CHMP2B",0.286743230196448,-0.750469625623673,0.135,0.145,1,"13","BCG_treated","week44","IGRApos_BCG_44wk_vs_IGRAneg_BCG_44wk"
"FAM3C",0.286779251254303,-0.268281527607786,0.27,0.272,1,"13","BCG_treated","week44","IGRApos_BCG_44wk_vs_IGRAneg_BCG_44wk"
"SEL1L",0.286784588794009,0.25099257695373,0.54,0.387,1,"13","BCG_treated","week44","IGRApos_BCG_44wk_vs_IGRAneg_BCG_44wk"
"MRPS31P4",0.287021366359926,-0.406158845893639,0.188,0.15,1,"13","BCG_treated","week44","IGRApos_BCG_44wk_vs_IGRAneg_BCG_44wk"
"DCUN1D5",0.287115877180587,-0.384239315740696,0.183,0.191,1,"13","BCG_treated","week44","IGRApos_BCG_44wk_vs_IGRAneg_BCG_44wk"
"ESYT1",0.287425382160811,-0.251747479937872,0.222,0.22,1,"13","BCG_treated","week44","IGRApos_BCG_44wk_vs_IGRAneg_BCG_44wk"
"OSBPL3",0.287521080481971,-0.290529333298616,0.307,0.318,1,"13","BCG_treated","week44","IGRApos_BCG_44wk_vs_IGRAneg_BCG_44wk"
"MTMR1",0.287739150255003,0.276753582861269,0.429,0.335,1,"13","BCG_treated","week44","IGRApos_BCG_44wk_vs_IGRAneg_BCG_44wk"
"ATP5IF1",0.287893109879275,-0.670112363255758,0.082,0.11,1,"13","BCG_treated","week44","IGRApos_BCG_44wk_vs_IGRAneg_BCG_44wk"
"ELOVL6",0.287904420458149,-0.54560963189792,0.283,0.26,1,"13","BCG_treated","week44","IGRApos_BCG_44wk_vs_IGRAneg_BCG_44wk"
"ATP6V0D1",0.288050569204024,0.578787128446699,0.241,0.139,1,"13","BCG_treated","week44","IGRApos_BCG_44wk_vs_IGRAneg_BCG_44wk"
"SNX14",0.2881788498798,-0.167975527931369,0.698,0.642,1,"13","BCG_treated","week44","IGRApos_BCG_44wk_vs_IGRAneg_BCG_44wk"
"AGFG2",0.288303789636533,-0.41573584555251,0.175,0.179,1,"13","BCG_treated","week44","IGRApos_BCG_44wk_vs_IGRAneg_BCG_44wk"
"MTMR3",0.288496898538642,0.257926589341608,0.677,0.584,1,"13","BCG_treated","week44","IGRApos_BCG_44wk_vs_IGRAneg_BCG_44wk"
"SELENOK",0.28854962545409,-0.172328379170776,0.151,0.116,1,"13","BCG_treated","week44","IGRApos_BCG_44wk_vs_IGRAneg_BCG_44wk"
"MIRLET7BHG",0.28866953031053,0.347229603764584,0.262,0.173,1,"13","BCG_treated","week44","IGRApos_BCG_44wk_vs_IGRAneg_BCG_44wk"
"ENSG00000265943",0.288703692387071,1.15819921960112,0.101,0.064,1,"13","BCG_treated","week44","IGRApos_BCG_44wk_vs_IGRAneg_BCG_44wk"
"COX6C",0.288838108644904,-0.563854905882887,0.148,0.15,1,"13","BCG_treated","week44","IGRApos_BCG_44wk_vs_IGRAneg_BCG_44wk"
"ENSG00000289439",0.289025541794353,-0.137318678048191,0.336,0.341,1,"13","BCG_treated","week44","IGRApos_BCG_44wk_vs_IGRAneg_BCG_44wk"
"CALU",0.289065352882169,-0.283564349160264,0.233,0.214,1,"13","BCG_treated","week44","IGRApos_BCG_44wk_vs_IGRAneg_BCG_44wk"
"NCK2",0.289113862026581,-0.203150196335906,0.749,0.671,1,"13","BCG_treated","week44","IGRApos_BCG_44wk_vs_IGRAneg_BCG_44wk"
"KATNB1",0.289274359970272,-0.125385727211802,0.111,0.075,1,"13","BCG_treated","week44","IGRApos_BCG_44wk_vs_IGRAneg_BCG_44wk"
"CHMP1A",0.289658378706157,-0.632718470677715,0.124,0.116,1,"13","BCG_treated","week44","IGRApos_BCG_44wk_vs_IGRAneg_BCG_44wk"
"ZKSCAN5",0.289709050094085,-0.144100632497512,0.153,0.121,1,"13","BCG_treated","week44","IGRApos_BCG_44wk_vs_IGRAneg_BCG_44wk"
"FKBP2",0.289731334181644,-0.976395562486974,0.085,0.11,1,"13","BCG_treated","week44","IGRApos_BCG_44wk_vs_IGRAneg_BCG_44wk"
"EDC3",0.289808367373266,0.519936025394182,0.288,0.168,1,"13","BCG_treated","week44","IGRApos_BCG_44wk_vs_IGRAneg_BCG_44wk"
"ASH1L",0.289896937305361,-0.101690374157431,0.947,0.884,1,"13","BCG_treated","week44","IGRApos_BCG_44wk_vs_IGRAneg_BCG_44wk"
"TMCC3",0.290588907971166,0.452520749476659,0.365,0.237,1,"13","BCG_treated","week44","IGRApos_BCG_44wk_vs_IGRAneg_BCG_44wk"
"C2orf68",0.290707335500766,-0.451495345755105,0.185,0.191,1,"13","BCG_treated","week44","IGRApos_BCG_44wk_vs_IGRAneg_BCG_44wk"
"TTL",0.290737892014041,0.662131360576475,0.209,0.133,1,"13","BCG_treated","week44","IGRApos_BCG_44wk_vs_IGRAneg_BCG_44wk"
"MZT2B",0.290748171865404,-0.451727624621386,0.122,0.104,1,"13","BCG_treated","week44","IGRApos_BCG_44wk_vs_IGRAneg_BCG_44wk"
"TUBGCP4",0.290958616288284,0.37387402082626,0.278,0.179,1,"13","BCG_treated","week44","IGRApos_BCG_44wk_vs_IGRAneg_BCG_44wk"
"SH3BP1",0.291506653689568,-0.719296252678842,0.265,0.272,1,"13","BCG_treated","week44","IGRApos_BCG_44wk_vs_IGRAneg_BCG_44wk"
"PSMD2",0.291749513747012,-0.209285949476073,0.312,0.289,1,"13","BCG_treated","week44","IGRApos_BCG_44wk_vs_IGRAneg_BCG_44wk"
"NPIPB5",0.291801452224335,-0.250983345295694,0.177,0.173,1,"13","BCG_treated","week44","IGRApos_BCG_44wk_vs_IGRAneg_BCG_44wk"
"NUP88",0.29184142489914,-0.321204224202832,0.402,0.376,1,"13","BCG_treated","week44","IGRApos_BCG_44wk_vs_IGRAneg_BCG_44wk"
"CYSLTR1",0.292114354485624,-0.369167884642463,0.31,0.266,1,"13","BCG_treated","week44","IGRApos_BCG_44wk_vs_IGRAneg_BCG_44wk"
"ENSG00000291178",0.292115895916321,-0.385896429151312,0.209,0.185,1,"13","BCG_treated","week44","IGRApos_BCG_44wk_vs_IGRAneg_BCG_44wk"
"CLIP2",0.292132685799464,-0.745745910265149,0.146,0.173,1,"13","BCG_treated","week44","IGRApos_BCG_44wk_vs_IGRAneg_BCG_44wk"
"TANC2",0.292137011179788,-0.245350590004264,0.476,0.474,1,"13","BCG_treated","week44","IGRApos_BCG_44wk_vs_IGRAneg_BCG_44wk"
"GLMN",0.292349973181748,0.417216039254441,0.526,0.364,1,"13","BCG_treated","week44","IGRApos_BCG_44wk_vs_IGRAneg_BCG_44wk"
"SNRPA1",0.293023244333446,-0.164609113957075,0.23,0.191,1,"13","BCG_treated","week44","IGRApos_BCG_44wk_vs_IGRAneg_BCG_44wk"
"EIF3B",0.293127955751023,-0.328321350402698,0.349,0.341,1,"13","BCG_treated","week44","IGRApos_BCG_44wk_vs_IGRAneg_BCG_44wk"
"SUPT20H",0.2932806780892,0.258512000375043,0.468,0.329,1,"13","BCG_treated","week44","IGRApos_BCG_44wk_vs_IGRAneg_BCG_44wk"
"KIAA1143",0.293537018237821,-0.254915718873459,0.159,0.139,1,"13","BCG_treated","week44","IGRApos_BCG_44wk_vs_IGRAneg_BCG_44wk"
"LINC-PINT",0.293639639510533,0.206251151116547,0.937,0.902,1,"13","BCG_treated","week44","IGRApos_BCG_44wk_vs_IGRAneg_BCG_44wk"
"ACOT9",0.293743393226514,-0.135988829335872,0.196,0.156,1,"13","BCG_treated","week44","IGRApos_BCG_44wk_vs_IGRAneg_BCG_44wk"
"TMX2",0.293922458837091,0.654656365742282,0.222,0.133,1,"13","BCG_treated","week44","IGRApos_BCG_44wk_vs_IGRAneg_BCG_44wk"
"DHRS7B",0.293990070499683,-0.513168310727093,0.323,0.295,1,"13","BCG_treated","week44","IGRApos_BCG_44wk_vs_IGRAneg_BCG_44wk"
"LMO4",0.294004026608574,-0.324882013467912,0.206,0.185,1,"13","BCG_treated","week44","IGRApos_BCG_44wk_vs_IGRAneg_BCG_44wk"
"VARS1",0.294419437515066,-0.522658191422414,0.146,0.139,1,"13","BCG_treated","week44","IGRApos_BCG_44wk_vs_IGRAneg_BCG_44wk"
"LHFPL3",0.294644528344711,-0.502015674635563,0.14,0.139,1,"13","BCG_treated","week44","IGRApos_BCG_44wk_vs_IGRAneg_BCG_44wk"
"CNDP2",0.294780562565198,-0.270273757869147,0.307,0.289,1,"13","BCG_treated","week44","IGRApos_BCG_44wk_vs_IGRAneg_BCG_44wk"
"FRG1HP",0.294832150957269,-0.292400632737874,0.315,0.312,1,"13","BCG_treated","week44","IGRApos_BCG_44wk_vs_IGRAneg_BCG_44wk"
"DHRS13",0.294911616175347,0.278286197297898,0.122,0.081,1,"13","BCG_treated","week44","IGRApos_BCG_44wk_vs_IGRAneg_BCG_44wk"
"CENPT",0.295295273231305,-0.483869892044878,0.185,0.179,1,"13","BCG_treated","week44","IGRApos_BCG_44wk_vs_IGRAneg_BCG_44wk"
"ENSG00000270792",0.29563965172089,0.158993871122587,0.135,0.087,1,"13","BCG_treated","week44","IGRApos_BCG_44wk_vs_IGRAneg_BCG_44wk"
"TMED7",0.295652652013375,-0.541137091184419,0.177,0.156,1,"13","BCG_treated","week44","IGRApos_BCG_44wk_vs_IGRAneg_BCG_44wk"
"RNF40",0.295835394494165,0.508259427044075,0.328,0.243,1,"13","BCG_treated","week44","IGRApos_BCG_44wk_vs_IGRAneg_BCG_44wk"
"RIMOC1",0.295922307012436,0.438178863091836,0.177,0.098,1,"13","BCG_treated","week44","IGRApos_BCG_44wk_vs_IGRAneg_BCG_44wk"
"ANKRD13D",0.296131601034549,0.33884080473332,0.386,0.272,1,"13","BCG_treated","week44","IGRApos_BCG_44wk_vs_IGRAneg_BCG_44wk"
"PTK2",0.296210742919349,-0.390658416122345,0.481,0.48,1,"13","BCG_treated","week44","IGRApos_BCG_44wk_vs_IGRAneg_BCG_44wk"
"RCAN1",0.296363287497679,0.884377762346148,0.119,0.058,1,"13","BCG_treated","week44","IGRApos_BCG_44wk_vs_IGRAneg_BCG_44wk"
"KATNAL1",0.296452709510816,0.379546681371908,0.198,0.116,1,"13","BCG_treated","week44","IGRApos_BCG_44wk_vs_IGRAneg_BCG_44wk"
"CHD1L",0.296538102307066,-0.105045527436355,0.339,0.329,1,"13","BCG_treated","week44","IGRApos_BCG_44wk_vs_IGRAneg_BCG_44wk"
"EPM2AIP1",0.296624545217737,-0.291950064459416,0.217,0.191,1,"13","BCG_treated","week44","IGRApos_BCG_44wk_vs_IGRAneg_BCG_44wk"
"EXOSC3",0.296783265547857,0.153756704748305,0.251,0.156,1,"13","BCG_treated","week44","IGRApos_BCG_44wk_vs_IGRAneg_BCG_44wk"
"MTHFD2L",0.296893480203065,0.550198438330402,0.22,0.139,1,"13","BCG_treated","week44","IGRApos_BCG_44wk_vs_IGRAneg_BCG_44wk"
"ELF4",0.297011989998945,-0.323780873740029,0.32,0.295,1,"13","BCG_treated","week44","IGRApos_BCG_44wk_vs_IGRAneg_BCG_44wk"
"MRNIP",0.297092207493905,-0.358422382440905,0.18,0.168,1,"13","BCG_treated","week44","IGRApos_BCG_44wk_vs_IGRAneg_BCG_44wk"
"PMS2",0.297463460759287,0.35018693700694,0.143,0.087,1,"13","BCG_treated","week44","IGRApos_BCG_44wk_vs_IGRAneg_BCG_44wk"
"RPUSD4",0.29752417749356,-0.451350025220092,0.124,0.081,1,"13","BCG_treated","week44","IGRApos_BCG_44wk_vs_IGRAneg_BCG_44wk"
"NMI",0.297608352350573,-0.147880518982898,0.32,0.277,1,"13","BCG_treated","week44","IGRApos_BCG_44wk_vs_IGRAneg_BCG_44wk"
"TRAPPC1",0.297978491888383,0.632466580988363,0.111,0.058,1,"13","BCG_treated","week44","IGRApos_BCG_44wk_vs_IGRAneg_BCG_44wk"
"PSMB3",0.29803324403025,0.120143100911159,0.103,0.058,1,"13","BCG_treated","week44","IGRApos_BCG_44wk_vs_IGRAneg_BCG_44wk"
"ANKRD12",0.298060032085306,-0.146100268881121,0.955,0.919,1,"13","BCG_treated","week44","IGRApos_BCG_44wk_vs_IGRAneg_BCG_44wk"
"NCSTN",0.298255973314411,-0.314806535506499,0.13,0.127,1,"13","BCG_treated","week44","IGRApos_BCG_44wk_vs_IGRAneg_BCG_44wk"
"MED25",0.298438376424802,0.430440779489571,0.19,0.11,1,"13","BCG_treated","week44","IGRApos_BCG_44wk_vs_IGRAneg_BCG_44wk"
"TSPAN2",0.298671912193687,0.413463078153074,0.116,0.069,1,"13","BCG_treated","week44","IGRApos_BCG_44wk_vs_IGRAneg_BCG_44wk"
"TCEA1",0.298811957086276,-0.205554062255941,0.333,0.295,1,"13","BCG_treated","week44","IGRApos_BCG_44wk_vs_IGRAneg_BCG_44wk"
"BRAP",0.299211231518888,0.167439896688877,0.288,0.179,1,"13","BCG_treated","week44","IGRApos_BCG_44wk_vs_IGRAneg_BCG_44wk"
"MORF4L1",0.299546556624268,-0.226463346221269,0.519,0.457,1,"13","BCG_treated","week44","IGRApos_BCG_44wk_vs_IGRAneg_BCG_44wk"
"IQCH-AS1",0.29958103862976,-0.545320543440709,0.151,0.185,1,"13","BCG_treated","week44","IGRApos_BCG_44wk_vs_IGRAneg_BCG_44wk"
"HAT1",0.299615829120655,-0.332133320047812,0.23,0.22,1,"13","BCG_treated","week44","IGRApos_BCG_44wk_vs_IGRAneg_BCG_44wk"
"LINC03009.1",0.299716386704512,-0.115398364596319,0.741,0.711,1,"13","BCG_treated","week44","IGRApos_BCG_44wk_vs_IGRAneg_BCG_44wk"
"B3GNT7",0.299822301508395,0.637320571989966,0.225,0.139,1,"13","BCG_treated","week44","IGRApos_BCG_44wk_vs_IGRAneg_BCG_44wk"
"MED26",0.300207786064508,-0.27131624590804,0.31,0.272,1,"13","BCG_treated","week44","IGRApos_BCG_44wk_vs_IGRAneg_BCG_44wk"
"JADE3",0.300243764815073,0.255963598568569,0.101,0.092,1,"13","BCG_treated","week44","IGRApos_BCG_44wk_vs_IGRAneg_BCG_44wk"
"CNIH1",0.300316000990835,-0.380222101337546,0.143,0.145,1,"13","BCG_treated","week44","IGRApos_BCG_44wk_vs_IGRAneg_BCG_44wk"
"VAPB",0.300443443366741,-0.182801694062228,0.36,0.347,1,"13","BCG_treated","week44","IGRApos_BCG_44wk_vs_IGRAneg_BCG_44wk"
"CCDC146",0.300597072781403,-0.148217310416638,0.267,0.225,1,"13","BCG_treated","week44","IGRApos_BCG_44wk_vs_IGRAneg_BCG_44wk"
"SSH1",0.300735657725418,-0.109874668754062,0.561,0.462,1,"13","BCG_treated","week44","IGRApos_BCG_44wk_vs_IGRAneg_BCG_44wk"
"KMT5B",0.300810830882224,-0.115608589754297,0.574,0.572,1,"13","BCG_treated","week44","IGRApos_BCG_44wk_vs_IGRAneg_BCG_44wk"
"ERH",0.300990627821065,-0.172295109377456,0.206,0.162,1,"13","BCG_treated","week44","IGRApos_BCG_44wk_vs_IGRAneg_BCG_44wk"
"H2AZ2",0.301058839731778,0.203468032764005,0.32,0.214,1,"13","BCG_treated","week44","IGRApos_BCG_44wk_vs_IGRAneg_BCG_44wk"
"TRMT1",0.301305955519185,-0.596900392989715,0.101,0.116,1,"13","BCG_treated","week44","IGRApos_BCG_44wk_vs_IGRAneg_BCG_44wk"
"NECAP2",0.301533792642874,-0.311789721813478,0.257,0.254,1,"13","BCG_treated","week44","IGRApos_BCG_44wk_vs_IGRAneg_BCG_44wk"
"MTERF3",0.302145805302054,0.172872000468142,0.164,0.104,1,"13","BCG_treated","week44","IGRApos_BCG_44wk_vs_IGRAneg_BCG_44wk"
"DROSHA",0.302371477795122,-0.176786602567271,0.529,0.474,1,"13","BCG_treated","week44","IGRApos_BCG_44wk_vs_IGRAneg_BCG_44wk"
"RADIL",0.302538101371481,-0.711891853199737,0.101,0.104,1,"13","BCG_treated","week44","IGRApos_BCG_44wk_vs_IGRAneg_BCG_44wk"
"IKBIP",0.302608047671521,-0.70441098614181,0.153,0.156,1,"13","BCG_treated","week44","IGRApos_BCG_44wk_vs_IGRAneg_BCG_44wk"
"CMTM7",0.302710114465738,0.286237173947121,0.288,0.197,1,"13","BCG_treated","week44","IGRApos_BCG_44wk_vs_IGRAneg_BCG_44wk"
"SART3",0.303025963107439,-0.374157614532863,0.365,0.335,1,"13","BCG_treated","week44","IGRApos_BCG_44wk_vs_IGRAneg_BCG_44wk"
"MIDN",0.303332631138844,-0.162526582722184,0.254,0.214,1,"13","BCG_treated","week44","IGRApos_BCG_44wk_vs_IGRAneg_BCG_44wk"
"USP11",0.303448908505133,0.199872322530407,0.254,0.168,1,"13","BCG_treated","week44","IGRApos_BCG_44wk_vs_IGRAneg_BCG_44wk"
"NOTCH2NLB",0.303470256777133,0.601316368334861,0.111,0.052,1,"13","BCG_treated","week44","IGRApos_BCG_44wk_vs_IGRAneg_BCG_44wk"
"WBP2",0.303648675173496,-0.201570393956404,0.193,0.156,1,"13","BCG_treated","week44","IGRApos_BCG_44wk_vs_IGRAneg_BCG_44wk"
"ENSG00000214955",0.303758392355316,-0.58387917211458,0.114,0.116,1,"13","BCG_treated","week44","IGRApos_BCG_44wk_vs_IGRAneg_BCG_44wk"
"HDHD2",0.303781632233728,-0.376826282900574,0.317,0.301,1,"13","BCG_treated","week44","IGRApos_BCG_44wk_vs_IGRAneg_BCG_44wk"
"ZBTB2",0.303802427886431,-0.149083840864298,0.116,0.133,1,"13","BCG_treated","week44","IGRApos_BCG_44wk_vs_IGRAneg_BCG_44wk"
"ZNF117",0.303883205385633,0.381954394507235,0.212,0.133,1,"13","BCG_treated","week44","IGRApos_BCG_44wk_vs_IGRAneg_BCG_44wk"
"BPNT2",0.304405734346298,0.166008987170569,0.246,0.162,1,"13","BCG_treated","week44","IGRApos_BCG_44wk_vs_IGRAneg_BCG_44wk"
"TGIF1",0.304738542640148,-0.361465751733019,0.124,0.145,1,"13","BCG_treated","week44","IGRApos_BCG_44wk_vs_IGRAneg_BCG_44wk"
"CRKL",0.305228967695204,-0.335407557550003,0.331,0.295,1,"13","BCG_treated","week44","IGRApos_BCG_44wk_vs_IGRAneg_BCG_44wk"
"ENSG00000198106",0.305330041819968,0.574438985277367,0.27,0.162,1,"13","BCG_treated","week44","IGRApos_BCG_44wk_vs_IGRAneg_BCG_44wk"
"ENSG00000290073",0.305338502018273,-0.580541695468128,0.177,0.191,1,"13","BCG_treated","week44","IGRApos_BCG_44wk_vs_IGRAneg_BCG_44wk"
"PCMT1",0.30570729240752,-0.152484173138116,0.336,0.266,1,"13","BCG_treated","week44","IGRApos_BCG_44wk_vs_IGRAneg_BCG_44wk"
"PLCG1",0.305793028479537,-0.242115824671283,0.103,0.092,1,"13","BCG_treated","week44","IGRApos_BCG_44wk_vs_IGRAneg_BCG_44wk"
"CD83",0.30607420070861,0.345653394479556,0.698,0.566,1,"13","BCG_treated","week44","IGRApos_BCG_44wk_vs_IGRAneg_BCG_44wk"
"CFAP44",0.306137734973364,0.524376975071827,0.291,0.197,1,"13","BCG_treated","week44","IGRApos_BCG_44wk_vs_IGRAneg_BCG_44wk"
"GPATCH4",0.306181997325466,-0.644063186579183,0.124,0.104,1,"13","BCG_treated","week44","IGRApos_BCG_44wk_vs_IGRAneg_BCG_44wk"
"ZNF480",0.306423918300324,-0.425116221006217,0.177,0.173,1,"13","BCG_treated","week44","IGRApos_BCG_44wk_vs_IGRAneg_BCG_44wk"
"GDE1",0.306619718844682,-0.519952844575644,0.116,0.127,1,"13","BCG_treated","week44","IGRApos_BCG_44wk_vs_IGRAneg_BCG_44wk"
"TAF4",0.306906473748281,-0.34265469741289,0.376,0.364,1,"13","BCG_treated","week44","IGRApos_BCG_44wk_vs_IGRAneg_BCG_44wk"
"ARL5B",0.306944250119368,-0.458246463039007,0.153,0.127,1,"13","BCG_treated","week44","IGRApos_BCG_44wk_vs_IGRAneg_BCG_44wk"
"FAM107B",0.306994265125916,-0.105809162473621,0.775,0.699,1,"13","BCG_treated","week44","IGRApos_BCG_44wk_vs_IGRAneg_BCG_44wk"
"FAM120A",0.307169536334092,-0.104198543977732,0.635,0.578,1,"13","BCG_treated","week44","IGRApos_BCG_44wk_vs_IGRAneg_BCG_44wk"
"ENSG00000291201",0.307297585844703,0.97254223331594,0.119,0.052,1,"13","BCG_treated","week44","IGRApos_BCG_44wk_vs_IGRAneg_BCG_44wk"
"DRAP1",0.307416570054118,-0.475998414869237,0.259,0.243,1,"13","BCG_treated","week44","IGRApos_BCG_44wk_vs_IGRAneg_BCG_44wk"
"GUSBP1.1",0.307450485154324,-0.345895094858599,0.265,0.243,1,"13","BCG_treated","week44","IGRApos_BCG_44wk_vs_IGRAneg_BCG_44wk"
"TTC13",0.307705250967346,0.230238996159794,0.55,0.405,1,"13","BCG_treated","week44","IGRApos_BCG_44wk_vs_IGRAneg_BCG_44wk"
"TP53",0.307712287406518,-0.288526449253008,0.362,0.312,1,"13","BCG_treated","week44","IGRApos_BCG_44wk_vs_IGRAneg_BCG_44wk"
"RFX2",0.307854595388168,-0.321533993566764,0.357,0.347,1,"13","BCG_treated","week44","IGRApos_BCG_44wk_vs_IGRAneg_BCG_44wk"
"RPS16",0.308033881001347,-0.190226902890225,0.278,0.289,1,"13","BCG_treated","week44","IGRApos_BCG_44wk_vs_IGRAneg_BCG_44wk"
"FBXW11",0.308167801889775,0.191291247434853,0.735,0.595,1,"13","BCG_treated","week44","IGRApos_BCG_44wk_vs_IGRAneg_BCG_44wk"
"PREPL",0.308200425615087,-0.241300213821737,0.28,0.237,1,"13","BCG_treated","week44","IGRApos_BCG_44wk_vs_IGRAneg_BCG_44wk"
"DDX50",0.308483208115296,-0.299571917945053,0.37,0.324,1,"13","BCG_treated","week44","IGRApos_BCG_44wk_vs_IGRAneg_BCG_44wk"
"COMMD2",0.308884615471653,-0.372182426873378,0.151,0.133,1,"13","BCG_treated","week44","IGRApos_BCG_44wk_vs_IGRAneg_BCG_44wk"
"PRORP",0.308971925844714,-0.209697841980486,0.357,0.312,1,"13","BCG_treated","week44","IGRApos_BCG_44wk_vs_IGRAneg_BCG_44wk"
"ZNF268",0.309001488938559,-0.198342488158192,0.108,0.081,1,"13","BCG_treated","week44","IGRApos_BCG_44wk_vs_IGRAneg_BCG_44wk"
"COG5",0.309211568817612,-0.149633356990872,0.72,0.682,1,"13","BCG_treated","week44","IGRApos_BCG_44wk_vs_IGRAneg_BCG_44wk"
"SCAPER",0.309282607170122,-0.1780295877577,0.706,0.653,1,"13","BCG_treated","week44","IGRApos_BCG_44wk_vs_IGRAneg_BCG_44wk"
"ENSG00000284697",0.30934911367531,0.874547436462535,0.114,0.058,1,"13","BCG_treated","week44","IGRApos_BCG_44wk_vs_IGRAneg_BCG_44wk"
"PWWP2B",0.309391778575695,0.571584687277523,0.143,0.075,1,"13","BCG_treated","week44","IGRApos_BCG_44wk_vs_IGRAneg_BCG_44wk"
"INO80B",0.309671733550416,-0.457246013155966,0.111,0.104,1,"13","BCG_treated","week44","IGRApos_BCG_44wk_vs_IGRAneg_BCG_44wk"
"SMIM4",0.309701465868894,0.691172382070193,0.111,0.058,1,"13","BCG_treated","week44","IGRApos_BCG_44wk_vs_IGRAneg_BCG_44wk"
"CD46",0.30989020194067,0.141462011418952,0.558,0.422,1,"13","BCG_treated","week44","IGRApos_BCG_44wk_vs_IGRAneg_BCG_44wk"
"SUGT1P3.1",0.310167993550884,0.110947113954803,0.251,0.179,1,"13","BCG_treated","week44","IGRApos_BCG_44wk_vs_IGRAneg_BCG_44wk"
"ZSWIM9",0.31036931464795,0.140640190313599,0.185,0.133,1,"13","BCG_treated","week44","IGRApos_BCG_44wk_vs_IGRAneg_BCG_44wk"
"CMPK1",0.310534288662016,-0.265531207880586,0.394,0.341,1,"13","BCG_treated","week44","IGRApos_BCG_44wk_vs_IGRAneg_BCG_44wk"
"NHLRC2",0.310673244456259,-0.220041042144039,0.468,0.434,1,"13","BCG_treated","week44","IGRApos_BCG_44wk_vs_IGRAneg_BCG_44wk"
"CEP290",0.310694222328945,0.144920758542344,0.479,0.353,1,"13","BCG_treated","week44","IGRApos_BCG_44wk_vs_IGRAneg_BCG_44wk"
"ENSG00000290890",0.311298018312576,0.101267162682223,0.161,0.098,1,"13","BCG_treated","week44","IGRApos_BCG_44wk_vs_IGRAneg_BCG_44wk"
"POLR3C",0.311385359547486,-0.311136275949832,0.201,0.197,1,"13","BCG_treated","week44","IGRApos_BCG_44wk_vs_IGRAneg_BCG_44wk"
"TMEM185A",0.311612039862715,0.282820460587466,0.233,0.145,1,"13","BCG_treated","week44","IGRApos_BCG_44wk_vs_IGRAneg_BCG_44wk"
"TAP2",0.311621635345206,0.451551054802863,0.537,0.376,1,"13","BCG_treated","week44","IGRApos_BCG_44wk_vs_IGRAneg_BCG_44wk"
"TAS2R14",0.311682826230279,-0.135354328735898,0.881,0.85,1,"13","BCG_treated","week44","IGRApos_BCG_44wk_vs_IGRAneg_BCG_44wk"
"RNF207",0.311992775375838,-0.786818867841425,0.119,0.104,1,"13","BCG_treated","week44","IGRApos_BCG_44wk_vs_IGRAneg_BCG_44wk"
"CBL",0.312129509030794,-0.224381750407709,0.458,0.439,1,"13","BCG_treated","week44","IGRApos_BCG_44wk_vs_IGRAneg_BCG_44wk"
"STN1",0.312378751449228,-0.189040567713991,0.23,0.249,1,"13","BCG_treated","week44","IGRApos_BCG_44wk_vs_IGRAneg_BCG_44wk"
"RFC2",0.3123900404642,-0.561262456958545,0.106,0.11,1,"13","BCG_treated","week44","IGRApos_BCG_44wk_vs_IGRAneg_BCG_44wk"
"ENSG00000283782",0.312821599866378,0.189000476206695,0.751,0.642,1,"13","BCG_treated","week44","IGRApos_BCG_44wk_vs_IGRAneg_BCG_44wk"
"AGPAT3",0.312844072278125,0.384121562318213,0.452,0.341,1,"13","BCG_treated","week44","IGRApos_BCG_44wk_vs_IGRAneg_BCG_44wk"
"PDXDC1",0.313005650244023,-0.120062095672482,0.579,0.538,1,"13","BCG_treated","week44","IGRApos_BCG_44wk_vs_IGRAneg_BCG_44wk"
"EIF3K",0.313139423488321,-0.433163067984145,0.193,0.191,1,"13","BCG_treated","week44","IGRApos_BCG_44wk_vs_IGRAneg_BCG_44wk"
"CYREN",0.313221770660803,-0.334894307622677,0.206,0.185,1,"13","BCG_treated","week44","IGRApos_BCG_44wk_vs_IGRAneg_BCG_44wk"
"ABT1",0.313383226734607,0.250746704954412,0.122,0.075,1,"13","BCG_treated","week44","IGRApos_BCG_44wk_vs_IGRAneg_BCG_44wk"
"RCBTB1",0.313862501414871,0.758672076398189,0.18,0.11,1,"13","BCG_treated","week44","IGRApos_BCG_44wk_vs_IGRAneg_BCG_44wk"
"EXOSC2",0.314206415924377,-0.377210726743572,0.161,0.127,1,"13","BCG_treated","week44","IGRApos_BCG_44wk_vs_IGRAneg_BCG_44wk"
"ZNF496",0.314239318702844,-0.164139356431575,0.272,0.272,1,"13","BCG_treated","week44","IGRApos_BCG_44wk_vs_IGRAneg_BCG_44wk"
"ABAT",0.314400993874092,0.305040742914982,0.384,0.266,1,"13","BCG_treated","week44","IGRApos_BCG_44wk_vs_IGRAneg_BCG_44wk"
"ZNF26",0.314889889779784,-0.129583332111453,0.373,0.306,1,"13","BCG_treated","week44","IGRApos_BCG_44wk_vs_IGRAneg_BCG_44wk"
"MRPS18C",0.315459382355019,-0.470981182962095,0.098,0.11,1,"13","BCG_treated","week44","IGRApos_BCG_44wk_vs_IGRAneg_BCG_44wk"
"DNTTIP1",0.316382722652189,0.303138944193453,0.156,0.092,1,"13","BCG_treated","week44","IGRApos_BCG_44wk_vs_IGRAneg_BCG_44wk"
"APEX1",0.316587827404814,-0.344004331497715,0.13,0.127,1,"13","BCG_treated","week44","IGRApos_BCG_44wk_vs_IGRAneg_BCG_44wk"
"ACOT8",0.316668203981694,0.995768983380811,0.108,0.04,1,"13","BCG_treated","week44","IGRApos_BCG_44wk_vs_IGRAneg_BCG_44wk"
"SSBP4",0.317055178656816,-0.52322764113219,0.143,0.162,1,"13","BCG_treated","week44","IGRApos_BCG_44wk_vs_IGRAneg_BCG_44wk"
"CALR",0.317463967261968,-0.165083986496887,0.619,0.549,1,"13","BCG_treated","week44","IGRApos_BCG_44wk_vs_IGRAneg_BCG_44wk"
"DIS3",0.318365778504023,-0.238601079748163,0.32,0.277,1,"13","BCG_treated","week44","IGRApos_BCG_44wk_vs_IGRAneg_BCG_44wk"
"MFSD9",0.318416474699752,0.166829733869134,0.148,0.081,1,"13","BCG_treated","week44","IGRApos_BCG_44wk_vs_IGRAneg_BCG_44wk"
"ZNF623",0.318488655580129,0.210727958758298,0.235,0.162,1,"13","BCG_treated","week44","IGRApos_BCG_44wk_vs_IGRAneg_BCG_44wk"
"MVD",0.318738767293038,0.295873679625856,0.153,0.087,1,"13","BCG_treated","week44","IGRApos_BCG_44wk_vs_IGRAneg_BCG_44wk"
"ACER3",0.318754597479537,-0.204139913476547,0.331,0.289,1,"13","BCG_treated","week44","IGRApos_BCG_44wk_vs_IGRAneg_BCG_44wk"
"ACADM",0.318913988649831,-0.325167834529848,0.304,0.301,1,"13","BCG_treated","week44","IGRApos_BCG_44wk_vs_IGRAneg_BCG_44wk"
"USP45",0.319016208432357,0.259435175153963,0.241,0.162,1,"13","BCG_treated","week44","IGRApos_BCG_44wk_vs_IGRAneg_BCG_44wk"
"DSE",0.319480121208448,-0.479352937484045,0.183,0.197,1,"13","BCG_treated","week44","IGRApos_BCG_44wk_vs_IGRAneg_BCG_44wk"
"REXO4",0.319487473365972,0.279101019688088,0.278,0.185,1,"13","BCG_treated","week44","IGRApos_BCG_44wk_vs_IGRAneg_BCG_44wk"
"PMM2",0.319491950954803,-0.104249031512231,0.45,0.428,1,"13","BCG_treated","week44","IGRApos_BCG_44wk_vs_IGRAneg_BCG_44wk"
"NHLRC3",0.319752609182132,0.221727042703793,0.209,0.133,1,"13","BCG_treated","week44","IGRApos_BCG_44wk_vs_IGRAneg_BCG_44wk"
"FH",0.319916772582321,-0.218384661439704,0.116,0.092,1,"13","BCG_treated","week44","IGRApos_BCG_44wk_vs_IGRAneg_BCG_44wk"
"PLPP3",0.319956359652181,-0.474202852478292,0.143,0.133,1,"13","BCG_treated","week44","IGRApos_BCG_44wk_vs_IGRAneg_BCG_44wk"
"RLF",0.320020812979779,0.240780947738577,0.685,0.532,1,"13","BCG_treated","week44","IGRApos_BCG_44wk_vs_IGRAneg_BCG_44wk"
"BCL2L11",0.320091078433143,0.325481226116846,0.481,0.324,1,"13","BCG_treated","week44","IGRApos_BCG_44wk_vs_IGRAneg_BCG_44wk"
"ADRM1",0.320303954706468,-0.945399140215634,0.106,0.092,1,"13","BCG_treated","week44","IGRApos_BCG_44wk_vs_IGRAneg_BCG_44wk"
"ENSG00000249476",0.320440177473892,0.78182954352751,0.13,0.069,1,"13","BCG_treated","week44","IGRApos_BCG_44wk_vs_IGRAneg_BCG_44wk"
"AQR",0.320505126840417,-0.131737754575998,0.624,0.578,1,"13","BCG_treated","week44","IGRApos_BCG_44wk_vs_IGRAneg_BCG_44wk"
"CCDC171",0.321264732782045,-0.365270795861497,0.161,0.156,1,"13","BCG_treated","week44","IGRApos_BCG_44wk_vs_IGRAneg_BCG_44wk"
"GYG1",0.321326237535137,-0.295356003210571,0.151,0.116,1,"13","BCG_treated","week44","IGRApos_BCG_44wk_vs_IGRAneg_BCG_44wk"
"MAP3K11",0.32143097246413,-0.399558018020401,0.217,0.22,1,"13","BCG_treated","week44","IGRApos_BCG_44wk_vs_IGRAneg_BCG_44wk"
"SH3GLB2",0.321460658623332,0.707250539959476,0.114,0.052,1,"13","BCG_treated","week44","IGRApos_BCG_44wk_vs_IGRAneg_BCG_44wk"
"HNRNPA3",0.321618929750109,0.182258691284797,0.78,0.618,1,"13","BCG_treated","week44","IGRApos_BCG_44wk_vs_IGRAneg_BCG_44wk"
"FARSB",0.321624002437985,-0.26473871153956,0.283,0.277,1,"13","BCG_treated","week44","IGRApos_BCG_44wk_vs_IGRAneg_BCG_44wk"
"BCL7C",0.321690193879818,-0.102077628089283,0.238,0.173,1,"13","BCG_treated","week44","IGRApos_BCG_44wk_vs_IGRAneg_BCG_44wk"
"TMEM181",0.321794349646617,-0.190675213354468,0.558,0.509,1,"13","BCG_treated","week44","IGRApos_BCG_44wk_vs_IGRAneg_BCG_44wk"
"PLEKHF2",0.321978600247966,-0.203755743722641,0.119,0.104,1,"13","BCG_treated","week44","IGRApos_BCG_44wk_vs_IGRAneg_BCG_44wk"
"CCZ1B",0.322133971963696,0.449424958841572,0.177,0.116,1,"13","BCG_treated","week44","IGRApos_BCG_44wk_vs_IGRAneg_BCG_44wk"
"ZFAND5",0.322207263279887,-0.101013617622281,0.278,0.22,1,"13","BCG_treated","week44","IGRApos_BCG_44wk_vs_IGRAneg_BCG_44wk"
"FMNL1",0.322490873363692,0.148892755216021,0.862,0.705,1,"13","BCG_treated","week44","IGRApos_BCG_44wk_vs_IGRAneg_BCG_44wk"
"CLTB",0.322523270288609,-0.511407793132607,0.095,0.104,1,"13","BCG_treated","week44","IGRApos_BCG_44wk_vs_IGRAneg_BCG_44wk"
"NOTCH2NLA",0.322938785817812,-0.422559149161277,0.235,0.202,1,"13","BCG_treated","week44","IGRApos_BCG_44wk_vs_IGRAneg_BCG_44wk"
"IFT172",0.323256110135423,-0.183293193311577,0.111,0.092,1,"13","BCG_treated","week44","IGRApos_BCG_44wk_vs_IGRAneg_BCG_44wk"
"ITGAV",0.323338905868852,-0.178862808017487,0.23,0.208,1,"13","BCG_treated","week44","IGRApos_BCG_44wk_vs_IGRAneg_BCG_44wk"
"SLC38A1",0.323401291275301,-0.105359938835652,0.974,0.965,1,"13","BCG_treated","week44","IGRApos_BCG_44wk_vs_IGRAneg_BCG_44wk"
"RDH13",0.323560305855016,0.87648582661069,0.101,0.052,1,"13","BCG_treated","week44","IGRApos_BCG_44wk_vs_IGRAneg_BCG_44wk"
"ENSG00000290578",0.323658827901903,-0.248683321932296,0.151,0.121,1,"13","BCG_treated","week44","IGRApos_BCG_44wk_vs_IGRAneg_BCG_44wk"
"HIGD1A",0.323949433280985,0.629765841585558,0.122,0.092,1,"13","BCG_treated","week44","IGRApos_BCG_44wk_vs_IGRAneg_BCG_44wk"
"JMJD6",0.323962365880195,-0.194793701748084,0.251,0.243,1,"13","BCG_treated","week44","IGRApos_BCG_44wk_vs_IGRAneg_BCG_44wk"
"LAMTOR5-AS1",0.324395163682457,0.13226518943326,0.368,0.26,1,"13","BCG_treated","week44","IGRApos_BCG_44wk_vs_IGRAneg_BCG_44wk"
"FAM174A",0.324440302782378,0.416303906750743,0.119,0.064,1,"13","BCG_treated","week44","IGRApos_BCG_44wk_vs_IGRAneg_BCG_44wk"
"WDR89",0.324692739323396,0.358432424551689,0.22,0.145,1,"13","BCG_treated","week44","IGRApos_BCG_44wk_vs_IGRAneg_BCG_44wk"
"NIPA2",0.324755616639559,0.396349847486724,0.286,0.185,1,"13","BCG_treated","week44","IGRApos_BCG_44wk_vs_IGRAneg_BCG_44wk"
"MVB12B",0.324779681903599,0.360606163720199,0.36,0.254,1,"13","BCG_treated","week44","IGRApos_BCG_44wk_vs_IGRAneg_BCG_44wk"
"ZNF160",0.324948309875249,0.50876013496748,0.381,0.272,1,"13","BCG_treated","week44","IGRApos_BCG_44wk_vs_IGRAneg_BCG_44wk"
"ZNF717",0.324995010658057,0.359289720442732,0.122,0.075,1,"13","BCG_treated","week44","IGRApos_BCG_44wk_vs_IGRAneg_BCG_44wk"
"TOMM40",0.325128404646061,-0.194070850521694,0.132,0.104,1,"13","BCG_treated","week44","IGRApos_BCG_44wk_vs_IGRAneg_BCG_44wk"
"ANKRD42-DT",0.325188033722479,0.614839633729167,0.132,0.081,1,"13","BCG_treated","week44","IGRApos_BCG_44wk_vs_IGRAneg_BCG_44wk"
"RPL29",0.32544560532334,-0.403436697327695,0.135,0.133,1,"13","BCG_treated","week44","IGRApos_BCG_44wk_vs_IGRAneg_BCG_44wk"
"YJU2B",0.325525463405774,-0.585778417798244,0.164,0.156,1,"13","BCG_treated","week44","IGRApos_BCG_44wk_vs_IGRAneg_BCG_44wk"
"FIP1L1",0.325666055953444,-0.149869076193983,0.614,0.561,1,"13","BCG_treated","week44","IGRApos_BCG_44wk_vs_IGRAneg_BCG_44wk"
"GZMK",0.325937008910394,-1.03433398086505,0.082,0.11,1,"13","BCG_treated","week44","IGRApos_BCG_44wk_vs_IGRAneg_BCG_44wk"
"CTSZ",0.326185969969103,0.226426725117283,0.143,0.087,1,"13","BCG_treated","week44","IGRApos_BCG_44wk_vs_IGRAneg_BCG_44wk"
"BRD3",0.326199516380136,-0.281390061966364,0.296,0.289,1,"13","BCG_treated","week44","IGRApos_BCG_44wk_vs_IGRAneg_BCG_44wk"
"MYSM1",0.326429499011773,-0.152586842744754,0.481,0.399,1,"13","BCG_treated","week44","IGRApos_BCG_44wk_vs_IGRAneg_BCG_44wk"
"ENSG00000290876",0.326608248234962,0.23278850949812,0.241,0.162,1,"13","BCG_treated","week44","IGRApos_BCG_44wk_vs_IGRAneg_BCG_44wk"
"NUP160",0.326924685461011,0.166042085359435,0.481,0.37,1,"13","BCG_treated","week44","IGRApos_BCG_44wk_vs_IGRAneg_BCG_44wk"
"FEM1A",0.327012441819159,-0.551395265913839,0.101,0.087,1,"13","BCG_treated","week44","IGRApos_BCG_44wk_vs_IGRAneg_BCG_44wk"
"RAB11FIP3",0.327110717439975,-0.143435600718851,0.431,0.387,1,"13","BCG_treated","week44","IGRApos_BCG_44wk_vs_IGRAneg_BCG_44wk"
"SNIP1",0.327335937344182,0.315763996785507,0.169,0.098,1,"13","BCG_treated","week44","IGRApos_BCG_44wk_vs_IGRAneg_BCG_44wk"
"FAM149B1",0.327936372552384,0.109871655036246,0.233,0.168,1,"13","BCG_treated","week44","IGRApos_BCG_44wk_vs_IGRAneg_BCG_44wk"
"NIT1",0.328059436087505,0.17035667986424,0.114,0.069,1,"13","BCG_treated","week44","IGRApos_BCG_44wk_vs_IGRAneg_BCG_44wk"
"CDS2",0.328483272442504,0.273625612053697,0.429,0.295,1,"13","BCG_treated","week44","IGRApos_BCG_44wk_vs_IGRAneg_BCG_44wk"
"LINC00861",0.32848561707522,0.529395846605112,0.325,0.22,1,"13","BCG_treated","week44","IGRApos_BCG_44wk_vs_IGRAneg_BCG_44wk"
"PFDN1",0.328767054761548,-0.237007178481355,0.251,0.208,1,"13","BCG_treated","week44","IGRApos_BCG_44wk_vs_IGRAneg_BCG_44wk"
"ZCCHC2",0.328838565022312,0.381128140017833,0.489,0.376,1,"13","BCG_treated","week44","IGRApos_BCG_44wk_vs_IGRAneg_BCG_44wk"
"PIPOX",0.328844989851115,0.523284907194849,0.193,0.127,1,"13","BCG_treated","week44","IGRApos_BCG_44wk_vs_IGRAneg_BCG_44wk"
"SKAP2",0.329040438741499,-0.320113320320243,0.55,0.52,1,"13","BCG_treated","week44","IGRApos_BCG_44wk_vs_IGRAneg_BCG_44wk"
"CCT4",0.329306837203709,0.311050863239141,0.431,0.283,1,"13","BCG_treated","week44","IGRApos_BCG_44wk_vs_IGRAneg_BCG_44wk"
"PIGO",0.329359265243651,0.440696783044881,0.106,0.058,1,"13","BCG_treated","week44","IGRApos_BCG_44wk_vs_IGRAneg_BCG_44wk"
"ALKBH5",0.329471558805701,0.407955127970389,0.233,0.145,1,"13","BCG_treated","week44","IGRApos_BCG_44wk_vs_IGRAneg_BCG_44wk"
"PAXBP1",0.329879972940903,-0.260533670064077,0.526,0.474,1,"13","BCG_treated","week44","IGRApos_BCG_44wk_vs_IGRAneg_BCG_44wk"
"NACC2",0.330196198014541,0.748483821705304,0.201,0.116,1,"13","BCG_treated","week44","IGRApos_BCG_44wk_vs_IGRAneg_BCG_44wk"
"S100A10",0.330446323239144,-0.576380518819445,0.127,0.139,1,"13","BCG_treated","week44","IGRApos_BCG_44wk_vs_IGRAneg_BCG_44wk"
"QARS1",0.330458115977714,-0.328084332288326,0.214,0.191,1,"13","BCG_treated","week44","IGRApos_BCG_44wk_vs_IGRAneg_BCG_44wk"
"TOMM70",0.330613917425542,0.323723046639907,0.299,0.191,1,"13","BCG_treated","week44","IGRApos_BCG_44wk_vs_IGRAneg_BCG_44wk"
"AIG1",0.330751499168601,-0.351496639923263,0.198,0.197,1,"13","BCG_treated","week44","IGRApos_BCG_44wk_vs_IGRAneg_BCG_44wk"
"JAK3",0.330954725000057,0.241077912684921,0.669,0.514,1,"13","BCG_treated","week44","IGRApos_BCG_44wk_vs_IGRAneg_BCG_44wk"
"BNIP3L",0.330998374791624,0.62117859485083,0.243,0.145,1,"13","BCG_treated","week44","IGRApos_BCG_44wk_vs_IGRAneg_BCG_44wk"
"FANCC",0.331375624099002,-0.163458165678555,0.124,0.092,1,"13","BCG_treated","week44","IGRApos_BCG_44wk_vs_IGRAneg_BCG_44wk"
"NCOA5",0.331797974458385,-0.158392370393722,0.418,0.376,1,"13","BCG_treated","week44","IGRApos_BCG_44wk_vs_IGRAneg_BCG_44wk"
"CCDC134",0.331851039192488,-0.217612129199494,0.172,0.162,1,"13","BCG_treated","week44","IGRApos_BCG_44wk_vs_IGRAneg_BCG_44wk"
"ITSN2",0.332017037816898,-0.117748849940992,0.91,0.832,1,"13","BCG_treated","week44","IGRApos_BCG_44wk_vs_IGRAneg_BCG_44wk"
"SLC25A6",0.332024983959968,-0.178784205080153,0.233,0.197,1,"13","BCG_treated","week44","IGRApos_BCG_44wk_vs_IGRAneg_BCG_44wk"
"DERL1",0.332188407015388,0.257852691882752,0.325,0.231,1,"13","BCG_treated","week44","IGRApos_BCG_44wk_vs_IGRAneg_BCG_44wk"
"ZFP3",0.332585368222359,0.582985239758276,0.119,0.064,1,"13","BCG_treated","week44","IGRApos_BCG_44wk_vs_IGRAneg_BCG_44wk"
"ENSG00000291171",0.332849441562273,0.344357565233761,0.193,0.116,1,"13","BCG_treated","week44","IGRApos_BCG_44wk_vs_IGRAneg_BCG_44wk"
"SCO1",0.33286279738045,0.124482042156444,0.204,0.133,1,"13","BCG_treated","week44","IGRApos_BCG_44wk_vs_IGRAneg_BCG_44wk"
"CLK2",0.33291615040371,0.162888192254173,0.397,0.277,1,"13","BCG_treated","week44","IGRApos_BCG_44wk_vs_IGRAneg_BCG_44wk"
"GNG5",0.333172223430981,-0.285078768696792,0.13,0.104,1,"13","BCG_treated","week44","IGRApos_BCG_44wk_vs_IGRAneg_BCG_44wk"
"R3HDM2",0.333192452596623,-0.248038748077653,0.696,0.665,1,"13","BCG_treated","week44","IGRApos_BCG_44wk_vs_IGRAneg_BCG_44wk"
"SRPRB",0.333238551986656,-0.325318350164433,0.124,0.127,1,"13","BCG_treated","week44","IGRApos_BCG_44wk_vs_IGRAneg_BCG_44wk"
"ZNHIT6",0.333289626290443,-0.267496243269528,0.376,0.341,1,"13","BCG_treated","week44","IGRApos_BCG_44wk_vs_IGRAneg_BCG_44wk"
"RUNX2",0.333304336429579,0.28718557924479,0.778,0.647,1,"13","BCG_treated","week44","IGRApos_BCG_44wk_vs_IGRAneg_BCG_44wk"
"PATJ",0.333313021747778,-0.230028045313718,0.476,0.491,1,"13","BCG_treated","week44","IGRApos_BCG_44wk_vs_IGRAneg_BCG_44wk"
"ZBTB34",0.33352254774743,0.749333041852069,0.103,0.046,1,"13","BCG_treated","week44","IGRApos_BCG_44wk_vs_IGRAneg_BCG_44wk"
"TSPAN5",0.333738652805457,0.263586175396074,0.5,0.387,1,"13","BCG_treated","week44","IGRApos_BCG_44wk_vs_IGRAneg_BCG_44wk"
"SRF",0.334117465118031,0.526763091468573,0.177,0.098,1,"13","BCG_treated","week44","IGRApos_BCG_44wk_vs_IGRAneg_BCG_44wk"
"PLGRKT",0.33434492568899,0.688658311733974,0.146,0.098,1,"13","BCG_treated","week44","IGRApos_BCG_44wk_vs_IGRAneg_BCG_44wk"
"CLK4",0.334388088968229,-0.14992920202151,0.481,0.416,1,"13","BCG_treated","week44","IGRApos_BCG_44wk_vs_IGRAneg_BCG_44wk"
"GNA12",0.334455505341429,-0.269315090269816,0.307,0.272,1,"13","BCG_treated","week44","IGRApos_BCG_44wk_vs_IGRAneg_BCG_44wk"
"FUBP3",0.334463563073768,-0.111225652119353,0.45,0.37,1,"13","BCG_treated","week44","IGRApos_BCG_44wk_vs_IGRAneg_BCG_44wk"
"CLNK",0.334664116419044,0.374338807000057,0.22,0.156,1,"13","BCG_treated","week44","IGRApos_BCG_44wk_vs_IGRAneg_BCG_44wk"
"FLT3LG",0.334690744103006,-1.03786929186981,0.101,0.139,1,"13","BCG_treated","week44","IGRApos_BCG_44wk_vs_IGRAneg_BCG_44wk"
"QRICH1",0.334790699755808,0.188989389670064,0.529,0.382,1,"13","BCG_treated","week44","IGRApos_BCG_44wk_vs_IGRAneg_BCG_44wk"
"HNRNPDL",0.334937686183627,0.198746760978953,0.624,0.457,1,"13","BCG_treated","week44","IGRApos_BCG_44wk_vs_IGRAneg_BCG_44wk"
"NDUFS1",0.335035080630382,-0.200871092476415,0.36,0.329,1,"13","BCG_treated","week44","IGRApos_BCG_44wk_vs_IGRAneg_BCG_44wk"
"ENSG00000260729",0.335235670762435,0.463222476313067,0.212,0.156,1,"13","BCG_treated","week44","IGRApos_BCG_44wk_vs_IGRAneg_BCG_44wk"
"YIPF4",0.3352706051518,0.344724353225996,0.468,0.312,1,"13","BCG_treated","week44","IGRApos_BCG_44wk_vs_IGRAneg_BCG_44wk"
"RNF111",0.33547356495031,0.422396179796248,0.577,0.393,1,"13","BCG_treated","week44","IGRApos_BCG_44wk_vs_IGRAneg_BCG_44wk"
"RMDN3",0.335579775184181,0.43308462924015,0.188,0.116,1,"13","BCG_treated","week44","IGRApos_BCG_44wk_vs_IGRAneg_BCG_44wk"
"TLR1",0.335762206463503,-0.112003506802624,0.138,0.104,1,"13","BCG_treated","week44","IGRApos_BCG_44wk_vs_IGRAneg_BCG_44wk"
"EOMES",0.335827245051926,-0.232248729130091,0.172,0.139,1,"13","BCG_treated","week44","IGRApos_BCG_44wk_vs_IGRAneg_BCG_44wk"
"TAGAP-AS1",0.336073480385843,0.445942197418718,0.156,0.092,1,"13","BCG_treated","week44","IGRApos_BCG_44wk_vs_IGRAneg_BCG_44wk"
"HTATSF1",0.336088243692509,0.387954076659213,0.228,0.156,1,"13","BCG_treated","week44","IGRApos_BCG_44wk_vs_IGRAneg_BCG_44wk"
"ANO6",0.336172096925205,-0.271960975043246,0.503,0.462,1,"13","BCG_treated","week44","IGRApos_BCG_44wk_vs_IGRAneg_BCG_44wk"
"ENSG00000270099",0.336587307614679,0.525506326317753,0.262,0.168,1,"13","BCG_treated","week44","IGRApos_BCG_44wk_vs_IGRAneg_BCG_44wk"
"SNRPN",0.336618847651455,0.200983420030041,0.381,0.266,1,"13","BCG_treated","week44","IGRApos_BCG_44wk_vs_IGRAneg_BCG_44wk"
"HIP1",0.336751792832686,-0.314019503312724,0.762,0.74,1,"13","BCG_treated","week44","IGRApos_BCG_44wk_vs_IGRAneg_BCG_44wk"
"PDZD2",0.336972706650184,0.625301322768165,0.196,0.127,1,"13","BCG_treated","week44","IGRApos_BCG_44wk_vs_IGRAneg_BCG_44wk"
"ZNF407-AS1",0.337095976467734,-0.51832903094605,0.106,0.098,1,"13","BCG_treated","week44","IGRApos_BCG_44wk_vs_IGRAneg_BCG_44wk"
"PKD1",0.337166771329274,0.38325551181212,0.233,0.145,1,"13","BCG_treated","week44","IGRApos_BCG_44wk_vs_IGRAneg_BCG_44wk"
"KATNA1",0.337665988721317,-0.175030526905543,0.156,0.127,1,"13","BCG_treated","week44","IGRApos_BCG_44wk_vs_IGRAneg_BCG_44wk"
"LAMP2",0.337744735269334,0.411951872758791,0.257,0.162,1,"13","BCG_treated","week44","IGRApos_BCG_44wk_vs_IGRAneg_BCG_44wk"
"ZC3H13",0.337930140474412,-0.108728595640571,0.701,0.642,1,"13","BCG_treated","week44","IGRApos_BCG_44wk_vs_IGRAneg_BCG_44wk"
"SCAMP4",0.338199829032515,-0.626043457903421,0.106,0.092,1,"13","BCG_treated","week44","IGRApos_BCG_44wk_vs_IGRAneg_BCG_44wk"
"DYNLL2",0.338208328721546,-0.296457004311591,0.172,0.156,1,"13","BCG_treated","week44","IGRApos_BCG_44wk_vs_IGRAneg_BCG_44wk"
"HK1",0.338557896133726,-0.260373316653026,0.466,0.445,1,"13","BCG_treated","week44","IGRApos_BCG_44wk_vs_IGRAneg_BCG_44wk"
"FHIT",0.338869566973221,-0.118900670964149,0.394,0.329,1,"13","BCG_treated","week44","IGRApos_BCG_44wk_vs_IGRAneg_BCG_44wk"
"SH3BP5-AS1",0.33921755837192,0.30145465940246,0.22,0.133,1,"13","BCG_treated","week44","IGRApos_BCG_44wk_vs_IGRAneg_BCG_44wk"
"DHX30",0.339722564070539,-0.27552672743167,0.32,0.289,1,"13","BCG_treated","week44","IGRApos_BCG_44wk_vs_IGRAneg_BCG_44wk"
"SDHAP2",0.339870445141562,0.254517320815113,0.302,0.202,1,"13","BCG_treated","week44","IGRApos_BCG_44wk_vs_IGRAneg_BCG_44wk"
"ADAMTS10",0.339942009102096,-0.344982821560687,0.167,0.168,1,"13","BCG_treated","week44","IGRApos_BCG_44wk_vs_IGRAneg_BCG_44wk"
"TCEANC2",0.340135307973895,0.675401149253571,0.225,0.133,1,"13","BCG_treated","week44","IGRApos_BCG_44wk_vs_IGRAneg_BCG_44wk"
"ZNF765",0.340188056817911,-0.210709115286595,0.148,0.098,1,"13","BCG_treated","week44","IGRApos_BCG_44wk_vs_IGRAneg_BCG_44wk"
"ZNF827",0.340441285532182,-0.183125359187786,0.651,0.601,1,"13","BCG_treated","week44","IGRApos_BCG_44wk_vs_IGRAneg_BCG_44wk"
"ZNF783",0.34077365781696,0.21265666619346,0.161,0.104,1,"13","BCG_treated","week44","IGRApos_BCG_44wk_vs_IGRAneg_BCG_44wk"
"SIAH2",0.340955831514884,0.35562978349337,0.143,0.081,1,"13","BCG_treated","week44","IGRApos_BCG_44wk_vs_IGRAneg_BCG_44wk"
"POLRMT",0.341039512671124,-0.192846439089052,0.14,0.104,1,"13","BCG_treated","week44","IGRApos_BCG_44wk_vs_IGRAneg_BCG_44wk"
"HTT",0.341061884403793,0.253499824661506,0.714,0.566,1,"13","BCG_treated","week44","IGRApos_BCG_44wk_vs_IGRAneg_BCG_44wk"
"MPHOSPH10",0.341129962233577,0.297444337286658,0.288,0.179,1,"13","BCG_treated","week44","IGRApos_BCG_44wk_vs_IGRAneg_BCG_44wk"
"MYO1G",0.341485803579614,0.316212474045983,0.288,0.191,1,"13","BCG_treated","week44","IGRApos_BCG_44wk_vs_IGRAneg_BCG_44wk"
"CLYBL",0.341579751507318,-0.175465122228214,0.241,0.26,1,"13","BCG_treated","week44","IGRApos_BCG_44wk_vs_IGRAneg_BCG_44wk"
"OTUD5",0.341756607543691,-0.209406309651728,0.426,0.37,1,"13","BCG_treated","week44","IGRApos_BCG_44wk_vs_IGRAneg_BCG_44wk"
"GRK5",0.341912057908364,-0.12970476212181,0.164,0.173,1,"13","BCG_treated","week44","IGRApos_BCG_44wk_vs_IGRAneg_BCG_44wk"
"P3H1",0.341971713690591,-0.537006039155563,0.127,0.133,1,"13","BCG_treated","week44","IGRApos_BCG_44wk_vs_IGRAneg_BCG_44wk"
"TNFRSF14",0.342077353452942,-0.103689105957957,0.198,0.168,1,"13","BCG_treated","week44","IGRApos_BCG_44wk_vs_IGRAneg_BCG_44wk"
"ST13",0.342304533477034,0.212702085015409,0.31,0.208,1,"13","BCG_treated","week44","IGRApos_BCG_44wk_vs_IGRAneg_BCG_44wk"
"RNF6",0.342579507850237,0.337122476447314,0.347,0.225,1,"13","BCG_treated","week44","IGRApos_BCG_44wk_vs_IGRAneg_BCG_44wk"
"CRIPT",0.342670057678047,0.39837146551441,0.143,0.081,1,"13","BCG_treated","week44","IGRApos_BCG_44wk_vs_IGRAneg_BCG_44wk"
"NORAD",0.342706013029404,0.128690233824248,0.5,0.376,1,"13","BCG_treated","week44","IGRApos_BCG_44wk_vs_IGRAneg_BCG_44wk"
"CTBP2",0.342797810616626,-0.103244343896481,0.81,0.786,1,"13","BCG_treated","week44","IGRApos_BCG_44wk_vs_IGRAneg_BCG_44wk"
"CCDC122",0.342887510525311,-0.185042292109259,0.085,0.11,1,"13","BCG_treated","week44","IGRApos_BCG_44wk_vs_IGRAneg_BCG_44wk"
"IRAK1",0.343040951384509,-0.252088195077022,0.151,0.168,1,"13","BCG_treated","week44","IGRApos_BCG_44wk_vs_IGRAneg_BCG_44wk"
"PLEKHG2",0.343110517368928,0.890907965378646,0.122,0.064,1,"13","BCG_treated","week44","IGRApos_BCG_44wk_vs_IGRAneg_BCG_44wk"
"ZCCHC7",0.343388757046462,-0.139432362168536,0.817,0.775,1,"13","BCG_treated","week44","IGRApos_BCG_44wk_vs_IGRAneg_BCG_44wk"
"SETD4",0.343551025197268,-0.171565122718819,0.196,0.168,1,"13","BCG_treated","week44","IGRApos_BCG_44wk_vs_IGRAneg_BCG_44wk"
"NRF1",0.343728479509245,-0.225155992227703,0.627,0.595,1,"13","BCG_treated","week44","IGRApos_BCG_44wk_vs_IGRAneg_BCG_44wk"
"IRF3",0.343819999172618,0.159141757785566,0.405,0.301,1,"13","BCG_treated","week44","IGRApos_BCG_44wk_vs_IGRAneg_BCG_44wk"
"TRANK1",0.343834887958708,0.286514379718411,0.672,0.509,1,"13","BCG_treated","week44","IGRApos_BCG_44wk_vs_IGRAneg_BCG_44wk"
"TPST1",0.34385814859791,0.365215063331597,0.225,0.145,1,"13","BCG_treated","week44","IGRApos_BCG_44wk_vs_IGRAneg_BCG_44wk"
"SPG7",0.344138330856642,0.328512673529779,0.608,0.503,1,"13","BCG_treated","week44","IGRApos_BCG_44wk_vs_IGRAneg_BCG_44wk"
"KLRG1",0.344272646186734,0.659684860227488,0.177,0.104,1,"13","BCG_treated","week44","IGRApos_BCG_44wk_vs_IGRAneg_BCG_44wk"
"CLIP4",0.344804139381219,0.269558000976147,0.635,0.457,1,"13","BCG_treated","week44","IGRApos_BCG_44wk_vs_IGRAneg_BCG_44wk"
"TRAPPC11",0.344861384346288,0.349615317986172,0.418,0.283,1,"13","BCG_treated","week44","IGRApos_BCG_44wk_vs_IGRAneg_BCG_44wk"
"USP40",0.344915997668266,0.661440055213687,0.127,0.064,1,"13","BCG_treated","week44","IGRApos_BCG_44wk_vs_IGRAneg_BCG_44wk"
"CCDC88A",0.34498324664877,-0.395893022183017,0.156,0.173,1,"13","BCG_treated","week44","IGRApos_BCG_44wk_vs_IGRAneg_BCG_44wk"
"ENSG00000290989",0.344995678629692,-0.365186921487976,0.127,0.092,1,"13","BCG_treated","week44","IGRApos_BCG_44wk_vs_IGRAneg_BCG_44wk"
"MBNL3",0.344997702217889,-0.449919409400546,0.196,0.191,1,"13","BCG_treated","week44","IGRApos_BCG_44wk_vs_IGRAneg_BCG_44wk"
"USP1",0.34505580473136,-0.17011725298209,0.28,0.237,1,"13","BCG_treated","week44","IGRApos_BCG_44wk_vs_IGRAneg_BCG_44wk"
"PRKN",0.345351852570676,-0.299289691846365,0.183,0.197,1,"13","BCG_treated","week44","IGRApos_BCG_44wk_vs_IGRAneg_BCG_44wk"
"RAB2B",0.345417815064371,-0.505767154359448,0.243,0.231,1,"13","BCG_treated","week44","IGRApos_BCG_44wk_vs_IGRAneg_BCG_44wk"
"ZNF586",0.345698580479276,0.210254524736469,0.407,0.266,1,"13","BCG_treated","week44","IGRApos_BCG_44wk_vs_IGRAneg_BCG_44wk"
"ALDH9A1",0.345750069202264,-0.131325031256466,0.193,0.15,1,"13","BCG_treated","week44","IGRApos_BCG_44wk_vs_IGRAneg_BCG_44wk"
"SDAD1",0.345755201256565,-0.33375622401021,0.325,0.329,1,"13","BCG_treated","week44","IGRApos_BCG_44wk_vs_IGRAneg_BCG_44wk"
"ZNF318",0.345909493718395,0.353323696344861,0.148,0.081,1,"13","BCG_treated","week44","IGRApos_BCG_44wk_vs_IGRAneg_BCG_44wk"
"PYCR2",0.346272096993623,-0.320759571113209,0.103,0.092,1,"13","BCG_treated","week44","IGRApos_BCG_44wk_vs_IGRAneg_BCG_44wk"
"NKAPD1",0.346277263360647,-0.462156687093437,0.169,0.156,1,"13","BCG_treated","week44","IGRApos_BCG_44wk_vs_IGRAneg_BCG_44wk"
"WWP2",0.346613950158314,-0.203356747183908,0.577,0.48,1,"13","BCG_treated","week44","IGRApos_BCG_44wk_vs_IGRAneg_BCG_44wk"
"TBKBP1",0.346682728119463,0.828451913774975,0.103,0.064,1,"13","BCG_treated","week44","IGRApos_BCG_44wk_vs_IGRAneg_BCG_44wk"
"ANKRD17-DT",0.346900211654846,-0.566402422958904,0.098,0.127,1,"13","BCG_treated","week44","IGRApos_BCG_44wk_vs_IGRAneg_BCG_44wk"
"ATG16L2",0.346927350723115,-0.178867427551349,0.325,0.272,1,"13","BCG_treated","week44","IGRApos_BCG_44wk_vs_IGRAneg_BCG_44wk"
"SSU72",0.347005987259798,-0.24522118931291,0.272,0.254,1,"13","BCG_treated","week44","IGRApos_BCG_44wk_vs_IGRAneg_BCG_44wk"
"SERPINB1",0.347111245299242,0.583479834646304,0.257,0.168,1,"13","BCG_treated","week44","IGRApos_BCG_44wk_vs_IGRAneg_BCG_44wk"
"CDC23",0.347474364067469,-0.473888471954444,0.119,0.11,1,"13","BCG_treated","week44","IGRApos_BCG_44wk_vs_IGRAneg_BCG_44wk"
"CPNE8",0.348369716326397,-0.120629145020748,0.18,0.139,1,"13","BCG_treated","week44","IGRApos_BCG_44wk_vs_IGRAneg_BCG_44wk"
"ARRDC3-AS1",0.348560303249538,0.413811585592814,0.156,0.133,1,"13","BCG_treated","week44","IGRApos_BCG_44wk_vs_IGRAneg_BCG_44wk"
"WDR12",0.34856749564941,-0.156340834751092,0.175,0.133,1,"13","BCG_treated","week44","IGRApos_BCG_44wk_vs_IGRAneg_BCG_44wk"
"PPM1G",0.348684251491016,-0.22634176841164,0.389,0.358,1,"13","BCG_treated","week44","IGRApos_BCG_44wk_vs_IGRAneg_BCG_44wk"
"ALDOA",0.348869583695501,0.428525908881884,0.22,0.121,1,"13","BCG_treated","week44","IGRApos_BCG_44wk_vs_IGRAneg_BCG_44wk"
"BABAM2",0.349023004828638,0.15328241542993,0.799,0.665,1,"13","BCG_treated","week44","IGRApos_BCG_44wk_vs_IGRAneg_BCG_44wk"
"HPF1",0.34929919682366,-0.256465421118076,0.103,0.069,1,"13","BCG_treated","week44","IGRApos_BCG_44wk_vs_IGRAneg_BCG_44wk"
"ZNF16",0.34936532783955,-0.991854284377971,0.074,0.104,1,"13","BCG_treated","week44","IGRApos_BCG_44wk_vs_IGRAneg_BCG_44wk"
"DHX29",0.349492886363728,0.181989415075329,0.378,0.266,1,"13","BCG_treated","week44","IGRApos_BCG_44wk_vs_IGRAneg_BCG_44wk"
"AP3D1",0.350015384099675,-0.116642103946157,0.468,0.399,1,"13","BCG_treated","week44","IGRApos_BCG_44wk_vs_IGRAneg_BCG_44wk"
"ZBTB21",0.350153335700101,-0.119773634034581,0.146,0.11,1,"13","BCG_treated","week44","IGRApos_BCG_44wk_vs_IGRAneg_BCG_44wk"
"IDH2",0.350271730054467,0.102107909239348,0.209,0.139,1,"13","BCG_treated","week44","IGRApos_BCG_44wk_vs_IGRAneg_BCG_44wk"
"STMP1",0.350692108972823,-0.122593006425271,0.206,0.185,1,"13","BCG_treated","week44","IGRApos_BCG_44wk_vs_IGRAneg_BCG_44wk"
"RPA1",0.350749551119802,0.465075072608281,0.378,0.272,1,"13","BCG_treated","week44","IGRApos_BCG_44wk_vs_IGRAneg_BCG_44wk"
"ZDHHC2",0.350803268426668,-0.137125775492679,0.362,0.347,1,"13","BCG_treated","week44","IGRApos_BCG_44wk_vs_IGRAneg_BCG_44wk"
"EGR2",0.350945486941194,-0.141872279271727,0.188,0.191,1,"13","BCG_treated","week44","IGRApos_BCG_44wk_vs_IGRAneg_BCG_44wk"
"SUFU",0.351297298764626,-0.27318933322898,0.267,0.277,1,"13","BCG_treated","week44","IGRApos_BCG_44wk_vs_IGRAneg_BCG_44wk"
"UBXN4",0.351463690740226,0.224785321454689,0.757,0.642,1,"13","BCG_treated","week44","IGRApos_BCG_44wk_vs_IGRAneg_BCG_44wk"
"ST6GALNAC6.1",0.351484288445498,0.907531890940844,0.114,0.058,1,"13","BCG_treated","week44","IGRApos_BCG_44wk_vs_IGRAneg_BCG_44wk"
"RUVBL1",0.352273708894485,0.125973101745686,0.153,0.098,1,"13","BCG_treated","week44","IGRApos_BCG_44wk_vs_IGRAneg_BCG_44wk"
"ZNF626",0.35240158723049,-0.542288791153027,0.172,0.162,1,"13","BCG_treated","week44","IGRApos_BCG_44wk_vs_IGRAneg_BCG_44wk"
"MRPS10",0.352482544159627,0.209873977475721,0.111,0.098,1,"13","BCG_treated","week44","IGRApos_BCG_44wk_vs_IGRAneg_BCG_44wk"
"FCHSD2",0.352768181054109,0.123856021131796,0.828,0.699,1,"13","BCG_treated","week44","IGRApos_BCG_44wk_vs_IGRAneg_BCG_44wk"
"MSL1",0.352828643537602,-0.169850239460483,0.262,0.231,1,"13","BCG_treated","week44","IGRApos_BCG_44wk_vs_IGRAneg_BCG_44wk"
"TRPV2",0.352920189995323,-0.332156242003442,0.183,0.15,1,"13","BCG_treated","week44","IGRApos_BCG_44wk_vs_IGRAneg_BCG_44wk"
"MED4",0.352968845663229,-0.220294301969544,0.426,0.382,1,"13","BCG_treated","week44","IGRApos_BCG_44wk_vs_IGRAneg_BCG_44wk"
"MICU1",0.353206369582618,-0.176297392784508,0.323,0.283,1,"13","BCG_treated","week44","IGRApos_BCG_44wk_vs_IGRAneg_BCG_44wk"
"PRKCB",0.353286143577866,-0.134896068069771,0.444,0.462,1,"13","BCG_treated","week44","IGRApos_BCG_44wk_vs_IGRAneg_BCG_44wk"
"PIGV",0.353546876206618,-0.652135355368373,0.151,0.145,1,"13","BCG_treated","week44","IGRApos_BCG_44wk_vs_IGRAneg_BCG_44wk"
"FARSA",0.353578987729003,-0.200833769602174,0.217,0.156,1,"13","BCG_treated","week44","IGRApos_BCG_44wk_vs_IGRAneg_BCG_44wk"
"ECI2",0.35363561804749,0.47402491873596,0.138,0.092,1,"13","BCG_treated","week44","IGRApos_BCG_44wk_vs_IGRAneg_BCG_44wk"
"PSME2",0.353761365955768,-0.303706708683177,0.283,0.254,1,"13","BCG_treated","week44","IGRApos_BCG_44wk_vs_IGRAneg_BCG_44wk"
"MTM1",0.353965263331423,-0.193483144399819,0.452,0.393,1,"13","BCG_treated","week44","IGRApos_BCG_44wk_vs_IGRAneg_BCG_44wk"
"ADARB1",0.354314366983862,-0.339863591824278,0.132,0.133,1,"13","BCG_treated","week44","IGRApos_BCG_44wk_vs_IGRAneg_BCG_44wk"
"MRPL19",0.354851282596813,-0.396937041603152,0.18,0.179,1,"13","BCG_treated","week44","IGRApos_BCG_44wk_vs_IGRAneg_BCG_44wk"
"ELOA-AS1",0.354854166982181,0.458543590114895,0.132,0.075,1,"13","BCG_treated","week44","IGRApos_BCG_44wk_vs_IGRAneg_BCG_44wk"
"TRIM4",0.355097220096595,-0.169385509811221,0.468,0.393,1,"13","BCG_treated","week44","IGRApos_BCG_44wk_vs_IGRAneg_BCG_44wk"
"GUCD1",0.35537174610637,0.273208172942371,0.169,0.092,1,"13","BCG_treated","week44","IGRApos_BCG_44wk_vs_IGRAneg_BCG_44wk"
"NBPF19",0.35552100881479,-0.107257695244474,0.299,0.26,1,"13","BCG_treated","week44","IGRApos_BCG_44wk_vs_IGRAneg_BCG_44wk"
"GMEB1",0.355678706290711,-0.311570191552609,0.22,0.231,1,"13","BCG_treated","week44","IGRApos_BCG_44wk_vs_IGRAneg_BCG_44wk"
"USB1",0.35581894657275,0.717560285835799,0.164,0.081,1,"13","BCG_treated","week44","IGRApos_BCG_44wk_vs_IGRAneg_BCG_44wk"
"DPH5",0.356037176391391,-0.133945848613368,0.14,0.11,1,"13","BCG_treated","week44","IGRApos_BCG_44wk_vs_IGRAneg_BCG_44wk"
"FMNL1-DT",0.356179941200922,-0.188656377735735,0.823,0.751,1,"13","BCG_treated","week44","IGRApos_BCG_44wk_vs_IGRAneg_BCG_44wk"
"KLHL3",0.356187979252295,0.530362363081734,0.119,0.075,1,"13","BCG_treated","week44","IGRApos_BCG_44wk_vs_IGRAneg_BCG_44wk"
"SLC35E1",0.356209069626552,-0.25917454185166,0.241,0.22,1,"13","BCG_treated","week44","IGRApos_BCG_44wk_vs_IGRAneg_BCG_44wk"
"ZNF3",0.35635391466118,0.123104603154972,0.204,0.145,1,"13","BCG_treated","week44","IGRApos_BCG_44wk_vs_IGRAneg_BCG_44wk"
"NSD3",0.356438109493556,-0.102388035639955,0.712,0.671,1,"13","BCG_treated","week44","IGRApos_BCG_44wk_vs_IGRAneg_BCG_44wk"
"VIRMA",0.35651372078809,-0.276090475163233,0.36,0.329,1,"13","BCG_treated","week44","IGRApos_BCG_44wk_vs_IGRAneg_BCG_44wk"
"C12orf75",0.356531207850846,-0.49354084370761,0.156,0.145,1,"13","BCG_treated","week44","IGRApos_BCG_44wk_vs_IGRAneg_BCG_44wk"
"STAT5B",0.356702697093717,-0.255065450443515,0.563,0.503,1,"13","BCG_treated","week44","IGRApos_BCG_44wk_vs_IGRAneg_BCG_44wk"
"PCNX4",0.356784912657584,-0.11485461605048,0.717,0.653,1,"13","BCG_treated","week44","IGRApos_BCG_44wk_vs_IGRAneg_BCG_44wk"
"AFTPH",0.357030221277683,0.238791311581,0.593,0.422,1,"13","BCG_treated","week44","IGRApos_BCG_44wk_vs_IGRAneg_BCG_44wk"
"TRIM13",0.357107390403926,-0.382300891077652,0.214,0.208,1,"13","BCG_treated","week44","IGRApos_BCG_44wk_vs_IGRAneg_BCG_44wk"
"MARK2",0.35716181554486,0.282526601221805,0.701,0.584,1,"13","BCG_treated","week44","IGRApos_BCG_44wk_vs_IGRAneg_BCG_44wk"
"INTS7",0.357928558307495,-0.10292019980142,0.437,0.387,1,"13","BCG_treated","week44","IGRApos_BCG_44wk_vs_IGRAneg_BCG_44wk"
"CTSO",0.35797328111833,-0.583796266299265,0.103,0.11,1,"13","BCG_treated","week44","IGRApos_BCG_44wk_vs_IGRAneg_BCG_44wk"
"RASA3",0.358191997293404,0.184729583806981,0.688,0.555,1,"13","BCG_treated","week44","IGRApos_BCG_44wk_vs_IGRAneg_BCG_44wk"
"FDX1",0.358331368396389,-0.157357444297771,0.138,0.11,1,"13","BCG_treated","week44","IGRApos_BCG_44wk_vs_IGRAneg_BCG_44wk"
"TAF12",0.358553497329719,-0.397109191423558,0.188,0.202,1,"13","BCG_treated","week44","IGRApos_BCG_44wk_vs_IGRAneg_BCG_44wk"
"ATXN10",0.358666891492308,-0.181525379375835,0.709,0.665,1,"13","BCG_treated","week44","IGRApos_BCG_44wk_vs_IGRAneg_BCG_44wk"
"CASP9",0.358700820956984,0.760651564341809,0.13,0.075,1,"13","BCG_treated","week44","IGRApos_BCG_44wk_vs_IGRAneg_BCG_44wk"
"SMG1P3",0.358961257221052,-0.408200156188288,0.124,0.121,1,"13","BCG_treated","week44","IGRApos_BCG_44wk_vs_IGRAneg_BCG_44wk"
"PBXIP1",0.359097872854632,0.201726600725635,0.341,0.243,1,"13","BCG_treated","week44","IGRApos_BCG_44wk_vs_IGRAneg_BCG_44wk"
"LINC02328",0.359149283418508,0.315169343527286,0.357,0.26,1,"13","BCG_treated","week44","IGRApos_BCG_44wk_vs_IGRAneg_BCG_44wk"
"LEO1",0.359208026997518,-0.34334256444743,0.193,0.185,1,"13","BCG_treated","week44","IGRApos_BCG_44wk_vs_IGRAneg_BCG_44wk"
"GALNT6",0.359225734954233,-0.250850922191387,0.312,0.295,1,"13","BCG_treated","week44","IGRApos_BCG_44wk_vs_IGRAneg_BCG_44wk"
"HEATR1",0.359258183212741,-0.179725223369978,0.444,0.393,1,"13","BCG_treated","week44","IGRApos_BCG_44wk_vs_IGRAneg_BCG_44wk"
"NDUFA9",0.35935296375637,-0.157033162922925,0.272,0.225,1,"13","BCG_treated","week44","IGRApos_BCG_44wk_vs_IGRAneg_BCG_44wk"
"POP1",0.359395098830959,-0.316979959797113,0.135,0.116,1,"13","BCG_treated","week44","IGRApos_BCG_44wk_vs_IGRAneg_BCG_44wk"
"AZIN1",0.359483705316983,-0.121702169008619,0.257,0.249,1,"13","BCG_treated","week44","IGRApos_BCG_44wk_vs_IGRAneg_BCG_44wk"
"NAB2",0.359507330510581,-0.549245006310269,0.087,0.104,1,"13","BCG_treated","week44","IGRApos_BCG_44wk_vs_IGRAneg_BCG_44wk"
"RPL7A",0.359587267869204,-0.176433877820148,0.257,0.225,1,"13","BCG_treated","week44","IGRApos_BCG_44wk_vs_IGRAneg_BCG_44wk"
"CTDSP2",0.359804453430593,0.102665337554124,0.315,0.214,1,"13","BCG_treated","week44","IGRApos_BCG_44wk_vs_IGRAneg_BCG_44wk"
"CHCHD7",0.36003275190836,0.417623165124556,0.151,0.081,1,"13","BCG_treated","week44","IGRApos_BCG_44wk_vs_IGRAneg_BCG_44wk"
"KLC4",0.360071150745659,-0.38339961161222,0.122,0.104,1,"13","BCG_treated","week44","IGRApos_BCG_44wk_vs_IGRAneg_BCG_44wk"
"GARS1-DT",0.360123869039645,-0.236016083566692,0.384,0.376,1,"13","BCG_treated","week44","IGRApos_BCG_44wk_vs_IGRAneg_BCG_44wk"
"TMOD2",0.36049495727671,0.122977164806811,0.101,0.058,1,"13","BCG_treated","week44","IGRApos_BCG_44wk_vs_IGRAneg_BCG_44wk"
"DGKA",0.360596609513226,0.180289621770163,0.418,0.295,1,"13","BCG_treated","week44","IGRApos_BCG_44wk_vs_IGRAneg_BCG_44wk"
"PRDX6",0.360834504730353,-0.316070028129487,0.299,0.249,1,"13","BCG_treated","week44","IGRApos_BCG_44wk_vs_IGRAneg_BCG_44wk"
"FMNL3",0.360921276079917,-0.153023349125394,0.68,0.624,1,"13","BCG_treated","week44","IGRApos_BCG_44wk_vs_IGRAneg_BCG_44wk"
"TARDBP",0.360947763110564,0.245908095063775,0.5,0.347,1,"13","BCG_treated","week44","IGRApos_BCG_44wk_vs_IGRAneg_BCG_44wk"
"TTC38",0.361066196876701,-0.123200643880837,0.169,0.145,1,"13","BCG_treated","week44","IGRApos_BCG_44wk_vs_IGRAneg_BCG_44wk"
"ATP2A2",0.361545576621555,-0.118728349535723,0.585,0.549,1,"13","BCG_treated","week44","IGRApos_BCG_44wk_vs_IGRAneg_BCG_44wk"
"VPS33B",0.361676820193831,-0.421086855315959,0.101,0.087,1,"13","BCG_treated","week44","IGRApos_BCG_44wk_vs_IGRAneg_BCG_44wk"
"UBQLN4",0.361988994534251,-0.173694406418077,0.185,0.139,1,"13","BCG_treated","week44","IGRApos_BCG_44wk_vs_IGRAneg_BCG_44wk"
"COPS7A",0.362104773926914,-0.124525741718409,0.103,0.075,1,"13","BCG_treated","week44","IGRApos_BCG_44wk_vs_IGRAneg_BCG_44wk"
"PDE6D",0.362108775848448,-0.254528943690967,0.291,0.272,1,"13","BCG_treated","week44","IGRApos_BCG_44wk_vs_IGRAneg_BCG_44wk"
"USP49",0.362257431471236,-0.246181128943051,0.259,0.272,1,"13","BCG_treated","week44","IGRApos_BCG_44wk_vs_IGRAneg_BCG_44wk"
"PNPT1",0.362844859560295,-0.244551562003444,0.272,0.237,1,"13","BCG_treated","week44","IGRApos_BCG_44wk_vs_IGRAneg_BCG_44wk"
"ZNF234",0.363467683043334,0.546194836275405,0.167,0.116,1,"13","BCG_treated","week44","IGRApos_BCG_44wk_vs_IGRAneg_BCG_44wk"
"FRG1",0.363859166232743,-0.394731561165148,0.13,0.116,1,"13","BCG_treated","week44","IGRApos_BCG_44wk_vs_IGRAneg_BCG_44wk"
"RO60",0.364194912957987,0.202854820364757,0.471,0.405,1,"13","BCG_treated","week44","IGRApos_BCG_44wk_vs_IGRAneg_BCG_44wk"
"SNX25",0.364274543540849,0.341391737115952,0.421,0.312,1,"13","BCG_treated","week44","IGRApos_BCG_44wk_vs_IGRAneg_BCG_44wk"
"KLHL18",0.364286143844477,0.296608699431281,0.267,0.173,1,"13","BCG_treated","week44","IGRApos_BCG_44wk_vs_IGRAneg_BCG_44wk"
"NIPBL",0.364543875893105,-0.150548505073753,0.955,0.908,1,"13","BCG_treated","week44","IGRApos_BCG_44wk_vs_IGRAneg_BCG_44wk"
"NR4A3",0.364627680634954,0.338775781211513,0.357,0.249,1,"13","BCG_treated","week44","IGRApos_BCG_44wk_vs_IGRAneg_BCG_44wk"
"SEC22C",0.364783689867184,-0.287997360127373,0.204,0.179,1,"13","BCG_treated","week44","IGRApos_BCG_44wk_vs_IGRAneg_BCG_44wk"
"ZDHHC13",0.364881639538193,0.313229047693173,0.286,0.179,1,"13","BCG_treated","week44","IGRApos_BCG_44wk_vs_IGRAneg_BCG_44wk"
"TCP10L",0.36500190752239,-0.612134098031392,0.111,0.092,1,"13","BCG_treated","week44","IGRApos_BCG_44wk_vs_IGRAneg_BCG_44wk"
"TRIM59",0.365145224913956,0.563548058078315,0.13,0.087,1,"13","BCG_treated","week44","IGRApos_BCG_44wk_vs_IGRAneg_BCG_44wk"
"NDUFB6",0.365563751009456,-0.785890247203024,0.103,0.098,1,"13","BCG_treated","week44","IGRApos_BCG_44wk_vs_IGRAneg_BCG_44wk"
"SSX2IP",0.365629020416872,0.188979671303939,0.148,0.092,1,"13","BCG_treated","week44","IGRApos_BCG_44wk_vs_IGRAneg_BCG_44wk"
"SMC2",0.366173432337575,0.18104437814354,0.185,0.121,1,"13","BCG_treated","week44","IGRApos_BCG_44wk_vs_IGRAneg_BCG_44wk"
"EEF2K",0.366374847640729,-0.164763736913325,0.23,0.208,1,"13","BCG_treated","week44","IGRApos_BCG_44wk_vs_IGRAneg_BCG_44wk"
"SIRT3",0.36681776491991,0.889139448237378,0.106,0.064,1,"13","BCG_treated","week44","IGRApos_BCG_44wk_vs_IGRAneg_BCG_44wk"
"LINC00662",0.366834939368275,-0.600615992519561,0.175,0.197,1,"13","BCG_treated","week44","IGRApos_BCG_44wk_vs_IGRAneg_BCG_44wk"
"SLC4A5",0.366852397776461,-0.527579939554475,0.138,0.162,1,"13","BCG_treated","week44","IGRApos_BCG_44wk_vs_IGRAneg_BCG_44wk"
"MTIF3",0.36691023421006,-0.173058965338117,0.243,0.197,1,"13","BCG_treated","week44","IGRApos_BCG_44wk_vs_IGRAneg_BCG_44wk"
"PIK3R5",0.366961391868911,-0.158065579230119,0.63,0.555,1,"13","BCG_treated","week44","IGRApos_BCG_44wk_vs_IGRAneg_BCG_44wk"
"RFX1",0.367628012495428,-0.363988072900942,0.164,0.173,1,"13","BCG_treated","week44","IGRApos_BCG_44wk_vs_IGRAneg_BCG_44wk"
"C12orf4",0.367635947795381,-0.247215293435155,0.172,0.173,1,"13","BCG_treated","week44","IGRApos_BCG_44wk_vs_IGRAneg_BCG_44wk"
"CROCCP2",0.367891912124864,0.311153487923064,0.352,0.225,1,"13","BCG_treated","week44","IGRApos_BCG_44wk_vs_IGRAneg_BCG_44wk"
"NOL4L",0.367895012524643,-0.211856849965206,0.706,0.671,1,"13","BCG_treated","week44","IGRApos_BCG_44wk_vs_IGRAneg_BCG_44wk"
"KATNBL1",0.367981902875961,-0.256513623046201,0.407,0.376,1,"13","BCG_treated","week44","IGRApos_BCG_44wk_vs_IGRAneg_BCG_44wk"
"SATB1-AS1",0.368079105882412,0.154601261411507,0.86,0.74,1,"13","BCG_treated","week44","IGRApos_BCG_44wk_vs_IGRAneg_BCG_44wk"
"CRPPA",0.368345230290195,0.445279750475103,0.217,0.139,1,"13","BCG_treated","week44","IGRApos_BCG_44wk_vs_IGRAneg_BCG_44wk"
"BCAS3",0.368684601449595,0.107545271465532,0.865,0.763,1,"13","BCG_treated","week44","IGRApos_BCG_44wk_vs_IGRAneg_BCG_44wk"
"SRSF9",0.368768560410275,-0.182000783292001,0.257,0.214,1,"13","BCG_treated","week44","IGRApos_BCG_44wk_vs_IGRAneg_BCG_44wk"
"ENSG00000291107",0.368968403230021,0.759026317536004,0.198,0.121,1,"13","BCG_treated","week44","IGRApos_BCG_44wk_vs_IGRAneg_BCG_44wk"
"SZRD1",0.369255407675891,-0.222024504435632,0.442,0.41,1,"13","BCG_treated","week44","IGRApos_BCG_44wk_vs_IGRAneg_BCG_44wk"
"ENSG00000259363",0.369400722093011,-0.264783044284006,0.167,0.162,1,"13","BCG_treated","week44","IGRApos_BCG_44wk_vs_IGRAneg_BCG_44wk"
"NLK",0.369546517677897,0.283223565695852,0.566,0.41,1,"13","BCG_treated","week44","IGRApos_BCG_44wk_vs_IGRAneg_BCG_44wk"
"TOM1",0.369677998576166,-0.284297209286388,0.164,0.162,1,"13","BCG_treated","week44","IGRApos_BCG_44wk_vs_IGRAneg_BCG_44wk"
"UFSP2",0.369736644856821,0.610942583824467,0.143,0.075,1,"13","BCG_treated","week44","IGRApos_BCG_44wk_vs_IGRAneg_BCG_44wk"
"ASAP1",0.370122283885437,0.342908856725835,0.923,0.832,1,"13","BCG_treated","week44","IGRApos_BCG_44wk_vs_IGRAneg_BCG_44wk"
"PGRMC2",0.370173789051359,-0.35339200222864,0.204,0.191,1,"13","BCG_treated","week44","IGRApos_BCG_44wk_vs_IGRAneg_BCG_44wk"
"DYNC1H1",0.370482218700982,0.254742893448829,0.78,0.618,1,"13","BCG_treated","week44","IGRApos_BCG_44wk_vs_IGRAneg_BCG_44wk"
"KDM7A",0.370542610889354,-0.194687147918273,0.407,0.382,1,"13","BCG_treated","week44","IGRApos_BCG_44wk_vs_IGRAneg_BCG_44wk"
"ORAI3",0.370716445568504,0.941429811494823,0.114,0.052,1,"13","BCG_treated","week44","IGRApos_BCG_44wk_vs_IGRAneg_BCG_44wk"
"INPP4B",0.370865235631813,0.522412700671997,0.241,0.185,1,"13","BCG_treated","week44","IGRApos_BCG_44wk_vs_IGRAneg_BCG_44wk"
"STARD7",0.370878805859458,0.460341924309629,0.341,0.272,1,"13","BCG_treated","week44","IGRApos_BCG_44wk_vs_IGRAneg_BCG_44wk"
"KXD1",0.37103555258704,-0.680775116761071,0.098,0.11,1,"13","BCG_treated","week44","IGRApos_BCG_44wk_vs_IGRAneg_BCG_44wk"
"ZMYM5",0.3711500125891,-0.287941013424027,0.447,0.416,1,"13","BCG_treated","week44","IGRApos_BCG_44wk_vs_IGRAneg_BCG_44wk"
"ENSG00000272908",0.3712005827635,0.581881750204987,0.201,0.116,1,"13","BCG_treated","week44","IGRApos_BCG_44wk_vs_IGRAneg_BCG_44wk"
"ENSG00000235979",0.371201767852843,-0.106804288019405,0.299,0.249,1,"13","BCG_treated","week44","IGRApos_BCG_44wk_vs_IGRAneg_BCG_44wk"
"GBP3",0.371258131798837,0.529441761316758,0.296,0.179,1,"13","BCG_treated","week44","IGRApos_BCG_44wk_vs_IGRAneg_BCG_44wk"
"METTL3",0.371281393799225,0.523741516233672,0.32,0.191,1,"13","BCG_treated","week44","IGRApos_BCG_44wk_vs_IGRAneg_BCG_44wk"
"LNPEP",0.371518815288768,0.244019611795917,0.902,0.798,1,"13","BCG_treated","week44","IGRApos_BCG_44wk_vs_IGRAneg_BCG_44wk"
"GLS",0.371561738129454,-0.15500320372283,0.817,0.786,1,"13","BCG_treated","week44","IGRApos_BCG_44wk_vs_IGRAneg_BCG_44wk"
"DCAF16",0.371750305253501,-0.203032864765695,0.294,0.243,1,"13","BCG_treated","week44","IGRApos_BCG_44wk_vs_IGRAneg_BCG_44wk"
"PRPSAP2",0.371877521619875,-0.11242291040571,0.28,0.225,1,"13","BCG_treated","week44","IGRApos_BCG_44wk_vs_IGRAneg_BCG_44wk"
"SLC39A10",0.372182284627865,-0.101169114211696,0.765,0.665,1,"13","BCG_treated","week44","IGRApos_BCG_44wk_vs_IGRAneg_BCG_44wk"
"TM2D3",0.372279531142385,-0.28100648078823,0.188,0.168,1,"13","BCG_treated","week44","IGRApos_BCG_44wk_vs_IGRAneg_BCG_44wk"
"MFSD1",0.372313892086906,0.67464387811538,0.177,0.11,1,"13","BCG_treated","week44","IGRApos_BCG_44wk_vs_IGRAneg_BCG_44wk"
"MIGA2",0.372397241546532,0.443511665061461,0.138,0.075,1,"13","BCG_treated","week44","IGRApos_BCG_44wk_vs_IGRAneg_BCG_44wk"
"UGCG",0.372465486953561,0.29276068006765,0.299,0.225,1,"13","BCG_treated","week44","IGRApos_BCG_44wk_vs_IGRAneg_BCG_44wk"
"ENSG00000226471",0.372534167699781,0.119931367508078,0.119,0.069,1,"13","BCG_treated","week44","IGRApos_BCG_44wk_vs_IGRAneg_BCG_44wk"
"RRN3",0.372557010227106,0.440938119936595,0.214,0.133,1,"13","BCG_treated","week44","IGRApos_BCG_44wk_vs_IGRAneg_BCG_44wk"
"SPTAN1",0.37289828038737,-0.112804656976192,0.669,0.578,1,"13","BCG_treated","week44","IGRApos_BCG_44wk_vs_IGRAneg_BCG_44wk"
"TRMT61B",0.372931169696863,-0.296196277477526,0.138,0.116,1,"13","BCG_treated","week44","IGRApos_BCG_44wk_vs_IGRAneg_BCG_44wk"
"ABR",0.372970794130394,0.420539274711784,0.54,0.416,1,"13","BCG_treated","week44","IGRApos_BCG_44wk_vs_IGRAneg_BCG_44wk"
"HIRA",0.372977215843234,-0.279257641230382,0.63,0.59,1,"13","BCG_treated","week44","IGRApos_BCG_44wk_vs_IGRAneg_BCG_44wk"
"RRM1",0.373006950314759,-0.190357907862198,0.138,0.11,1,"13","BCG_treated","week44","IGRApos_BCG_44wk_vs_IGRAneg_BCG_44wk"
"STARD3NL",0.373113868378774,-0.343821412269902,0.323,0.318,1,"13","BCG_treated","week44","IGRApos_BCG_44wk_vs_IGRAneg_BCG_44wk"
"ZC3H12D",0.37324859865974,0.466586147894471,0.103,0.064,1,"13","BCG_treated","week44","IGRApos_BCG_44wk_vs_IGRAneg_BCG_44wk"
"PPM1B",0.373263729741139,0.384650220650159,0.648,0.474,1,"13","BCG_treated","week44","IGRApos_BCG_44wk_vs_IGRAneg_BCG_44wk"
"SIPA1",0.373516152998532,0.148372299041643,0.325,0.22,1,"13","BCG_treated","week44","IGRApos_BCG_44wk_vs_IGRAneg_BCG_44wk"
"HMGXB4",0.373632295563744,-0.169692188414885,0.222,0.191,1,"13","BCG_treated","week44","IGRApos_BCG_44wk_vs_IGRAneg_BCG_44wk"
"GNG2",0.373847066549058,-0.330462380335274,0.444,0.439,1,"13","BCG_treated","week44","IGRApos_BCG_44wk_vs_IGRAneg_BCG_44wk"
"ZNF146",0.373942859908119,-0.22344130387732,0.378,0.347,1,"13","BCG_treated","week44","IGRApos_BCG_44wk_vs_IGRAneg_BCG_44wk"
"YJU2",0.373957132921256,-0.390147248022136,0.127,0.127,1,"13","BCG_treated","week44","IGRApos_BCG_44wk_vs_IGRAneg_BCG_44wk"
"JAK2",0.374064038203912,0.342461993575968,0.619,0.486,1,"13","BCG_treated","week44","IGRApos_BCG_44wk_vs_IGRAneg_BCG_44wk"
"SLC50A1",0.374090327142353,-0.325437069995417,0.111,0.087,1,"13","BCG_treated","week44","IGRApos_BCG_44wk_vs_IGRAneg_BCG_44wk"
"DAPK2",0.374138548465392,0.488307861584922,0.164,0.116,1,"13","BCG_treated","week44","IGRApos_BCG_44wk_vs_IGRAneg_BCG_44wk"
"CATSPERB",0.374164148120727,0.104647510359533,0.243,0.179,1,"13","BCG_treated","week44","IGRApos_BCG_44wk_vs_IGRAneg_BCG_44wk"
"P4HB",0.374180311643498,-0.357150863130036,0.376,0.341,1,"13","BCG_treated","week44","IGRApos_BCG_44wk_vs_IGRAneg_BCG_44wk"
"RRP1B",0.374960621406726,-0.26679043437584,0.228,0.225,1,"13","BCG_treated","week44","IGRApos_BCG_44wk_vs_IGRAneg_BCG_44wk"
"SLC25A46",0.375113277264237,-0.103762516912587,0.347,0.295,1,"13","BCG_treated","week44","IGRApos_BCG_44wk_vs_IGRAneg_BCG_44wk"
"BIRC2",0.375247056799152,0.253282351730468,0.685,0.526,1,"13","BCG_treated","week44","IGRApos_BCG_44wk_vs_IGRAneg_BCG_44wk"
"BAHD1",0.375861088985046,-0.389635714894052,0.209,0.191,1,"13","BCG_treated","week44","IGRApos_BCG_44wk_vs_IGRAneg_BCG_44wk"
"MBOAT7",0.375970886585269,-0.473040394353957,0.196,0.214,1,"13","BCG_treated","week44","IGRApos_BCG_44wk_vs_IGRAneg_BCG_44wk"
"ALAS1",0.376207702756044,0.157703883611529,0.19,0.121,1,"13","BCG_treated","week44","IGRApos_BCG_44wk_vs_IGRAneg_BCG_44wk"
"DNAJB14",0.376321187793794,-0.168515167060923,0.709,0.659,1,"13","BCG_treated","week44","IGRApos_BCG_44wk_vs_IGRAneg_BCG_44wk"
"APP",0.376401083668606,-0.104594556721596,0.13,0.139,1,"13","BCG_treated","week44","IGRApos_BCG_44wk_vs_IGRAneg_BCG_44wk"
"MRPL52",0.376566099443342,-0.161579422301362,0.14,0.098,1,"13","BCG_treated","week44","IGRApos_BCG_44wk_vs_IGRAneg_BCG_44wk"
"GGA3",0.37688631623452,-0.228025633147294,0.373,0.37,1,"13","BCG_treated","week44","IGRApos_BCG_44wk_vs_IGRAneg_BCG_44wk"
"MRS2",0.377024940434321,-0.116310076097749,0.164,0.11,1,"13","BCG_treated","week44","IGRApos_BCG_44wk_vs_IGRAneg_BCG_44wk"
"RNF38",0.377176466237655,0.144424461748301,0.77,0.613,1,"13","BCG_treated","week44","IGRApos_BCG_44wk_vs_IGRAneg_BCG_44wk"
"NOP9",0.377228862200144,-0.148121209773546,0.148,0.11,1,"13","BCG_treated","week44","IGRApos_BCG_44wk_vs_IGRAneg_BCG_44wk"
"TOR1B",0.377313960237614,-0.5135548275666,0.122,0.104,1,"13","BCG_treated","week44","IGRApos_BCG_44wk_vs_IGRAneg_BCG_44wk"
"PGS1",0.377543432262657,0.377337384931233,0.328,0.214,1,"13","BCG_treated","week44","IGRApos_BCG_44wk_vs_IGRAneg_BCG_44wk"
"TMEM64",0.377805009866462,-0.755315166917156,0.204,0.208,1,"13","BCG_treated","week44","IGRApos_BCG_44wk_vs_IGRAneg_BCG_44wk"
"NBEA",0.377818291324718,-0.41268490751642,0.119,0.127,1,"13","BCG_treated","week44","IGRApos_BCG_44wk_vs_IGRAneg_BCG_44wk"
"INTS2",0.37796249211778,0.574201774132118,0.135,0.116,1,"13","BCG_treated","week44","IGRApos_BCG_44wk_vs_IGRAneg_BCG_44wk"
"NT5C2",0.378088846802161,-0.125563031343002,0.778,0.711,1,"13","BCG_treated","week44","IGRApos_BCG_44wk_vs_IGRAneg_BCG_44wk"
"SLC35E3",0.378111326028589,-0.177796738719065,0.151,0.121,1,"13","BCG_treated","week44","IGRApos_BCG_44wk_vs_IGRAneg_BCG_44wk"
"XXYLT1",0.378417847227969,-0.306965684571963,0.272,0.283,1,"13","BCG_treated","week44","IGRApos_BCG_44wk_vs_IGRAneg_BCG_44wk"
"TMEM248",0.378485646570784,-0.181751459270352,0.339,0.295,1,"13","BCG_treated","week44","IGRApos_BCG_44wk_vs_IGRAneg_BCG_44wk"
"BCL2L1",0.378490329888934,-0.460510321474658,0.508,0.474,1,"13","BCG_treated","week44","IGRApos_BCG_44wk_vs_IGRAneg_BCG_44wk"
"PURB",0.37851564961514,-0.266829607499902,0.386,0.353,1,"13","BCG_treated","week44","IGRApos_BCG_44wk_vs_IGRAneg_BCG_44wk"
"ZNF281",0.378553078304931,-0.407886496237306,0.127,0.127,1,"13","BCG_treated","week44","IGRApos_BCG_44wk_vs_IGRAneg_BCG_44wk"
"COA5",0.378603284941326,0.255443985359519,0.146,0.087,1,"13","BCG_treated","week44","IGRApos_BCG_44wk_vs_IGRAneg_BCG_44wk"
"ZNF136",0.378687739262862,-0.222983952833407,0.201,0.162,1,"13","BCG_treated","week44","IGRApos_BCG_44wk_vs_IGRAneg_BCG_44wk"
"CWF19L1",0.378771439051615,0.131648316872084,0.286,0.191,1,"13","BCG_treated","week44","IGRApos_BCG_44wk_vs_IGRAneg_BCG_44wk"
"DDX20",0.378830608067678,0.313028378375817,0.138,0.081,1,"13","BCG_treated","week44","IGRApos_BCG_44wk_vs_IGRAneg_BCG_44wk"
"ATXN1L",0.379088138307193,-0.301219033772308,0.198,0.202,1,"13","BCG_treated","week44","IGRApos_BCG_44wk_vs_IGRAneg_BCG_44wk"
"ZYX",0.379137026375812,-0.370242968210877,0.18,0.191,1,"13","BCG_treated","week44","IGRApos_BCG_44wk_vs_IGRAneg_BCG_44wk"
"VIPAS39",0.379544632927171,0.623414849823344,0.119,0.069,1,"13","BCG_treated","week44","IGRApos_BCG_44wk_vs_IGRAneg_BCG_44wk"
"WHAMMP4",0.379590799494367,0.485390168479924,0.148,0.092,1,"13","BCG_treated","week44","IGRApos_BCG_44wk_vs_IGRAneg_BCG_44wk"
"MFSD2A",0.379821247434783,-0.461286086237431,0.127,0.104,1,"13","BCG_treated","week44","IGRApos_BCG_44wk_vs_IGRAneg_BCG_44wk"
"PPWD1",0.37995509521959,0.4506209062365,0.426,0.312,1,"13","BCG_treated","week44","IGRApos_BCG_44wk_vs_IGRAneg_BCG_44wk"
"MAP4K1",0.380151560839779,-0.226312943481952,0.201,0.156,1,"13","BCG_treated","week44","IGRApos_BCG_44wk_vs_IGRAneg_BCG_44wk"
"EXOSC9",0.380551730957882,-0.105381586074089,0.19,0.133,1,"13","BCG_treated","week44","IGRApos_BCG_44wk_vs_IGRAneg_BCG_44wk"
"AKAP11",0.380555278369439,0.284605964096998,0.574,0.439,1,"13","BCG_treated","week44","IGRApos_BCG_44wk_vs_IGRAneg_BCG_44wk"
"R3HCC1L",0.380682963980111,-0.146221241482965,0.511,0.486,1,"13","BCG_treated","week44","IGRApos_BCG_44wk_vs_IGRAneg_BCG_44wk"
"RWDD3",0.380873779261131,0.386559978081879,0.148,0.092,1,"13","BCG_treated","week44","IGRApos_BCG_44wk_vs_IGRAneg_BCG_44wk"
"MUC20-OT1",0.381410104373077,0.178928282571636,0.423,0.301,1,"13","BCG_treated","week44","IGRApos_BCG_44wk_vs_IGRAneg_BCG_44wk"
"ENSG00000229195",0.381930102613002,-0.58054462995062,0.138,0.162,1,"13","BCG_treated","week44","IGRApos_BCG_44wk_vs_IGRAneg_BCG_44wk"
"CCNC",0.382252492986531,-0.143172664582919,0.288,0.266,1,"13","BCG_treated","week44","IGRApos_BCG_44wk_vs_IGRAneg_BCG_44wk"
"API5",0.382305235436398,0.450227725275521,0.431,0.289,1,"13","BCG_treated","week44","IGRApos_BCG_44wk_vs_IGRAneg_BCG_44wk"
"GNL1",0.382508402742012,-0.24369645875515,0.251,0.22,1,"13","BCG_treated","week44","IGRApos_BCG_44wk_vs_IGRAneg_BCG_44wk"
"SPPL2A",0.382673505614414,-0.181745235153685,0.648,0.595,1,"13","BCG_treated","week44","IGRApos_BCG_44wk_vs_IGRAneg_BCG_44wk"
"TANGO2",0.382784515629509,-0.21705455322544,0.225,0.214,1,"13","BCG_treated","week44","IGRApos_BCG_44wk_vs_IGRAneg_BCG_44wk"
"PXK",0.382891889858933,0.183381633641146,0.328,0.231,1,"13","BCG_treated","week44","IGRApos_BCG_44wk_vs_IGRAneg_BCG_44wk"
"TCP11L1",0.38289516593164,-0.131844910935374,0.437,0.37,1,"13","BCG_treated","week44","IGRApos_BCG_44wk_vs_IGRAneg_BCG_44wk"
"PDXK",0.383457536566938,-0.179617321297984,0.302,0.26,1,"13","BCG_treated","week44","IGRApos_BCG_44wk_vs_IGRAneg_BCG_44wk"
"DIS3L",0.383975763019028,0.142718349350762,0.23,0.156,1,"13","BCG_treated","week44","IGRApos_BCG_44wk_vs_IGRAneg_BCG_44wk"
"HMGN3",0.383982768593868,-0.234700572730655,0.254,0.231,1,"13","BCG_treated","week44","IGRApos_BCG_44wk_vs_IGRAneg_BCG_44wk"
"WAKMAR2",0.3842438129,-0.348086144044495,0.161,0.156,1,"13","BCG_treated","week44","IGRApos_BCG_44wk_vs_IGRAneg_BCG_44wk"
"DYNC1LI1",0.384333756766537,-0.156474094762846,0.344,0.306,1,"13","BCG_treated","week44","IGRApos_BCG_44wk_vs_IGRAneg_BCG_44wk"
"DHX8",0.384492465817206,-0.335614812366406,0.312,0.289,1,"13","BCG_treated","week44","IGRApos_BCG_44wk_vs_IGRAneg_BCG_44wk"
"PRRC1",0.384543637300425,0.374760211936985,0.177,0.104,1,"13","BCG_treated","week44","IGRApos_BCG_44wk_vs_IGRAneg_BCG_44wk"
"BTG3",0.38461902090278,-0.337074426381274,0.111,0.116,1,"13","BCG_treated","week44","IGRApos_BCG_44wk_vs_IGRAneg_BCG_44wk"
"ITPA",0.384621757267613,0.167321268370789,0.209,0.15,1,"13","BCG_treated","week44","IGRApos_BCG_44wk_vs_IGRAneg_BCG_44wk"
"RAP1B",0.384651959118178,-0.134004740368176,0.913,0.844,1,"13","BCG_treated","week44","IGRApos_BCG_44wk_vs_IGRAneg_BCG_44wk"
"GMIP",0.384849474958575,-0.193581167930871,0.27,0.249,1,"13","BCG_treated","week44","IGRApos_BCG_44wk_vs_IGRAneg_BCG_44wk"
"NEDD8",0.385349811897128,-0.212353712646767,0.185,0.156,1,"13","BCG_treated","week44","IGRApos_BCG_44wk_vs_IGRAneg_BCG_44wk"
"VAC14",0.385398758676449,-0.106944816186243,0.394,0.341,1,"13","BCG_treated","week44","IGRApos_BCG_44wk_vs_IGRAneg_BCG_44wk"
"TMEM170A",0.385421466306293,0.418471790293452,0.249,0.15,1,"13","BCG_treated","week44","IGRApos_BCG_44wk_vs_IGRAneg_BCG_44wk"
"CLOCK",0.385484828245987,-0.353019697108576,0.352,0.312,1,"13","BCG_treated","week44","IGRApos_BCG_44wk_vs_IGRAneg_BCG_44wk"
"ABCB8",0.385595897152211,0.184769875052382,0.138,0.081,1,"13","BCG_treated","week44","IGRApos_BCG_44wk_vs_IGRAneg_BCG_44wk"
"APOL1",0.38562651149143,0.305213931995465,0.325,0.225,1,"13","BCG_treated","week44","IGRApos_BCG_44wk_vs_IGRAneg_BCG_44wk"
"ENOPH1",0.385649594236089,-0.473785782875377,0.164,0.156,1,"13","BCG_treated","week44","IGRApos_BCG_44wk_vs_IGRAneg_BCG_44wk"
"TMBIM4",0.385707320364619,-0.102262489442484,0.529,0.434,1,"13","BCG_treated","week44","IGRApos_BCG_44wk_vs_IGRAneg_BCG_44wk"
"LRRC8B",0.385842760222091,-0.324186797653264,0.167,0.185,1,"13","BCG_treated","week44","IGRApos_BCG_44wk_vs_IGRAneg_BCG_44wk"
"CYTH2",0.385911609444094,-0.212392005908764,0.185,0.179,1,"13","BCG_treated","week44","IGRApos_BCG_44wk_vs_IGRAneg_BCG_44wk"
"7SK",0.385995766171186,0.166111023011675,0.921,0.902,1,"13","BCG_treated","week44","IGRApos_BCG_44wk_vs_IGRAneg_BCG_44wk"
"NBPF8",0.385999192044174,0.502908022288584,0.209,0.121,1,"13","BCG_treated","week44","IGRApos_BCG_44wk_vs_IGRAneg_BCG_44wk"
"MFN2",0.387065279570854,-0.30329039948331,0.222,0.208,1,"13","BCG_treated","week44","IGRApos_BCG_44wk_vs_IGRAneg_BCG_44wk"
"ZSCAN5A",0.387396145310738,0.542018835311025,0.193,0.15,1,"13","BCG_treated","week44","IGRApos_BCG_44wk_vs_IGRAneg_BCG_44wk"
"NACC1",0.387420660547574,-0.249867262445513,0.344,0.347,1,"13","BCG_treated","week44","IGRApos_BCG_44wk_vs_IGRAneg_BCG_44wk"
"GORAB",0.387491189871216,-0.439768281719624,0.153,0.139,1,"13","BCG_treated","week44","IGRApos_BCG_44wk_vs_IGRAneg_BCG_44wk"
"ENSG00000251600",0.387542578921517,0.908185714403253,0.122,0.069,1,"13","BCG_treated","week44","IGRApos_BCG_44wk_vs_IGRAneg_BCG_44wk"
"SNHG17",0.387575083182645,-0.544605368744744,0.106,0.116,1,"13","BCG_treated","week44","IGRApos_BCG_44wk_vs_IGRAneg_BCG_44wk"
"KLHL20",0.387629080272351,-0.325520278299206,0.455,0.405,1,"13","BCG_treated","week44","IGRApos_BCG_44wk_vs_IGRAneg_BCG_44wk"
"TMEM268",0.387695780946022,-0.468656353527698,0.106,0.11,1,"13","BCG_treated","week44","IGRApos_BCG_44wk_vs_IGRAneg_BCG_44wk"
"ZNF202",0.387857102622605,0.474783129298622,0.169,0.092,1,"13","BCG_treated","week44","IGRApos_BCG_44wk_vs_IGRAneg_BCG_44wk"
"ZNF583",0.388017755496794,-0.437469687069788,0.116,0.121,1,"13","BCG_treated","week44","IGRApos_BCG_44wk_vs_IGRAneg_BCG_44wk"
"PFKL",0.388051239554521,0.246931450632815,0.212,0.173,1,"13","BCG_treated","week44","IGRApos_BCG_44wk_vs_IGRAneg_BCG_44wk"
"SURF4",0.388252597338971,0.572596379592054,0.352,0.208,1,"13","BCG_treated","week44","IGRApos_BCG_44wk_vs_IGRAneg_BCG_44wk"
"ZNF292",0.388489621342601,0.209606151099669,0.878,0.786,1,"13","BCG_treated","week44","IGRApos_BCG_44wk_vs_IGRAneg_BCG_44wk"
"DCTN2",0.388869674031603,0.234969943058851,0.233,0.156,1,"13","BCG_treated","week44","IGRApos_BCG_44wk_vs_IGRAneg_BCG_44wk"
"BCL2",0.389533809593473,-0.410806615222201,0.235,0.272,1,"13","BCG_treated","week44","IGRApos_BCG_44wk_vs_IGRAneg_BCG_44wk"
"MTPN",0.389588634399638,-0.159615097479956,0.492,0.48,1,"13","BCG_treated","week44","IGRApos_BCG_44wk_vs_IGRAneg_BCG_44wk"
"ACADVL",0.390020215156295,0.476530997479384,0.423,0.277,1,"13","BCG_treated","week44","IGRApos_BCG_44wk_vs_IGRAneg_BCG_44wk"
"PAX8-AS1",0.390056774048085,0.696459968602294,0.18,0.104,1,"13","BCG_treated","week44","IGRApos_BCG_44wk_vs_IGRAneg_BCG_44wk"
"TMEM71",0.39006299742856,-0.398126870977356,0.183,0.179,1,"13","BCG_treated","week44","IGRApos_BCG_44wk_vs_IGRAneg_BCG_44wk"
"FUCA1",0.390221063434872,-0.285069079835738,0.172,0.15,1,"13","BCG_treated","week44","IGRApos_BCG_44wk_vs_IGRAneg_BCG_44wk"
"ENSG00000258964",0.390455528055151,-0.34229993291764,0.151,0.116,1,"13","BCG_treated","week44","IGRApos_BCG_44wk_vs_IGRAneg_BCG_44wk"
"TOR1A",0.390804574132141,-0.388315531192533,0.209,0.22,1,"13","BCG_treated","week44","IGRApos_BCG_44wk_vs_IGRAneg_BCG_44wk"
"AMPD3",0.390931184811634,0.975792798609397,0.148,0.075,1,"13","BCG_treated","week44","IGRApos_BCG_44wk_vs_IGRAneg_BCG_44wk"
"OGA",0.391196224682349,-0.167357834882059,0.828,0.775,1,"13","BCG_treated","week44","IGRApos_BCG_44wk_vs_IGRAneg_BCG_44wk"
"LINC02384",0.39156869411784,-0.273382058236306,0.143,0.116,1,"13","BCG_treated","week44","IGRApos_BCG_44wk_vs_IGRAneg_BCG_44wk"
"LYRM7",0.39182301777746,-0.500782901996519,0.167,0.179,1,"13","BCG_treated","week44","IGRApos_BCG_44wk_vs_IGRAneg_BCG_44wk"
"RABEP1",0.391955039201519,-0.173898988395677,0.669,0.601,1,"13","BCG_treated","week44","IGRApos_BCG_44wk_vs_IGRAneg_BCG_44wk"
"WDR45B",0.392026832567851,-0.122192578421007,0.299,0.237,1,"13","BCG_treated","week44","IGRApos_BCG_44wk_vs_IGRAneg_BCG_44wk"
"SSH3",0.392161456539471,0.57520210292244,0.103,0.052,1,"13","BCG_treated","week44","IGRApos_BCG_44wk_vs_IGRAneg_BCG_44wk"
"SIRT7",0.392374377843464,-0.183424543880321,0.19,0.15,1,"13","BCG_treated","week44","IGRApos_BCG_44wk_vs_IGRAneg_BCG_44wk"
"ELOA",0.39238801156329,-0.328082918253062,0.228,0.214,1,"13","BCG_treated","week44","IGRApos_BCG_44wk_vs_IGRAneg_BCG_44wk"
"BCKDHA",0.39243767414877,0.49501058901973,0.124,0.104,1,"13","BCG_treated","week44","IGRApos_BCG_44wk_vs_IGRAneg_BCG_44wk"
"PUF60",0.392478423496098,0.122658777402341,0.175,0.116,1,"13","BCG_treated","week44","IGRApos_BCG_44wk_vs_IGRAneg_BCG_44wk"
"CHSY1",0.392532184374261,0.214210277140643,0.434,0.318,1,"13","BCG_treated","week44","IGRApos_BCG_44wk_vs_IGRAneg_BCG_44wk"
"CMTM3",0.392581143227123,-0.550725436644897,0.185,0.179,1,"13","BCG_treated","week44","IGRApos_BCG_44wk_vs_IGRAneg_BCG_44wk"
"VAMP7",0.392701189281942,0.114629428702886,0.206,0.15,1,"13","BCG_treated","week44","IGRApos_BCG_44wk_vs_IGRAneg_BCG_44wk"
"TCTN3",0.392776223573586,-0.123754003438567,0.336,0.295,1,"13","BCG_treated","week44","IGRApos_BCG_44wk_vs_IGRAneg_BCG_44wk"
"ZMYM1",0.392960123008641,0.234434679900302,0.254,0.173,1,"13","BCG_treated","week44","IGRApos_BCG_44wk_vs_IGRAneg_BCG_44wk"
"C1orf112",0.393110651531367,-0.167605161044968,0.153,0.104,1,"13","BCG_treated","week44","IGRApos_BCG_44wk_vs_IGRAneg_BCG_44wk"
"MYO19",0.393209915808771,-0.22576858081615,0.31,0.312,1,"13","BCG_treated","week44","IGRApos_BCG_44wk_vs_IGRAneg_BCG_44wk"
"TRAF3IP3",0.393274367082784,-0.214790359716301,0.431,0.399,1,"13","BCG_treated","week44","IGRApos_BCG_44wk_vs_IGRAneg_BCG_44wk"
"NBPF12",0.393565879303177,-0.196069377868204,0.267,0.243,1,"13","BCG_treated","week44","IGRApos_BCG_44wk_vs_IGRAneg_BCG_44wk"
"ZNF789",0.39361483541972,0.246269290649829,0.156,0.098,1,"13","BCG_treated","week44","IGRApos_BCG_44wk_vs_IGRAneg_BCG_44wk"
"CAB39",0.39397626406376,0.179927835852844,0.812,0.682,1,"13","BCG_treated","week44","IGRApos_BCG_44wk_vs_IGRAneg_BCG_44wk"
"PPARA",0.394054832642507,-0.363804965418486,0.246,0.231,1,"13","BCG_treated","week44","IGRApos_BCG_44wk_vs_IGRAneg_BCG_44wk"
"KPNA3",0.394360259747305,0.220520200560059,0.468,0.416,1,"13","BCG_treated","week44","IGRApos_BCG_44wk_vs_IGRAneg_BCG_44wk"
"JUND",0.394424837897915,-0.111011918593374,0.206,0.162,1,"13","BCG_treated","week44","IGRApos_BCG_44wk_vs_IGRAneg_BCG_44wk"
"BBS2",0.39445566033128,0.134152623434348,0.151,0.098,1,"13","BCG_treated","week44","IGRApos_BCG_44wk_vs_IGRAneg_BCG_44wk"
"VPS33A",0.394633907474711,-0.202242069069825,0.212,0.185,1,"13","BCG_treated","week44","IGRApos_BCG_44wk_vs_IGRAneg_BCG_44wk"
"GGCX",0.394780491352997,0.646253853601405,0.119,0.064,1,"13","BCG_treated","week44","IGRApos_BCG_44wk_vs_IGRAneg_BCG_44wk"
"DENND5B",0.394967570027555,-0.356844572843711,0.156,0.173,1,"13","BCG_treated","week44","IGRApos_BCG_44wk_vs_IGRAneg_BCG_44wk"
"ZNF384",0.39501186178052,0.361621699983842,0.288,0.179,1,"13","BCG_treated","week44","IGRApos_BCG_44wk_vs_IGRAneg_BCG_44wk"
"GOLGA7",0.395222188866117,-0.3576739222549,0.206,0.197,1,"13","BCG_treated","week44","IGRApos_BCG_44wk_vs_IGRAneg_BCG_44wk"
"ZNF235",0.395477403598163,0.606005094407325,0.175,0.139,1,"13","BCG_treated","week44","IGRApos_BCG_44wk_vs_IGRAneg_BCG_44wk"
"DHFR",0.395876136839967,-0.153668103165774,0.14,0.116,1,"13","BCG_treated","week44","IGRApos_BCG_44wk_vs_IGRAneg_BCG_44wk"
"RTL6",0.396157826190045,0.567108899324785,0.103,0.058,1,"13","BCG_treated","week44","IGRApos_BCG_44wk_vs_IGRAneg_BCG_44wk"
"SYAP1",0.396262981757163,0.288522115057053,0.368,0.295,1,"13","BCG_treated","week44","IGRApos_BCG_44wk_vs_IGRAneg_BCG_44wk"
"TIMM9",0.396284294972952,-0.642714155462556,0.098,0.11,1,"13","BCG_treated","week44","IGRApos_BCG_44wk_vs_IGRAneg_BCG_44wk"
"SLC45A4",0.396786998463203,-0.3094314050952,0.164,0.173,1,"13","BCG_treated","week44","IGRApos_BCG_44wk_vs_IGRAneg_BCG_44wk"
"C2orf69",0.396863855584377,-0.28960315590372,0.122,0.139,1,"13","BCG_treated","week44","IGRApos_BCG_44wk_vs_IGRAneg_BCG_44wk"
"GOLPH3L",0.396867887329674,0.25441732194526,0.267,0.214,1,"13","BCG_treated","week44","IGRApos_BCG_44wk_vs_IGRAneg_BCG_44wk"
"RFT1",0.39689643416281,-0.504042717611655,0.111,0.098,1,"13","BCG_treated","week44","IGRApos_BCG_44wk_vs_IGRAneg_BCG_44wk"
"ZC3H3",0.396904398716358,0.306860210106499,0.262,0.168,1,"13","BCG_treated","week44","IGRApos_BCG_44wk_vs_IGRAneg_BCG_44wk"
"PYHIN1",0.397166596565607,-0.141028754932728,0.437,0.468,1,"13","BCG_treated","week44","IGRApos_BCG_44wk_vs_IGRAneg_BCG_44wk"
"RAD1",0.397261304015661,0.104370519938532,0.106,0.069,1,"13","BCG_treated","week44","IGRApos_BCG_44wk_vs_IGRAneg_BCG_44wk"
"DTD1",0.397362610602885,0.346860799542041,0.386,0.306,1,"13","BCG_treated","week44","IGRApos_BCG_44wk_vs_IGRAneg_BCG_44wk"
"ICAM3",0.397475849312909,0.131914751181548,0.116,0.075,1,"13","BCG_treated","week44","IGRApos_BCG_44wk_vs_IGRAneg_BCG_44wk"
"PPP3CB",0.397497904912188,-0.187407029452408,0.484,0.462,1,"13","BCG_treated","week44","IGRApos_BCG_44wk_vs_IGRAneg_BCG_44wk"
"NCOR2",0.39775838206706,-0.104777991956001,0.574,0.509,1,"13","BCG_treated","week44","IGRApos_BCG_44wk_vs_IGRAneg_BCG_44wk"
"SEL1L3",0.397773064057662,-0.108370509527602,0.37,0.364,1,"13","BCG_treated","week44","IGRApos_BCG_44wk_vs_IGRAneg_BCG_44wk"
"SMAP1",0.397925967685213,-0.136001735175705,0.69,0.63,1,"13","BCG_treated","week44","IGRApos_BCG_44wk_vs_IGRAneg_BCG_44wk"
"PSMA2",0.398122327080924,-0.142074571725193,0.23,0.185,1,"13","BCG_treated","week44","IGRApos_BCG_44wk_vs_IGRAneg_BCG_44wk"
"ENSG00000100101",0.398244524957203,-0.594733289585318,0.103,0.104,1,"13","BCG_treated","week44","IGRApos_BCG_44wk_vs_IGRAneg_BCG_44wk"
"RAB5IF",0.398487716077425,-0.50648257689184,0.119,0.133,1,"13","BCG_treated","week44","IGRApos_BCG_44wk_vs_IGRAneg_BCG_44wk"
"MAP3K14-AS1",0.39851996944461,0.543931121863141,0.156,0.087,1,"13","BCG_treated","week44","IGRApos_BCG_44wk_vs_IGRAneg_BCG_44wk"
"HVCN1",0.398577321334667,-0.253088383730141,0.312,0.306,1,"13","BCG_treated","week44","IGRApos_BCG_44wk_vs_IGRAneg_BCG_44wk"
"RNF169",0.398594384722461,-0.253953564401543,0.505,0.474,1,"13","BCG_treated","week44","IGRApos_BCG_44wk_vs_IGRAneg_BCG_44wk"
"CIB1",0.398643401016938,0.812869928247075,0.146,0.075,1,"13","BCG_treated","week44","IGRApos_BCG_44wk_vs_IGRAneg_BCG_44wk"
"TRMU",0.398692022281876,0.569740126731208,0.209,0.127,1,"13","BCG_treated","week44","IGRApos_BCG_44wk_vs_IGRAneg_BCG_44wk"
"ACSL4",0.399337848781468,0.249852041335396,0.503,0.364,1,"13","BCG_treated","week44","IGRApos_BCG_44wk_vs_IGRAneg_BCG_44wk"
"PMEPA1",0.399388575473057,-0.425301326797775,0.201,0.208,1,"13","BCG_treated","week44","IGRApos_BCG_44wk_vs_IGRAneg_BCG_44wk"
"GNL3L",0.399419166264757,-0.104379462391513,0.429,0.399,1,"13","BCG_treated","week44","IGRApos_BCG_44wk_vs_IGRAneg_BCG_44wk"
"SLC25A39",0.39953952259768,0.104456483224753,0.19,0.127,1,"13","BCG_treated","week44","IGRApos_BCG_44wk_vs_IGRAneg_BCG_44wk"
"GOLGA5",0.399544428135753,-0.194979584344593,0.212,0.168,1,"13","BCG_treated","week44","IGRApos_BCG_44wk_vs_IGRAneg_BCG_44wk"
"KCTD9",0.399566085488092,0.318500582932822,0.497,0.353,1,"13","BCG_treated","week44","IGRApos_BCG_44wk_vs_IGRAneg_BCG_44wk"
"CD37",0.399646224303601,0.102704679744769,0.312,0.225,1,"13","BCG_treated","week44","IGRApos_BCG_44wk_vs_IGRAneg_BCG_44wk"
"EBLN3P",0.399658789871682,-0.414871371369492,0.22,0.202,1,"13","BCG_treated","week44","IGRApos_BCG_44wk_vs_IGRAneg_BCG_44wk"
"BTBD2",0.399744718119563,-0.499871869632502,0.119,0.11,1,"13","BCG_treated","week44","IGRApos_BCG_44wk_vs_IGRAneg_BCG_44wk"
"LZTR1",0.399919982591539,0.411608722617852,0.206,0.127,1,"13","BCG_treated","week44","IGRApos_BCG_44wk_vs_IGRAneg_BCG_44wk"
"KLF3",0.400050888267493,0.486086034909196,0.476,0.341,1,"13","BCG_treated","week44","IGRApos_BCG_44wk_vs_IGRAneg_BCG_44wk"
"SAP30L-AS1",0.400646645850153,-0.150121961226117,0.249,0.197,1,"13","BCG_treated","week44","IGRApos_BCG_44wk_vs_IGRAneg_BCG_44wk"
"RNF167",0.400660819867713,-0.386523510984663,0.116,0.104,1,"13","BCG_treated","week44","IGRApos_BCG_44wk_vs_IGRAneg_BCG_44wk"
"SNX6",0.401007257279082,-0.17883850035492,0.537,0.514,1,"13","BCG_treated","week44","IGRApos_BCG_44wk_vs_IGRAneg_BCG_44wk"
"DDOST",0.401716384926391,-0.148889155648807,0.238,0.197,1,"13","BCG_treated","week44","IGRApos_BCG_44wk_vs_IGRAneg_BCG_44wk"
"LRRC27",0.401722908311366,-0.58472644272176,0.153,0.15,1,"13","BCG_treated","week44","IGRApos_BCG_44wk_vs_IGRAneg_BCG_44wk"
"BTG1-DT",0.401809130341698,-0.272841555137752,0.27,0.249,1,"13","BCG_treated","week44","IGRApos_BCG_44wk_vs_IGRAneg_BCG_44wk"
"POLR3H",0.401835841578499,0.635093278714328,0.108,0.081,1,"13","BCG_treated","week44","IGRApos_BCG_44wk_vs_IGRAneg_BCG_44wk"
"CTIF",0.402098297301698,-0.327048300433362,0.172,0.156,1,"13","BCG_treated","week44","IGRApos_BCG_44wk_vs_IGRAneg_BCG_44wk"
"C17orf49",0.402744882533587,-0.679105672870865,0.103,0.121,1,"13","BCG_treated","week44","IGRApos_BCG_44wk_vs_IGRAneg_BCG_44wk"
"APC",0.402940143138583,0.127621971373622,0.556,0.474,1,"13","BCG_treated","week44","IGRApos_BCG_44wk_vs_IGRAneg_BCG_44wk"
"TAF6",0.402990716607135,-0.405592613094096,0.127,0.133,1,"13","BCG_treated","week44","IGRApos_BCG_44wk_vs_IGRAneg_BCG_44wk"
"MRTFA",0.403115436992081,0.159264448536136,0.751,0.618,1,"13","BCG_treated","week44","IGRApos_BCG_44wk_vs_IGRAneg_BCG_44wk"
"HACD4",0.403139759108955,0.308468894554048,0.122,0.075,1,"13","BCG_treated","week44","IGRApos_BCG_44wk_vs_IGRAneg_BCG_44wk"
"PHF6",0.403408070679399,-0.347764060354834,0.214,0.214,1,"13","BCG_treated","week44","IGRApos_BCG_44wk_vs_IGRAneg_BCG_44wk"
"KDM3A",0.403724441595074,0.145674465611877,0.5,0.451,1,"13","BCG_treated","week44","IGRApos_BCG_44wk_vs_IGRAneg_BCG_44wk"
"TNRC18",0.40387653925687,-0.229097631203759,0.653,0.624,1,"13","BCG_treated","week44","IGRApos_BCG_44wk_vs_IGRAneg_BCG_44wk"
"ALAD",0.404436903590475,-0.260110021967658,0.106,0.087,1,"13","BCG_treated","week44","IGRApos_BCG_44wk_vs_IGRAneg_BCG_44wk"
"CAMTA2",0.404452101832663,-0.314228905094103,0.204,0.202,1,"13","BCG_treated","week44","IGRApos_BCG_44wk_vs_IGRAneg_BCG_44wk"
"SSR2",0.404611745962609,-0.289622128096848,0.196,0.162,1,"13","BCG_treated","week44","IGRApos_BCG_44wk_vs_IGRAneg_BCG_44wk"
"STK24",0.404746229725761,-0.210149650793372,0.548,0.538,1,"13","BCG_treated","week44","IGRApos_BCG_44wk_vs_IGRAneg_BCG_44wk"
"RAB40C",0.404756606473196,-0.385788519433427,0.159,0.162,1,"13","BCG_treated","week44","IGRApos_BCG_44wk_vs_IGRAneg_BCG_44wk"
"SGSM2",0.404791088693911,0.36434140629849,0.312,0.202,1,"13","BCG_treated","week44","IGRApos_BCG_44wk_vs_IGRAneg_BCG_44wk"
"CASTOR2",0.405063877833532,-0.168263851415369,0.116,0.104,1,"13","BCG_treated","week44","IGRApos_BCG_44wk_vs_IGRAneg_BCG_44wk"
"ZNF776",0.405420068301089,0.296582916712449,0.167,0.098,1,"13","BCG_treated","week44","IGRApos_BCG_44wk_vs_IGRAneg_BCG_44wk"
"B3GALNT2",0.405422334255858,0.328691644958478,0.265,0.179,1,"13","BCG_treated","week44","IGRApos_BCG_44wk_vs_IGRAneg_BCG_44wk"
"TDRD3",0.405443693961883,-0.219791925817919,0.466,0.399,1,"13","BCG_treated","week44","IGRApos_BCG_44wk_vs_IGRAneg_BCG_44wk"
"SCAF1",0.405557913519383,0.289363775169082,0.169,0.116,1,"13","BCG_treated","week44","IGRApos_BCG_44wk_vs_IGRAneg_BCG_44wk"
"FRMD8",0.405584502416718,0.714961122531511,0.183,0.11,1,"13","BCG_treated","week44","IGRApos_BCG_44wk_vs_IGRAneg_BCG_44wk"
"ITGA5",0.405650347302634,-0.134578223373007,0.431,0.439,1,"13","BCG_treated","week44","IGRApos_BCG_44wk_vs_IGRAneg_BCG_44wk"
"TFE3",0.40636047837502,-0.181932522087705,0.146,0.121,1,"13","BCG_treated","week44","IGRApos_BCG_44wk_vs_IGRAneg_BCG_44wk"
"PEX6",0.406552296758418,-0.318660535435662,0.127,0.133,1,"13","BCG_treated","week44","IGRApos_BCG_44wk_vs_IGRAneg_BCG_44wk"
"ATP6V1D",0.406710489884003,-0.210527404659605,0.262,0.254,1,"13","BCG_treated","week44","IGRApos_BCG_44wk_vs_IGRAneg_BCG_44wk"
"CFAP298",0.406977842750605,-0.16201490404402,0.167,0.139,1,"13","BCG_treated","week44","IGRApos_BCG_44wk_vs_IGRAneg_BCG_44wk"
"MRPL22",0.407096175027025,-0.244772644664635,0.116,0.098,1,"13","BCG_treated","week44","IGRApos_BCG_44wk_vs_IGRAneg_BCG_44wk"
"ODF2",0.407124421272719,0.197109573814762,0.304,0.22,1,"13","BCG_treated","week44","IGRApos_BCG_44wk_vs_IGRAneg_BCG_44wk"
"SPESP1",0.407126527166695,-0.352626766176469,0.212,0.197,1,"13","BCG_treated","week44","IGRApos_BCG_44wk_vs_IGRAneg_BCG_44wk"
"RPS6KA1",0.407287445439394,0.11159456852632,0.399,0.295,1,"13","BCG_treated","week44","IGRApos_BCG_44wk_vs_IGRAneg_BCG_44wk"
"WDR13",0.407894533257973,-0.186649900063459,0.106,0.075,1,"13","BCG_treated","week44","IGRApos_BCG_44wk_vs_IGRAneg_BCG_44wk"
"LUZP1",0.408187591678693,0.193367304016039,0.415,0.37,1,"13","BCG_treated","week44","IGRApos_BCG_44wk_vs_IGRAneg_BCG_44wk"
"NDUFB1",0.408482157067881,-0.457406017036162,0.111,0.116,1,"13","BCG_treated","week44","IGRApos_BCG_44wk_vs_IGRAneg_BCG_44wk"
"LEPROTL1",0.408625245631181,0.132503014183859,0.516,0.393,1,"13","BCG_treated","week44","IGRApos_BCG_44wk_vs_IGRAneg_BCG_44wk"
"AGL",0.408859040937347,0.415358520842376,0.28,0.179,1,"13","BCG_treated","week44","IGRApos_BCG_44wk_vs_IGRAneg_BCG_44wk"
"UHMK1",0.408916706436885,-0.197371878516065,0.413,0.393,1,"13","BCG_treated","week44","IGRApos_BCG_44wk_vs_IGRAneg_BCG_44wk"
"CYP4V2",0.408961395353225,0.279420643674534,0.212,0.133,1,"13","BCG_treated","week44","IGRApos_BCG_44wk_vs_IGRAneg_BCG_44wk"
"MORF4L2",0.410040014229242,-0.329946746453581,0.243,0.249,1,"13","BCG_treated","week44","IGRApos_BCG_44wk_vs_IGRAneg_BCG_44wk"
"RPP14",0.410166974852961,-0.269616493076048,0.188,0.156,1,"13","BCG_treated","week44","IGRApos_BCG_44wk_vs_IGRAneg_BCG_44wk"
"SLC25A33",0.411083854200832,-0.319476921625638,0.188,0.162,1,"13","BCG_treated","week44","IGRApos_BCG_44wk_vs_IGRAneg_BCG_44wk"
"PITHD1",0.411398896124644,0.772556858935919,0.14,0.081,1,"13","BCG_treated","week44","IGRApos_BCG_44wk_vs_IGRAneg_BCG_44wk"
"PRKCD",0.411599971316814,0.358518779105346,0.13,0.075,1,"13","BCG_treated","week44","IGRApos_BCG_44wk_vs_IGRAneg_BCG_44wk"
"COG7",0.411724621252535,0.212444785196597,0.23,0.145,1,"13","BCG_treated","week44","IGRApos_BCG_44wk_vs_IGRAneg_BCG_44wk"
"ASB3",0.411967704768947,0.354910112818579,0.627,0.48,1,"13","BCG_treated","week44","IGRApos_BCG_44wk_vs_IGRAneg_BCG_44wk"
"OSGIN2",0.412032251663735,0.526178721221428,0.14,0.081,1,"13","BCG_treated","week44","IGRApos_BCG_44wk_vs_IGRAneg_BCG_44wk"
"ZNF197",0.412507955315807,-0.653954935852897,0.164,0.173,1,"13","BCG_treated","week44","IGRApos_BCG_44wk_vs_IGRAneg_BCG_44wk"
"PHF21A",0.412653674804271,-0.249853387032032,0.865,0.844,1,"13","BCG_treated","week44","IGRApos_BCG_44wk_vs_IGRAneg_BCG_44wk"
"PROSER1",0.412988796922772,0.174142905645266,0.32,0.214,1,"13","BCG_treated","week44","IGRApos_BCG_44wk_vs_IGRAneg_BCG_44wk"
"OGFRL1",0.413050960073614,-0.20435962405205,0.214,0.179,1,"13","BCG_treated","week44","IGRApos_BCG_44wk_vs_IGRAneg_BCG_44wk"
"RNF145",0.413129225347329,0.476847560435632,0.532,0.393,1,"13","BCG_treated","week44","IGRApos_BCG_44wk_vs_IGRAneg_BCG_44wk"
"LRRC8A",0.413288648493662,-0.695348418455613,0.103,0.127,1,"13","BCG_treated","week44","IGRApos_BCG_44wk_vs_IGRAneg_BCG_44wk"
"ARMCX4",0.413303061903347,-0.114612704339208,0.288,0.22,1,"13","BCG_treated","week44","IGRApos_BCG_44wk_vs_IGRAneg_BCG_44wk"
"ENSG00000281039",0.413368288825991,-0.473457698400316,0.222,0.243,1,"13","BCG_treated","week44","IGRApos_BCG_44wk_vs_IGRAneg_BCG_44wk"
"ENSG00000285635",0.413573841894885,-0.573907729191141,0.116,0.116,1,"13","BCG_treated","week44","IGRApos_BCG_44wk_vs_IGRAneg_BCG_44wk"
"PLA2G6",0.413783892096101,0.149254260664396,0.5,0.37,1,"13","BCG_treated","week44","IGRApos_BCG_44wk_vs_IGRAneg_BCG_44wk"
"ATAD3A",0.414238218092047,-0.28101774414065,0.108,0.087,1,"13","BCG_treated","week44","IGRApos_BCG_44wk_vs_IGRAneg_BCG_44wk"
"ORAI1",0.414238226383319,-0.400156806233169,0.106,0.11,1,"13","BCG_treated","week44","IGRApos_BCG_44wk_vs_IGRAneg_BCG_44wk"
"SCYL1",0.414478833661579,-0.32018504539003,0.206,0.202,1,"13","BCG_treated","week44","IGRApos_BCG_44wk_vs_IGRAneg_BCG_44wk"
"CYB5B",0.414688976302644,-0.214360745289463,0.344,0.289,1,"13","BCG_treated","week44","IGRApos_BCG_44wk_vs_IGRAneg_BCG_44wk"
"PHF10",0.415241412773682,-0.105608826631204,0.294,0.277,1,"13","BCG_treated","week44","IGRApos_BCG_44wk_vs_IGRAneg_BCG_44wk"
"ZBTB5",0.415326792808372,0.466872519371873,0.161,0.081,1,"13","BCG_treated","week44","IGRApos_BCG_44wk_vs_IGRAneg_BCG_44wk"
"WDR5B-DT",0.415540541181337,0.563106457088161,0.127,0.075,1,"13","BCG_treated","week44","IGRApos_BCG_44wk_vs_IGRAneg_BCG_44wk"
"KHDC1-AS1",0.416144004752605,0.518576078483117,0.116,0.058,1,"13","BCG_treated","week44","IGRApos_BCG_44wk_vs_IGRAneg_BCG_44wk"
"DUSP18",0.416522139337479,0.604953779716783,0.111,0.064,1,"13","BCG_treated","week44","IGRApos_BCG_44wk_vs_IGRAneg_BCG_44wk"
"UGDH-AS1",0.416617546935966,0.581989212918063,0.122,0.087,1,"13","BCG_treated","week44","IGRApos_BCG_44wk_vs_IGRAneg_BCG_44wk"
"SCAMP3",0.417051524645095,-0.399836104427167,0.143,0.139,1,"13","BCG_treated","week44","IGRApos_BCG_44wk_vs_IGRAneg_BCG_44wk"
"LSAMP",0.41785354577623,-0.751874254385355,0.108,0.116,1,"13","BCG_treated","week44","IGRApos_BCG_44wk_vs_IGRAneg_BCG_44wk"
"TOMM34",0.418009170037743,-0.191963804558577,0.164,0.133,1,"13","BCG_treated","week44","IGRApos_BCG_44wk_vs_IGRAneg_BCG_44wk"
"ABL1",0.418245968380937,-0.113012783156242,0.5,0.468,1,"13","BCG_treated","week44","IGRApos_BCG_44wk_vs_IGRAneg_BCG_44wk"
"PHF1",0.418269924656499,0.270560942851868,0.204,0.145,1,"13","BCG_treated","week44","IGRApos_BCG_44wk_vs_IGRAneg_BCG_44wk"
"DNAAF5",0.418358313524498,-0.235413678708277,0.13,0.11,1,"13","BCG_treated","week44","IGRApos_BCG_44wk_vs_IGRAneg_BCG_44wk"
"GLE1",0.419169108600214,-0.411920296905214,0.196,0.168,1,"13","BCG_treated","week44","IGRApos_BCG_44wk_vs_IGRAneg_BCG_44wk"
"TMTC4",0.419247931325361,-0.483012877253353,0.18,0.191,1,"13","BCG_treated","week44","IGRApos_BCG_44wk_vs_IGRAneg_BCG_44wk"
"SKA2",0.419654486894628,0.374530644287516,0.153,0.127,1,"13","BCG_treated","week44","IGRApos_BCG_44wk_vs_IGRAneg_BCG_44wk"
"MCM3AP",0.419831595394016,0.258517971643066,0.503,0.358,1,"13","BCG_treated","week44","IGRApos_BCG_44wk_vs_IGRAneg_BCG_44wk"
"COG4",0.419937519681667,-0.181775103326234,0.238,0.22,1,"13","BCG_treated","week44","IGRApos_BCG_44wk_vs_IGRAneg_BCG_44wk"
"UPF1",0.42020411628502,-0.151263172138339,0.339,0.277,1,"13","BCG_treated","week44","IGRApos_BCG_44wk_vs_IGRAneg_BCG_44wk"
"INPP5A",0.420215196545937,0.387449338902525,0.373,0.295,1,"13","BCG_treated","week44","IGRApos_BCG_44wk_vs_IGRAneg_BCG_44wk"
"SNAPC1",0.420367213909647,-0.401154941234193,0.153,0.145,1,"13","BCG_treated","week44","IGRApos_BCG_44wk_vs_IGRAneg_BCG_44wk"
"ENSG00000258526",0.420425537471361,-0.148598862553704,0.148,0.15,1,"13","BCG_treated","week44","IGRApos_BCG_44wk_vs_IGRAneg_BCG_44wk"
"VMP1",0.420886916382412,-0.160240899188808,0.712,0.653,1,"13","BCG_treated","week44","IGRApos_BCG_44wk_vs_IGRAneg_BCG_44wk"
"HABP4",0.420893690540478,0.145045288888093,0.116,0.069,1,"13","BCG_treated","week44","IGRApos_BCG_44wk_vs_IGRAneg_BCG_44wk"
"ZNF280C",0.420947464789636,-0.469146121216122,0.153,0.133,1,"13","BCG_treated","week44","IGRApos_BCG_44wk_vs_IGRAneg_BCG_44wk"
"CNOT7",0.420994549788366,0.175451979526158,0.22,0.15,1,"13","BCG_treated","week44","IGRApos_BCG_44wk_vs_IGRAneg_BCG_44wk"
"TK2",0.421154115220403,1.04976425147166,0.106,0.058,1,"13","BCG_treated","week44","IGRApos_BCG_44wk_vs_IGRAneg_BCG_44wk"
"RPE",0.421309549452464,0.445157537003811,0.341,0.231,1,"13","BCG_treated","week44","IGRApos_BCG_44wk_vs_IGRAneg_BCG_44wk"
"MED21",0.421344914529019,0.404202389543191,0.325,0.243,1,"13","BCG_treated","week44","IGRApos_BCG_44wk_vs_IGRAneg_BCG_44wk"
"MYC",0.42134564654375,-0.302033733683626,0.127,0.104,1,"13","BCG_treated","week44","IGRApos_BCG_44wk_vs_IGRAneg_BCG_44wk"
"PRKCZ",0.421458907233148,-0.187676898903189,0.389,0.364,1,"13","BCG_treated","week44","IGRApos_BCG_44wk_vs_IGRAneg_BCG_44wk"
"CDC123",0.42160956972518,-0.104190224984521,0.362,0.295,1,"13","BCG_treated","week44","IGRApos_BCG_44wk_vs_IGRAneg_BCG_44wk"
"PRAG1",0.421704328210366,-0.463281457683176,0.108,0.104,1,"13","BCG_treated","week44","IGRApos_BCG_44wk_vs_IGRAneg_BCG_44wk"
"ENSG00000165121",0.421737676130465,0.412170291803472,0.212,0.127,1,"13","BCG_treated","week44","IGRApos_BCG_44wk_vs_IGRAneg_BCG_44wk"
"FHL3",0.421740931828557,0.863615083217336,0.114,0.058,1,"13","BCG_treated","week44","IGRApos_BCG_44wk_vs_IGRAneg_BCG_44wk"
"FAM111A",0.421796328055328,0.365763569505509,0.307,0.202,1,"13","BCG_treated","week44","IGRApos_BCG_44wk_vs_IGRAneg_BCG_44wk"
"SYNGAP1",0.421948435834475,0.100894921073446,0.217,0.145,1,"13","BCG_treated","week44","IGRApos_BCG_44wk_vs_IGRAneg_BCG_44wk"
"MORC2",0.42212965606308,0.483015083322029,0.249,0.162,1,"13","BCG_treated","week44","IGRApos_BCG_44wk_vs_IGRAneg_BCG_44wk"
"TBC1D8",0.422190525067794,0.335140357249802,0.116,0.11,1,"13","BCG_treated","week44","IGRApos_BCG_44wk_vs_IGRAneg_BCG_44wk"
"MRPS5",0.422241206088884,-0.407690885393264,0.32,0.289,1,"13","BCG_treated","week44","IGRApos_BCG_44wk_vs_IGRAneg_BCG_44wk"
"SMAD2",0.422432834240653,0.168732706200972,0.82,0.699,1,"13","BCG_treated","week44","IGRApos_BCG_44wk_vs_IGRAneg_BCG_44wk"
"B3GNTL1",0.422541073562331,0.255435447878408,0.151,0.087,1,"13","BCG_treated","week44","IGRApos_BCG_44wk_vs_IGRAneg_BCG_44wk"
"GOLIM4",0.422542423287414,0.134116118022572,0.622,0.474,1,"13","BCG_treated","week44","IGRApos_BCG_44wk_vs_IGRAneg_BCG_44wk"
"BTF3",0.422546096387335,-0.18651065579078,0.28,0.266,1,"13","BCG_treated","week44","IGRApos_BCG_44wk_vs_IGRAneg_BCG_44wk"
"CDK10",0.422929655026515,-0.24035180591529,0.198,0.15,1,"13","BCG_treated","week44","IGRApos_BCG_44wk_vs_IGRAneg_BCG_44wk"
"TIPARP",0.423158551191521,-0.11174046212114,0.36,0.341,1,"13","BCG_treated","week44","IGRApos_BCG_44wk_vs_IGRAneg_BCG_44wk"
"FAM32A",0.423262329087805,-0.598198253002714,0.138,0.145,1,"13","BCG_treated","week44","IGRApos_BCG_44wk_vs_IGRAneg_BCG_44wk"
"LPIN2",0.423286961411676,0.25450467858306,0.519,0.387,1,"13","BCG_treated","week44","IGRApos_BCG_44wk_vs_IGRAneg_BCG_44wk"
"PBX3",0.423382130703626,0.176439749651806,0.563,0.445,1,"13","BCG_treated","week44","IGRApos_BCG_44wk_vs_IGRAneg_BCG_44wk"
"NDUFS2",0.423563520440582,0.532846539841663,0.241,0.145,1,"13","BCG_treated","week44","IGRApos_BCG_44wk_vs_IGRAneg_BCG_44wk"
"CFAP97",0.42356740451472,-0.217238287682051,0.251,0.243,1,"13","BCG_treated","week44","IGRApos_BCG_44wk_vs_IGRAneg_BCG_44wk"
"HDGFL2",0.423910373237765,0.266762430947026,0.124,0.075,1,"13","BCG_treated","week44","IGRApos_BCG_44wk_vs_IGRAneg_BCG_44wk"
"RRBP1",0.424486135776758,-0.115302038514738,0.429,0.387,1,"13","BCG_treated","week44","IGRApos_BCG_44wk_vs_IGRAneg_BCG_44wk"
"BMAL1",0.424793923035139,0.204088466206924,0.548,0.468,1,"13","BCG_treated","week44","IGRApos_BCG_44wk_vs_IGRAneg_BCG_44wk"
"TMEM184C",0.424986728916229,-0.198231329326658,0.196,0.185,1,"13","BCG_treated","week44","IGRApos_BCG_44wk_vs_IGRAneg_BCG_44wk"
"DEDD2",0.425097768011425,-0.137851945375401,0.116,0.075,1,"13","BCG_treated","week44","IGRApos_BCG_44wk_vs_IGRAneg_BCG_44wk"
"POLD1",0.425481019298067,0.43154042584763,0.106,0.058,1,"13","BCG_treated","week44","IGRApos_BCG_44wk_vs_IGRAneg_BCG_44wk"
"SRPK1",0.425612238583434,-0.107057157223354,0.571,0.514,1,"13","BCG_treated","week44","IGRApos_BCG_44wk_vs_IGRAneg_BCG_44wk"
"ANXA2R-OT1",0.425982476360103,0.348198714108424,0.135,0.087,1,"13","BCG_treated","week44","IGRApos_BCG_44wk_vs_IGRAneg_BCG_44wk"
"PHB2",0.426155432118205,0.478238457026427,0.151,0.081,1,"13","BCG_treated","week44","IGRApos_BCG_44wk_vs_IGRAneg_BCG_44wk"
"ZYG11B",0.426179974024659,-0.422677052620829,0.114,0.098,1,"13","BCG_treated","week44","IGRApos_BCG_44wk_vs_IGRAneg_BCG_44wk"
"SNRNP35",0.426354635044478,0.278021823738693,0.204,0.139,1,"13","BCG_treated","week44","IGRApos_BCG_44wk_vs_IGRAneg_BCG_44wk"
"PEF1",0.426434440341684,0.660804323165881,0.153,0.081,1,"13","BCG_treated","week44","IGRApos_BCG_44wk_vs_IGRAneg_BCG_44wk"
"NAPB",0.426556956080005,0.356405020204704,0.262,0.173,1,"13","BCG_treated","week44","IGRApos_BCG_44wk_vs_IGRAneg_BCG_44wk"
"IFT74",0.42675576256701,-0.274363256204709,0.209,0.197,1,"13","BCG_treated","week44","IGRApos_BCG_44wk_vs_IGRAneg_BCG_44wk"
"PRKCQ",0.426889696705756,0.113936670393534,0.889,0.775,1,"13","BCG_treated","week44","IGRApos_BCG_44wk_vs_IGRAneg_BCG_44wk"
"ZC3H8",0.42702607370918,-0.342496893914022,0.333,0.329,1,"13","BCG_treated","week44","IGRApos_BCG_44wk_vs_IGRAneg_BCG_44wk"
"EVI2B",0.427182516078288,0.544426464421917,0.217,0.127,1,"13","BCG_treated","week44","IGRApos_BCG_44wk_vs_IGRAneg_BCG_44wk"
"CCSER1",0.427291805796624,0.327480284155236,0.119,0.116,1,"13","BCG_treated","week44","IGRApos_BCG_44wk_vs_IGRAneg_BCG_44wk"
"TAF5L",0.427452252453974,0.289627877267726,0.209,0.127,1,"13","BCG_treated","week44","IGRApos_BCG_44wk_vs_IGRAneg_BCG_44wk"
"ZPR1",0.427578709655013,-0.405070541239244,0.111,0.104,1,"13","BCG_treated","week44","IGRApos_BCG_44wk_vs_IGRAneg_BCG_44wk"
"RCC1L",0.427805396126152,-0.32561498754594,0.19,0.173,1,"13","BCG_treated","week44","IGRApos_BCG_44wk_vs_IGRAneg_BCG_44wk"
"PML",0.427915263295492,0.423483976177205,0.32,0.202,1,"13","BCG_treated","week44","IGRApos_BCG_44wk_vs_IGRAneg_BCG_44wk"
"REV3L",0.427978530292787,-0.161680322912288,0.561,0.532,1,"13","BCG_treated","week44","IGRApos_BCG_44wk_vs_IGRAneg_BCG_44wk"
"RAB6A",0.428148550200194,-0.133057701478661,0.561,0.462,1,"13","BCG_treated","week44","IGRApos_BCG_44wk_vs_IGRAneg_BCG_44wk"
"TRAPPC2",0.428516993742283,0.393736834639762,0.164,0.098,1,"13","BCG_treated","week44","IGRApos_BCG_44wk_vs_IGRAneg_BCG_44wk"
"ZNF106",0.428632044906841,-0.135196879458501,0.468,0.434,1,"13","BCG_treated","week44","IGRApos_BCG_44wk_vs_IGRAneg_BCG_44wk"
"THAP6",0.428633581264279,-0.410431901344938,0.146,0.133,1,"13","BCG_treated","week44","IGRApos_BCG_44wk_vs_IGRAneg_BCG_44wk"
"KLHL15",0.428796456065531,-0.29730885633772,0.116,0.098,1,"13","BCG_treated","week44","IGRApos_BCG_44wk_vs_IGRAneg_BCG_44wk"
"RNF121",0.428869386464273,0.227762636905431,0.278,0.191,1,"13","BCG_treated","week44","IGRApos_BCG_44wk_vs_IGRAneg_BCG_44wk"
"ELK3",0.42914398899395,-0.189707620718179,0.402,0.41,1,"13","BCG_treated","week44","IGRApos_BCG_44wk_vs_IGRAneg_BCG_44wk"
"TAPT1",0.429296104544861,0.215820670483599,0.344,0.249,1,"13","BCG_treated","week44","IGRApos_BCG_44wk_vs_IGRAneg_BCG_44wk"
"ENSG00000290036",0.429535616888622,0.709833657292236,0.103,0.058,1,"13","BCG_treated","week44","IGRApos_BCG_44wk_vs_IGRAneg_BCG_44wk"
"NEDD1",0.429591420018992,0.484221048973439,0.275,0.173,1,"13","BCG_treated","week44","IGRApos_BCG_44wk_vs_IGRAneg_BCG_44wk"
"PPA2",0.429770990722889,-0.13482369851879,0.378,0.324,1,"13","BCG_treated","week44","IGRApos_BCG_44wk_vs_IGRAneg_BCG_44wk"
"ENSG00000267047",0.429781656743825,0.486308712067089,0.151,0.098,1,"13","BCG_treated","week44","IGRApos_BCG_44wk_vs_IGRAneg_BCG_44wk"
"GTF2IRD2",0.430749432284225,-0.482546695912549,0.143,0.15,1,"13","BCG_treated","week44","IGRApos_BCG_44wk_vs_IGRAneg_BCG_44wk"
"EPM2A",0.430816142083884,-0.60148269029857,0.132,0.121,1,"13","BCG_treated","week44","IGRApos_BCG_44wk_vs_IGRAneg_BCG_44wk"
"MOB2",0.4308817387201,0.312192012621014,0.254,0.162,1,"13","BCG_treated","week44","IGRApos_BCG_44wk_vs_IGRAneg_BCG_44wk"
"ZDHHC18",0.431193841546878,0.317294460174823,0.275,0.191,1,"13","BCG_treated","week44","IGRApos_BCG_44wk_vs_IGRAneg_BCG_44wk"
"RAP2B",0.431224280564849,-0.246681738692188,0.151,0.162,1,"13","BCG_treated","week44","IGRApos_BCG_44wk_vs_IGRAneg_BCG_44wk"
"RBM18",0.431350743253526,-0.200872655401444,0.167,0.173,1,"13","BCG_treated","week44","IGRApos_BCG_44wk_vs_IGRAneg_BCG_44wk"
"RSBN1L",0.431363423139656,0.117200478674087,0.659,0.514,1,"13","BCG_treated","week44","IGRApos_BCG_44wk_vs_IGRAneg_BCG_44wk"
"SRGAP2",0.431496066893328,0.206016240160161,0.5,0.364,1,"13","BCG_treated","week44","IGRApos_BCG_44wk_vs_IGRAneg_BCG_44wk"
"KIF26B",0.431597423320186,0.438343466268398,0.354,0.26,1,"13","BCG_treated","week44","IGRApos_BCG_44wk_vs_IGRAneg_BCG_44wk"
"ZNF836",0.431918257998649,-0.536506385086873,0.119,0.116,1,"13","BCG_treated","week44","IGRApos_BCG_44wk_vs_IGRAneg_BCG_44wk"
"CSNK1G1",0.431956483526128,0.201836056329502,0.624,0.462,1,"13","BCG_treated","week44","IGRApos_BCG_44wk_vs_IGRAneg_BCG_44wk"
"FANCI",0.431995173921735,0.228721440552893,0.347,0.254,1,"13","BCG_treated","week44","IGRApos_BCG_44wk_vs_IGRAneg_BCG_44wk"
"ATP11A",0.432101416922568,0.21897043933952,0.28,0.208,1,"13","BCG_treated","week44","IGRApos_BCG_44wk_vs_IGRAneg_BCG_44wk"
"UBR3",0.432212399396877,0.209383507796439,0.825,0.711,1,"13","BCG_treated","week44","IGRApos_BCG_44wk_vs_IGRAneg_BCG_44wk"
"CLEC2B",0.432256084050759,-0.154885263786661,0.55,0.468,1,"13","BCG_treated","week44","IGRApos_BCG_44wk_vs_IGRAneg_BCG_44wk"
"MED12",0.432259306669612,-0.184375636018386,0.45,0.399,1,"13","BCG_treated","week44","IGRApos_BCG_44wk_vs_IGRAneg_BCG_44wk"
"S100PBP",0.432582671932028,-0.113471106148465,0.566,0.526,1,"13","BCG_treated","week44","IGRApos_BCG_44wk_vs_IGRAneg_BCG_44wk"
"WIPI2",0.432629007320066,-0.165719301286859,0.288,0.231,1,"13","BCG_treated","week44","IGRApos_BCG_44wk_vs_IGRAneg_BCG_44wk"
"CYB5R3",0.433129511967209,0.186801355063126,0.212,0.145,1,"13","BCG_treated","week44","IGRApos_BCG_44wk_vs_IGRAneg_BCG_44wk"
"PITPNC1",0.433660715409771,-0.125381631970769,0.907,0.879,1,"13","BCG_treated","week44","IGRApos_BCG_44wk_vs_IGRAneg_BCG_44wk"
"EXOC6",0.433717789670057,-0.147428316531686,0.468,0.434,1,"13","BCG_treated","week44","IGRApos_BCG_44wk_vs_IGRAneg_BCG_44wk"
"LINC02968",0.43400289189144,0.310202312396217,0.177,0.116,1,"13","BCG_treated","week44","IGRApos_BCG_44wk_vs_IGRAneg_BCG_44wk"
"AREG",0.434191187925652,0.886398394530299,0.106,0.069,1,"13","BCG_treated","week44","IGRApos_BCG_44wk_vs_IGRAneg_BCG_44wk"
"ENSG00000271533",0.434229601070675,-0.190741494965559,0.151,0.127,1,"13","BCG_treated","week44","IGRApos_BCG_44wk_vs_IGRAneg_BCG_44wk"
"VPS51",0.434867651797163,-0.188718158714776,0.315,0.272,1,"13","BCG_treated","week44","IGRApos_BCG_44wk_vs_IGRAneg_BCG_44wk"
"XRCC4",0.434877220375966,-0.332091326409933,0.27,0.243,1,"13","BCG_treated","week44","IGRApos_BCG_44wk_vs_IGRAneg_BCG_44wk"
"CNN2",0.434990877721883,0.124055528684892,0.209,0.15,1,"13","BCG_treated","week44","IGRApos_BCG_44wk_vs_IGRAneg_BCG_44wk"
"TMEM50B",0.435205000990099,-0.234971838479265,0.217,0.197,1,"13","BCG_treated","week44","IGRApos_BCG_44wk_vs_IGRAneg_BCG_44wk"
"MAN2B1",0.435318854106903,0.317618893637149,0.201,0.127,1,"13","BCG_treated","week44","IGRApos_BCG_44wk_vs_IGRAneg_BCG_44wk"
"MRPL20",0.435576767548553,-0.423002676912319,0.228,0.214,1,"13","BCG_treated","week44","IGRApos_BCG_44wk_vs_IGRAneg_BCG_44wk"
"SLC4A4",0.4355853242698,0.442934048171213,0.185,0.116,1,"13","BCG_treated","week44","IGRApos_BCG_44wk_vs_IGRAneg_BCG_44wk"
"PON2",0.436179009291372,0.219837966202788,0.13,0.075,1,"13","BCG_treated","week44","IGRApos_BCG_44wk_vs_IGRAneg_BCG_44wk"
"UBR5-DT",0.436286352092925,-0.104997665851,0.122,0.087,1,"13","BCG_treated","week44","IGRApos_BCG_44wk_vs_IGRAneg_BCG_44wk"
"USP37",0.436391298095973,-0.13530879193722,0.484,0.422,1,"13","BCG_treated","week44","IGRApos_BCG_44wk_vs_IGRAneg_BCG_44wk"
"MCRIP1",0.436835116955162,0.686540236376359,0.103,0.052,1,"13","BCG_treated","week44","IGRApos_BCG_44wk_vs_IGRAneg_BCG_44wk"
"MKRN2",0.437271527862125,-0.28499096862482,0.169,0.15,1,"13","BCG_treated","week44","IGRApos_BCG_44wk_vs_IGRAneg_BCG_44wk"
"MAGOHB",0.437737311197601,-0.354304613526114,0.164,0.162,1,"13","BCG_treated","week44","IGRApos_BCG_44wk_vs_IGRAneg_BCG_44wk"
"ABHD10",0.437879422760624,-0.310526157189491,0.127,0.11,1,"13","BCG_treated","week44","IGRApos_BCG_44wk_vs_IGRAneg_BCG_44wk"
"CDK7",0.437970626095831,-0.19832883843686,0.204,0.179,1,"13","BCG_treated","week44","IGRApos_BCG_44wk_vs_IGRAneg_BCG_44wk"
"GHRLOS",0.438070128594214,0.22181269004078,0.122,0.069,1,"13","BCG_treated","week44","IGRApos_BCG_44wk_vs_IGRAneg_BCG_44wk"
"JUNB",0.438156766648086,-0.485223153195222,0.217,0.185,1,"13","BCG_treated","week44","IGRApos_BCG_44wk_vs_IGRAneg_BCG_44wk"
"TRIM41",0.438498130902609,-0.185043066619393,0.114,0.081,1,"13","BCG_treated","week44","IGRApos_BCG_44wk_vs_IGRAneg_BCG_44wk"
"MAP7D3",0.438979183497182,-0.325629243981561,0.214,0.202,1,"13","BCG_treated","week44","IGRApos_BCG_44wk_vs_IGRAneg_BCG_44wk"
"SLC41A3",0.439278403164137,-0.619655609570076,0.108,0.087,1,"13","BCG_treated","week44","IGRApos_BCG_44wk_vs_IGRAneg_BCG_44wk"
"KCTD20",0.439419118889792,-0.12808708074673,0.458,0.405,1,"13","BCG_treated","week44","IGRApos_BCG_44wk_vs_IGRAneg_BCG_44wk"
"IFT57",0.43945837087567,0.546456864555395,0.185,0.121,1,"13","BCG_treated","week44","IGRApos_BCG_44wk_vs_IGRAneg_BCG_44wk"
"GPCPD1",0.439737524608227,0.235264198891687,0.556,0.416,1,"13","BCG_treated","week44","IGRApos_BCG_44wk_vs_IGRAneg_BCG_44wk"
"TMED9",0.439744876574928,0.586488207042189,0.143,0.081,1,"13","BCG_treated","week44","IGRApos_BCG_44wk_vs_IGRAneg_BCG_44wk"
"CHST12",0.439980343909309,0.312071039067711,0.55,0.416,1,"13","BCG_treated","week44","IGRApos_BCG_44wk_vs_IGRAneg_BCG_44wk"
"ST6GAL1",0.440241234243874,-0.119287630405235,0.693,0.624,1,"13","BCG_treated","week44","IGRApos_BCG_44wk_vs_IGRAneg_BCG_44wk"
"BLOC1S5",0.440241378439697,0.522644436164645,0.267,0.185,1,"13","BCG_treated","week44","IGRApos_BCG_44wk_vs_IGRAneg_BCG_44wk"
"ANO10",0.440699259244353,-0.369371223817702,0.238,0.237,1,"13","BCG_treated","week44","IGRApos_BCG_44wk_vs_IGRAneg_BCG_44wk"
"SLC16A7",0.440724515157783,-0.155311431914073,0.402,0.399,1,"13","BCG_treated","week44","IGRApos_BCG_44wk_vs_IGRAneg_BCG_44wk"
"GCNA",0.440763753246729,-0.22230749607438,0.392,0.376,1,"13","BCG_treated","week44","IGRApos_BCG_44wk_vs_IGRAneg_BCG_44wk"
"FAAH2",0.441550987375599,0.250225117319364,0.225,0.168,1,"13","BCG_treated","week44","IGRApos_BCG_44wk_vs_IGRAneg_BCG_44wk"
"SGTA",0.441672947617892,-0.115099684846959,0.161,0.133,1,"13","BCG_treated","week44","IGRApos_BCG_44wk_vs_IGRAneg_BCG_44wk"
"YEATS4",0.442062994203312,-0.211781988415545,0.122,0.092,1,"13","BCG_treated","week44","IGRApos_BCG_44wk_vs_IGRAneg_BCG_44wk"
"OSTC",0.442063434069795,-0.234577648106514,0.161,0.15,1,"13","BCG_treated","week44","IGRApos_BCG_44wk_vs_IGRAneg_BCG_44wk"
"NOL7",0.442372298541768,-0.326638146588014,0.212,0.22,1,"13","BCG_treated","week44","IGRApos_BCG_44wk_vs_IGRAneg_BCG_44wk"
"ENSG00000255299",0.442419352795245,0.7056147973235,0.111,0.058,1,"13","BCG_treated","week44","IGRApos_BCG_44wk_vs_IGRAneg_BCG_44wk"
"EFTUD2",0.442573874146927,0.259619899277709,0.352,0.283,1,"13","BCG_treated","week44","IGRApos_BCG_44wk_vs_IGRAneg_BCG_44wk"
"NDUFS8",0.44272956034909,-0.59736028774906,0.159,0.162,1,"13","BCG_treated","week44","IGRApos_BCG_44wk_vs_IGRAneg_BCG_44wk"
"DCAKD",0.442855311385394,0.347983100196444,0.228,0.139,1,"13","BCG_treated","week44","IGRApos_BCG_44wk_vs_IGRAneg_BCG_44wk"
"ZNF787",0.443072361772215,0.293806054119181,0.228,0.145,1,"13","BCG_treated","week44","IGRApos_BCG_44wk_vs_IGRAneg_BCG_44wk"
"ADPGK",0.443164909858614,-0.150125233032909,0.421,0.358,1,"13","BCG_treated","week44","IGRApos_BCG_44wk_vs_IGRAneg_BCG_44wk"
"GPD1L",0.443263421069438,-0.593050901679978,0.146,0.162,1,"13","BCG_treated","week44","IGRApos_BCG_44wk_vs_IGRAneg_BCG_44wk"
"KMT5A",0.443532148269527,-0.259654631703962,0.148,0.15,1,"13","BCG_treated","week44","IGRApos_BCG_44wk_vs_IGRAneg_BCG_44wk"
"ETFA",0.443694188540845,-0.239031336978042,0.497,0.474,1,"13","BCG_treated","week44","IGRApos_BCG_44wk_vs_IGRAneg_BCG_44wk"
"CD44",0.444104705769882,-0.146136683696295,0.992,0.988,1,"13","BCG_treated","week44","IGRApos_BCG_44wk_vs_IGRAneg_BCG_44wk"
"CAT",0.444313009641733,0.16550909232702,0.183,0.121,1,"13","BCG_treated","week44","IGRApos_BCG_44wk_vs_IGRAneg_BCG_44wk"
"FLII",0.444397273575831,0.109990809329974,0.384,0.295,1,"13","BCG_treated","week44","IGRApos_BCG_44wk_vs_IGRAneg_BCG_44wk"
"USP34",0.444693306573065,0.115515477274708,0.96,0.919,1,"13","BCG_treated","week44","IGRApos_BCG_44wk_vs_IGRAneg_BCG_44wk"
"ENSG00000258875",0.445185268633428,-0.313010388443577,0.23,0.225,1,"13","BCG_treated","week44","IGRApos_BCG_44wk_vs_IGRAneg_BCG_44wk"
"ENSG00000278730",0.445415916509958,-0.458989306392744,0.106,0.127,1,"13","BCG_treated","week44","IGRApos_BCG_44wk_vs_IGRAneg_BCG_44wk"
"HSPB11",0.445499960873968,-0.101944704347718,0.238,0.191,1,"13","BCG_treated","week44","IGRApos_BCG_44wk_vs_IGRAneg_BCG_44wk"
"FAM76A",0.445840673869631,0.593387364798724,0.101,0.064,1,"13","BCG_treated","week44","IGRApos_BCG_44wk_vs_IGRAneg_BCG_44wk"
"SLC6A16",0.447130753131513,0.259865487660319,0.127,0.087,1,"13","BCG_treated","week44","IGRApos_BCG_44wk_vs_IGRAneg_BCG_44wk"
"ASNSD1",0.44768913749689,-0.159351436581555,0.151,0.127,1,"13","BCG_treated","week44","IGRApos_BCG_44wk_vs_IGRAneg_BCG_44wk"
"PKD2",0.448160473062516,-0.182739099436028,0.286,0.272,1,"13","BCG_treated","week44","IGRApos_BCG_44wk_vs_IGRAneg_BCG_44wk"
"TBC1D9B",0.448225108172327,0.522655406621883,0.394,0.266,1,"13","BCG_treated","week44","IGRApos_BCG_44wk_vs_IGRAneg_BCG_44wk"
"SPIN3",0.448231516906447,0.696863444305486,0.14,0.081,1,"13","BCG_treated","week44","IGRApos_BCG_44wk_vs_IGRAneg_BCG_44wk"
"ARFGAP3",0.448454428029282,-0.103283000704314,0.529,0.474,1,"13","BCG_treated","week44","IGRApos_BCG_44wk_vs_IGRAneg_BCG_44wk"
"ZSCAN9",0.44853106311947,0.466190222135422,0.13,0.075,1,"13","BCG_treated","week44","IGRApos_BCG_44wk_vs_IGRAneg_BCG_44wk"
"AGK",0.448622269967739,-0.151028092823383,0.622,0.566,1,"13","BCG_treated","week44","IGRApos_BCG_44wk_vs_IGRAneg_BCG_44wk"
"ABCA10",0.44871446374419,0.572799603777513,0.217,0.156,1,"13","BCG_treated","week44","IGRApos_BCG_44wk_vs_IGRAneg_BCG_44wk"
"ARFRP1",0.449134187151885,0.625840565895782,0.122,0.069,1,"13","BCG_treated","week44","IGRApos_BCG_44wk_vs_IGRAneg_BCG_44wk"
"ZNF14",0.449170419938601,-0.281485368486431,0.209,0.191,1,"13","BCG_treated","week44","IGRApos_BCG_44wk_vs_IGRAneg_BCG_44wk"
"CAPG",0.449496058167665,-0.548200580126296,0.14,0.145,1,"13","BCG_treated","week44","IGRApos_BCG_44wk_vs_IGRAneg_BCG_44wk"
"GPN1",0.44968761311165,-0.481321124329013,0.124,0.104,1,"13","BCG_treated","week44","IGRApos_BCG_44wk_vs_IGRAneg_BCG_44wk"
"ZNF133",0.449718656052129,0.136500363465725,0.201,0.139,1,"13","BCG_treated","week44","IGRApos_BCG_44wk_vs_IGRAneg_BCG_44wk"
"PARVB",0.449769722247432,0.840736759917923,0.146,0.069,1,"13","BCG_treated","week44","IGRApos_BCG_44wk_vs_IGRAneg_BCG_44wk"
"PRPF8",0.449789684508324,-0.152390499354723,0.614,0.549,1,"13","BCG_treated","week44","IGRApos_BCG_44wk_vs_IGRAneg_BCG_44wk"
"ADAM8",0.449891900413326,0.238694245981693,0.468,0.341,1,"13","BCG_treated","week44","IGRApos_BCG_44wk_vs_IGRAneg_BCG_44wk"
"CEACAM16-AS1",0.45022350562497,0.577150410726886,0.148,0.092,1,"13","BCG_treated","week44","IGRApos_BCG_44wk_vs_IGRAneg_BCG_44wk"
"UBR2",0.450472258878911,0.294945023541594,0.82,0.688,1,"13","BCG_treated","week44","IGRApos_BCG_44wk_vs_IGRAneg_BCG_44wk"
"MAZ",0.450543066346193,-0.345216942210316,0.114,0.133,1,"13","BCG_treated","week44","IGRApos_BCG_44wk_vs_IGRAneg_BCG_44wk"
"TENT5A",0.450611371850848,0.312961366196699,0.177,0.127,1,"13","BCG_treated","week44","IGRApos_BCG_44wk_vs_IGRAneg_BCG_44wk"
"NFKB2",0.451004291196113,0.226350147850435,0.725,0.572,1,"13","BCG_treated","week44","IGRApos_BCG_44wk_vs_IGRAneg_BCG_44wk"
"ZSWIM4",0.451273291423004,-0.569871480558638,0.18,0.191,1,"13","BCG_treated","week44","IGRApos_BCG_44wk_vs_IGRAneg_BCG_44wk"
"LRP10",0.451336246263673,-0.310234793864403,0.183,0.168,1,"13","BCG_treated","week44","IGRApos_BCG_44wk_vs_IGRAneg_BCG_44wk"
"SEMA4D",0.451456367155733,-0.182231132087371,0.648,0.607,1,"13","BCG_treated","week44","IGRApos_BCG_44wk_vs_IGRAneg_BCG_44wk"
"PAXIP1-AS2",0.45151266082273,0.526271165023571,0.233,0.156,1,"13","BCG_treated","week44","IGRApos_BCG_44wk_vs_IGRAneg_BCG_44wk"
"IRAG2",0.452154310666433,0.258177792393759,0.54,0.422,1,"13","BCG_treated","week44","IGRApos_BCG_44wk_vs_IGRAneg_BCG_44wk"
"MCUR1",0.452582661656841,-0.397670866016366,0.111,0.098,1,"13","BCG_treated","week44","IGRApos_BCG_44wk_vs_IGRAneg_BCG_44wk"
"PCGF3",0.452771158979797,0.329992935557763,0.423,0.295,1,"13","BCG_treated","week44","IGRApos_BCG_44wk_vs_IGRAneg_BCG_44wk"
"PPIH",0.452928859397814,0.461349869415732,0.13,0.11,1,"13","BCG_treated","week44","IGRApos_BCG_44wk_vs_IGRAneg_BCG_44wk"
"PAPSS1",0.453089721055928,-0.440477166711981,0.153,0.168,1,"13","BCG_treated","week44","IGRApos_BCG_44wk_vs_IGRAneg_BCG_44wk"
"TPP1",0.453624683152344,-0.19459532859111,0.169,0.145,1,"13","BCG_treated","week44","IGRApos_BCG_44wk_vs_IGRAneg_BCG_44wk"
"PSMB1",0.453722392891358,-0.100967620440913,0.257,0.208,1,"13","BCG_treated","week44","IGRApos_BCG_44wk_vs_IGRAneg_BCG_44wk"
"PPP1R9B",0.453804885072644,0.389931044701078,0.413,0.289,1,"13","BCG_treated","week44","IGRApos_BCG_44wk_vs_IGRAneg_BCG_44wk"
"STX17",0.453856679347867,-0.181256717557127,0.587,0.514,1,"13","BCG_treated","week44","IGRApos_BCG_44wk_vs_IGRAneg_BCG_44wk"
"UCKL1",0.454903686746148,0.501652531622407,0.161,0.092,1,"13","BCG_treated","week44","IGRApos_BCG_44wk_vs_IGRAneg_BCG_44wk"
"ENSG00000285708",0.454941130964621,-0.291743791843988,0.188,0.162,1,"13","BCG_treated","week44","IGRApos_BCG_44wk_vs_IGRAneg_BCG_44wk"
"STK17A",0.455188774215523,-0.222587696166717,0.91,0.873,1,"13","BCG_treated","week44","IGRApos_BCG_44wk_vs_IGRAneg_BCG_44wk"
"SERP1",0.455391201556023,-0.386198237241576,0.196,0.191,1,"13","BCG_treated","week44","IGRApos_BCG_44wk_vs_IGRAneg_BCG_44wk"
"VRK3",0.455750495388681,-0.23969634592523,0.275,0.254,1,"13","BCG_treated","week44","IGRApos_BCG_44wk_vs_IGRAneg_BCG_44wk"
"ANO9",0.456223069912235,0.136369327248691,0.101,0.058,1,"13","BCG_treated","week44","IGRApos_BCG_44wk_vs_IGRAneg_BCG_44wk"
"TREX2",0.456578886316117,0.503250944979914,0.114,0.075,1,"13","BCG_treated","week44","IGRApos_BCG_44wk_vs_IGRAneg_BCG_44wk"
"RERE",0.456836295645372,0.239217268455832,0.783,0.647,1,"13","BCG_treated","week44","IGRApos_BCG_44wk_vs_IGRAneg_BCG_44wk"
"HSCB",0.456870004245062,-0.447099689944227,0.127,0.145,1,"13","BCG_treated","week44","IGRApos_BCG_44wk_vs_IGRAneg_BCG_44wk"
"CMC1",0.457188359414218,0.268129394280132,0.556,0.416,1,"13","BCG_treated","week44","IGRApos_BCG_44wk_vs_IGRAneg_BCG_44wk"
"LSS",0.457335333603032,0.627434370423525,0.22,0.121,1,"13","BCG_treated","week44","IGRApos_BCG_44wk_vs_IGRAneg_BCG_44wk"
"SUZ12",0.457696440085712,0.300497442468257,0.479,0.335,1,"13","BCG_treated","week44","IGRApos_BCG_44wk_vs_IGRAneg_BCG_44wk"
"TRIP10",0.457770118050875,0.940453948520651,0.114,0.058,1,"13","BCG_treated","week44","IGRApos_BCG_44wk_vs_IGRAneg_BCG_44wk"
"PARP1",0.458067110380898,-0.133230040073928,0.352,0.324,1,"13","BCG_treated","week44","IGRApos_BCG_44wk_vs_IGRAneg_BCG_44wk"
"CARM1",0.458067152916698,0.396123068174987,0.103,0.058,1,"13","BCG_treated","week44","IGRApos_BCG_44wk_vs_IGRAneg_BCG_44wk"
"ENSG00000289359",0.458099255950089,0.221406194201405,0.418,0.347,1,"13","BCG_treated","week44","IGRApos_BCG_44wk_vs_IGRAneg_BCG_44wk"
"TM9SF4",0.458171655160874,0.381618279736186,0.439,0.306,1,"13","BCG_treated","week44","IGRApos_BCG_44wk_vs_IGRAneg_BCG_44wk"
"RABGAP1",0.458397561332651,-0.112202624127219,0.556,0.497,1,"13","BCG_treated","week44","IGRApos_BCG_44wk_vs_IGRAneg_BCG_44wk"
"NAA30",0.458399223110395,0.733340342127,0.183,0.104,1,"13","BCG_treated","week44","IGRApos_BCG_44wk_vs_IGRAneg_BCG_44wk"
"PACSIN1",0.458453128089271,-0.24478490405202,0.153,0.133,1,"13","BCG_treated","week44","IGRApos_BCG_44wk_vs_IGRAneg_BCG_44wk"
"MAP4K2",0.458563685445559,-0.158150616885659,0.132,0.104,1,"13","BCG_treated","week44","IGRApos_BCG_44wk_vs_IGRAneg_BCG_44wk"
"OAZ2",0.458793172738447,-0.220532574552375,0.106,0.116,1,"13","BCG_treated","week44","IGRApos_BCG_44wk_vs_IGRAneg_BCG_44wk"
"FKBP15",0.458916075875684,0.438589388800848,0.418,0.272,1,"13","BCG_treated","week44","IGRApos_BCG_44wk_vs_IGRAneg_BCG_44wk"
"ZDHHC24",0.458951347239999,0.304568865401967,0.161,0.104,1,"13","BCG_treated","week44","IGRApos_BCG_44wk_vs_IGRAneg_BCG_44wk"
"CHTOP",0.45895854895235,-0.269372124197226,0.235,0.197,1,"13","BCG_treated","week44","IGRApos_BCG_44wk_vs_IGRAneg_BCG_44wk"
"NSMCE1",0.459079739553406,-0.294981245687675,0.259,0.26,1,"13","BCG_treated","week44","IGRApos_BCG_44wk_vs_IGRAneg_BCG_44wk"
"NFE2L2",0.45924539998026,-0.241294180304272,0.81,0.757,1,"13","BCG_treated","week44","IGRApos_BCG_44wk_vs_IGRAneg_BCG_44wk"
"LINC00869",0.459464255055261,-0.669135622358169,0.085,0.104,1,"13","BCG_treated","week44","IGRApos_BCG_44wk_vs_IGRAneg_BCG_44wk"
"GLT8D1",0.45949459329365,0.720012635753255,0.111,0.064,1,"13","BCG_treated","week44","IGRApos_BCG_44wk_vs_IGRAneg_BCG_44wk"
"ZNF316",0.459774534717316,-0.111393491143704,0.198,0.156,1,"13","BCG_treated","week44","IGRApos_BCG_44wk_vs_IGRAneg_BCG_44wk"
"CHIC2",0.459832869053227,0.151839214097877,0.608,0.526,1,"13","BCG_treated","week44","IGRApos_BCG_44wk_vs_IGRAneg_BCG_44wk"
"MRPS11",0.460143555663652,-0.309399926282572,0.159,0.168,1,"13","BCG_treated","week44","IGRApos_BCG_44wk_vs_IGRAneg_BCG_44wk"
"DGKQ",0.46029413839532,0.356698786722991,0.103,0.058,1,"13","BCG_treated","week44","IGRApos_BCG_44wk_vs_IGRAneg_BCG_44wk"
"PATZ1",0.460513589107487,-0.296836463486483,0.106,0.092,1,"13","BCG_treated","week44","IGRApos_BCG_44wk_vs_IGRAneg_BCG_44wk"
"BMS1P4.1",0.460698287448043,0.506162685119315,0.153,0.092,1,"13","BCG_treated","week44","IGRApos_BCG_44wk_vs_IGRAneg_BCG_44wk"
"DACH1",0.461625966813651,-0.256727051758378,0.127,0.133,1,"13","BCG_treated","week44","IGRApos_BCG_44wk_vs_IGRAneg_BCG_44wk"
"UCHL5",0.461712612073746,-0.16895505785091,0.336,0.312,1,"13","BCG_treated","week44","IGRApos_BCG_44wk_vs_IGRAneg_BCG_44wk"
"NCS1",0.46217297991445,0.841913350640721,0.146,0.087,1,"13","BCG_treated","week44","IGRApos_BCG_44wk_vs_IGRAneg_BCG_44wk"
"SPATA6",0.462555178086478,-0.609208127164306,0.127,0.121,1,"13","BCG_treated","week44","IGRApos_BCG_44wk_vs_IGRAneg_BCG_44wk"
"STXBP4",0.462756514818176,0.385296666576838,0.32,0.22,1,"13","BCG_treated","week44","IGRApos_BCG_44wk_vs_IGRAneg_BCG_44wk"
"HOMEZ",0.463043548763756,0.713989126814113,0.101,0.052,1,"13","BCG_treated","week44","IGRApos_BCG_44wk_vs_IGRAneg_BCG_44wk"
"WDR45",0.463276751700837,-0.498750645040688,0.114,0.098,1,"13","BCG_treated","week44","IGRApos_BCG_44wk_vs_IGRAneg_BCG_44wk"
"BRMS1",0.463302589132234,-0.238235886092461,0.095,0.11,1,"13","BCG_treated","week44","IGRApos_BCG_44wk_vs_IGRAneg_BCG_44wk"
"LIF",0.463994719140142,0.656489386755887,0.146,0.116,1,"13","BCG_treated","week44","IGRApos_BCG_44wk_vs_IGRAneg_BCG_44wk"
"SIRT1",0.46401043085079,-0.102924528876966,0.23,0.22,1,"13","BCG_treated","week44","IGRApos_BCG_44wk_vs_IGRAneg_BCG_44wk"
"EMB",0.464046939630729,-0.106943018509229,0.669,0.572,1,"13","BCG_treated","week44","IGRApos_BCG_44wk_vs_IGRAneg_BCG_44wk"
"TIMM23B-AGAP6",0.464133537473383,0.664691883029474,0.132,0.075,1,"13","BCG_treated","week44","IGRApos_BCG_44wk_vs_IGRAneg_BCG_44wk"
"YTHDF1",0.464182565664247,-0.230990815231209,0.153,0.133,1,"13","BCG_treated","week44","IGRApos_BCG_44wk_vs_IGRAneg_BCG_44wk"
"PDXDC2P",0.464242807860919,0.518212935607842,0.31,0.197,1,"13","BCG_treated","week44","IGRApos_BCG_44wk_vs_IGRAneg_BCG_44wk"
"MSANTD3",0.464365089134464,0.40396786036859,0.116,0.069,1,"13","BCG_treated","week44","IGRApos_BCG_44wk_vs_IGRAneg_BCG_44wk"
"KCTD13",0.464399807964216,-0.163053194762769,0.28,0.243,1,"13","BCG_treated","week44","IGRApos_BCG_44wk_vs_IGRAneg_BCG_44wk"
"AVEN",0.464497860700598,-0.191316763283742,0.352,0.312,1,"13","BCG_treated","week44","IGRApos_BCG_44wk_vs_IGRAneg_BCG_44wk"
"LMBRD2",0.464626427452097,0.284853243640447,0.257,0.168,1,"13","BCG_treated","week44","IGRApos_BCG_44wk_vs_IGRAneg_BCG_44wk"
"LINC02245",0.464791593477568,0.209549215430219,0.238,0.168,1,"13","BCG_treated","week44","IGRApos_BCG_44wk_vs_IGRAneg_BCG_44wk"
"ECHDC2",0.464812703880127,0.44947894265162,0.235,0.15,1,"13","BCG_treated","week44","IGRApos_BCG_44wk_vs_IGRAneg_BCG_44wk"
"SYMPK",0.465068120677526,0.217456089292436,0.524,0.387,1,"13","BCG_treated","week44","IGRApos_BCG_44wk_vs_IGRAneg_BCG_44wk"
"CAPN15",0.465724237934521,0.303261672061426,0.222,0.145,1,"13","BCG_treated","week44","IGRApos_BCG_44wk_vs_IGRAneg_BCG_44wk"
"ACOX3",0.465746218863847,0.518353602514673,0.212,0.127,1,"13","BCG_treated","week44","IGRApos_BCG_44wk_vs_IGRAneg_BCG_44wk"
"PHLDB2",0.46589830729839,-0.569173570883818,0.204,0.22,1,"13","BCG_treated","week44","IGRApos_BCG_44wk_vs_IGRAneg_BCG_44wk"
"HMGXB3",0.466166820216749,0.250675265608321,0.254,0.162,1,"13","BCG_treated","week44","IGRApos_BCG_44wk_vs_IGRAneg_BCG_44wk"
"PCNP",0.466201488254111,-0.157205532506688,0.423,0.376,1,"13","BCG_treated","week44","IGRApos_BCG_44wk_vs_IGRAneg_BCG_44wk"
"WDR81",0.466470423091327,-0.165448904207518,0.156,0.121,1,"13","BCG_treated","week44","IGRApos_BCG_44wk_vs_IGRAneg_BCG_44wk"
"CNOT1",0.466586888692238,0.158669845493286,0.823,0.682,1,"13","BCG_treated","week44","IGRApos_BCG_44wk_vs_IGRAneg_BCG_44wk"
"ARHGAP32",0.466906246060196,-0.27091250378702,0.254,0.225,1,"13","BCG_treated","week44","IGRApos_BCG_44wk_vs_IGRAneg_BCG_44wk"
"PMS2P4.1",0.466915192916442,-0.303850381484679,0.225,0.208,1,"13","BCG_treated","week44","IGRApos_BCG_44wk_vs_IGRAneg_BCG_44wk"
"KIR2DL4",0.466982940786353,0.433676552651989,0.22,0.156,1,"13","BCG_treated","week44","IGRApos_BCG_44wk_vs_IGRAneg_BCG_44wk"
"BAG1",0.46698893259085,0.656031649735478,0.183,0.116,1,"13","BCG_treated","week44","IGRApos_BCG_44wk_vs_IGRAneg_BCG_44wk"
"PPRC1",0.467047121428484,-0.255406277207578,0.212,0.185,1,"13","BCG_treated","week44","IGRApos_BCG_44wk_vs_IGRAneg_BCG_44wk"
"TNFRSF9",0.467336875139828,-0.193962099417025,0.106,0.121,1,"13","BCG_treated","week44","IGRApos_BCG_44wk_vs_IGRAneg_BCG_44wk"
"CEP70",0.467462935824685,0.409935094555502,0.167,0.116,1,"13","BCG_treated","week44","IGRApos_BCG_44wk_vs_IGRAneg_BCG_44wk"
"CFDP1",0.467477065641265,0.267243179882925,0.452,0.335,1,"13","BCG_treated","week44","IGRApos_BCG_44wk_vs_IGRAneg_BCG_44wk"
"ZNF75D",0.46776785997475,-0.159496442916052,0.503,0.451,1,"13","BCG_treated","week44","IGRApos_BCG_44wk_vs_IGRAneg_BCG_44wk"
"LINC00298",0.467845566850848,-0.430409732557928,0.291,0.26,1,"13","BCG_treated","week44","IGRApos_BCG_44wk_vs_IGRAneg_BCG_44wk"
"ATP13A3",0.467887053403812,0.268221627841222,0.463,0.376,1,"13","BCG_treated","week44","IGRApos_BCG_44wk_vs_IGRAneg_BCG_44wk"
"PPP5C",0.468509949989506,-0.273387264822668,0.225,0.214,1,"13","BCG_treated","week44","IGRApos_BCG_44wk_vs_IGRAneg_BCG_44wk"
"NASP",0.468823269431032,-0.138136486467706,0.386,0.37,1,"13","BCG_treated","week44","IGRApos_BCG_44wk_vs_IGRAneg_BCG_44wk"
"LAMTOR3",0.468826447411308,0.206005489538427,0.119,0.069,1,"13","BCG_treated","week44","IGRApos_BCG_44wk_vs_IGRAneg_BCG_44wk"
"FIS1",0.468919393966562,-0.435067822460435,0.111,0.092,1,"13","BCG_treated","week44","IGRApos_BCG_44wk_vs_IGRAneg_BCG_44wk"
"CIITA",0.468977146175382,0.143706071441255,0.238,0.173,1,"13","BCG_treated","week44","IGRApos_BCG_44wk_vs_IGRAneg_BCG_44wk"
"KEAP1",0.469118892958085,0.558896537449703,0.119,0.064,1,"13","BCG_treated","week44","IGRApos_BCG_44wk_vs_IGRAneg_BCG_44wk"
"TECPR2",0.469274640216373,0.382480376158449,0.323,0.225,1,"13","BCG_treated","week44","IGRApos_BCG_44wk_vs_IGRAneg_BCG_44wk"
"FAM98B",0.469617049210519,0.14685770873118,0.23,0.162,1,"13","BCG_treated","week44","IGRApos_BCG_44wk_vs_IGRAneg_BCG_44wk"
"SLC30A6",0.469702134180026,0.608814079101651,0.265,0.179,1,"13","BCG_treated","week44","IGRApos_BCG_44wk_vs_IGRAneg_BCG_44wk"
"CD99P1.1",0.469737211374344,-0.347578665156201,0.14,0.127,1,"13","BCG_treated","week44","IGRApos_BCG_44wk_vs_IGRAneg_BCG_44wk"
"SLX4",0.470117625009795,0.183561615136999,0.198,0.145,1,"13","BCG_treated","week44","IGRApos_BCG_44wk_vs_IGRAneg_BCG_44wk"
"HMBOX1",0.470572863118477,0.161169225561607,0.714,0.578,1,"13","BCG_treated","week44","IGRApos_BCG_44wk_vs_IGRAneg_BCG_44wk"
"CD82",0.470621727685158,-0.204440239717307,0.505,0.445,1,"13","BCG_treated","week44","IGRApos_BCG_44wk_vs_IGRAneg_BCG_44wk"
"MXD4",0.470840913649567,-0.32584346677363,0.161,0.145,1,"13","BCG_treated","week44","IGRApos_BCG_44wk_vs_IGRAneg_BCG_44wk"
"REEP3",0.471040095783973,-0.217034422435985,0.333,0.26,1,"13","BCG_treated","week44","IGRApos_BCG_44wk_vs_IGRAneg_BCG_44wk"
"DHX37",0.471053294939941,-0.229982214655121,0.193,0.185,1,"13","BCG_treated","week44","IGRApos_BCG_44wk_vs_IGRAneg_BCG_44wk"
"ASTN2",0.471244145919269,-0.633011298682631,0.143,0.156,1,"13","BCG_treated","week44","IGRApos_BCG_44wk_vs_IGRAneg_BCG_44wk"
"CRBN",0.471315913700647,0.225433640050343,0.474,0.358,1,"13","BCG_treated","week44","IGRApos_BCG_44wk_vs_IGRAneg_BCG_44wk"
"DENND6A",0.471894980884439,0.342141398239133,0.394,0.295,1,"13","BCG_treated","week44","IGRApos_BCG_44wk_vs_IGRAneg_BCG_44wk"
"UNC13D",0.471917645378543,-0.263447041466266,0.392,0.358,1,"13","BCG_treated","week44","IGRApos_BCG_44wk_vs_IGRAneg_BCG_44wk"
"MT-ND6",0.47196837174309,0.193407571005033,0.132,0.075,1,"13","BCG_treated","week44","IGRApos_BCG_44wk_vs_IGRAneg_BCG_44wk"
"SYNJ1",0.471988155411966,0.127477853883535,0.328,0.295,1,"13","BCG_treated","week44","IGRApos_BCG_44wk_vs_IGRAneg_BCG_44wk"
"SH2D3C",0.472026775940679,0.151929866317581,0.317,0.243,1,"13","BCG_treated","week44","IGRApos_BCG_44wk_vs_IGRAneg_BCG_44wk"
"EMG1",0.472171787267116,-0.563400777674857,0.119,0.133,1,"13","BCG_treated","week44","IGRApos_BCG_44wk_vs_IGRAneg_BCG_44wk"
"ALDH3A2",0.472470855560826,0.536609728766419,0.148,0.116,1,"13","BCG_treated","week44","IGRApos_BCG_44wk_vs_IGRAneg_BCG_44wk"
"TTC28-AS1",0.472604533981761,-0.338322748187789,0.201,0.208,1,"13","BCG_treated","week44","IGRApos_BCG_44wk_vs_IGRAneg_BCG_44wk"
"ENSG00000249456",0.472675065440548,0.451795473854438,0.257,0.173,1,"13","BCG_treated","week44","IGRApos_BCG_44wk_vs_IGRAneg_BCG_44wk"
"SPIN1",0.47301281624048,0.201113509560685,0.325,0.225,1,"13","BCG_treated","week44","IGRApos_BCG_44wk_vs_IGRAneg_BCG_44wk"
"CSNK1G3",0.47328432600554,-0.124053071676807,0.77,0.728,1,"13","BCG_treated","week44","IGRApos_BCG_44wk_vs_IGRAneg_BCG_44wk"
"UBE2A",0.473431795810586,-0.493457941662323,0.167,0.162,1,"13","BCG_treated","week44","IGRApos_BCG_44wk_vs_IGRAneg_BCG_44wk"
"ZNF180",0.473462362941762,0.535813993460971,0.164,0.116,1,"13","BCG_treated","week44","IGRApos_BCG_44wk_vs_IGRAneg_BCG_44wk"
"ENSG00000255031",0.473468494225403,0.720370107715662,0.103,0.052,1,"13","BCG_treated","week44","IGRApos_BCG_44wk_vs_IGRAneg_BCG_44wk"
"MFAP1",0.473479298628828,0.398567235291502,0.167,0.104,1,"13","BCG_treated","week44","IGRApos_BCG_44wk_vs_IGRAneg_BCG_44wk"
"RIOX2",0.473556857859325,0.406568323360608,0.159,0.092,1,"13","BCG_treated","week44","IGRApos_BCG_44wk_vs_IGRAneg_BCG_44wk"
"MLXIP",0.473725882809947,-0.168783718503223,0.405,0.376,1,"13","BCG_treated","week44","IGRApos_BCG_44wk_vs_IGRAneg_BCG_44wk"
"NOTCH2",0.47387835219088,0.326373266559311,0.765,0.607,1,"13","BCG_treated","week44","IGRApos_BCG_44wk_vs_IGRAneg_BCG_44wk"
"ENSG00000290762",0.474171690088404,0.179274585916134,0.106,0.069,1,"13","BCG_treated","week44","IGRApos_BCG_44wk_vs_IGRAneg_BCG_44wk"
"SLC35A1",0.474453566860409,-0.120267334163938,0.204,0.162,1,"13","BCG_treated","week44","IGRApos_BCG_44wk_vs_IGRAneg_BCG_44wk"
"HERC4",0.474466938506941,-0.104119843245852,0.815,0.74,1,"13","BCG_treated","week44","IGRApos_BCG_44wk_vs_IGRAneg_BCG_44wk"
"PSMA6",0.474592477845284,-0.28884368477132,0.23,0.197,1,"13","BCG_treated","week44","IGRApos_BCG_44wk_vs_IGRAneg_BCG_44wk"
"NFATC1",0.474749345069464,0.216879540071466,0.228,0.15,1,"13","BCG_treated","week44","IGRApos_BCG_44wk_vs_IGRAneg_BCG_44wk"
"TACR3",0.474801695509218,0.366802985134656,0.106,0.064,1,"13","BCG_treated","week44","IGRApos_BCG_44wk_vs_IGRAneg_BCG_44wk"
"MCM5",0.475367164547003,0.351544952926134,0.146,0.087,1,"13","BCG_treated","week44","IGRApos_BCG_44wk_vs_IGRAneg_BCG_44wk"
"PTPN4",0.475387952734908,-0.115958399871289,0.77,0.688,1,"13","BCG_treated","week44","IGRApos_BCG_44wk_vs_IGRAneg_BCG_44wk"
"PDCD6P1",0.475513810399534,-0.189659480191414,0.13,0.133,1,"13","BCG_treated","week44","IGRApos_BCG_44wk_vs_IGRAneg_BCG_44wk"
"COPA",0.475815607592391,-0.104076516778894,0.627,0.566,1,"13","BCG_treated","week44","IGRApos_BCG_44wk_vs_IGRAneg_BCG_44wk"
"POLR2E",0.475848189623705,-0.198076227395879,0.148,0.145,1,"13","BCG_treated","week44","IGRApos_BCG_44wk_vs_IGRAneg_BCG_44wk"
"MACO1",0.476041540539268,-0.101059609630237,0.471,0.399,1,"13","BCG_treated","week44","IGRApos_BCG_44wk_vs_IGRAneg_BCG_44wk"
"LENG1",0.476225643002997,0.658222331642161,0.114,0.064,1,"13","BCG_treated","week44","IGRApos_BCG_44wk_vs_IGRAneg_BCG_44wk"
"MAPK1IP1L",0.476625429226961,0.288437287165427,0.447,0.318,1,"13","BCG_treated","week44","IGRApos_BCG_44wk_vs_IGRAneg_BCG_44wk"
"MBTPS1",0.476768145371078,-0.111010881248799,0.511,0.468,1,"13","BCG_treated","week44","IGRApos_BCG_44wk_vs_IGRAneg_BCG_44wk"
"ENSG00000271793",0.477164919993815,-0.301422398662419,0.336,0.312,1,"13","BCG_treated","week44","IGRApos_BCG_44wk_vs_IGRAneg_BCG_44wk"
"COX17",0.477425167388891,-0.312852733011821,0.146,0.145,1,"13","BCG_treated","week44","IGRApos_BCG_44wk_vs_IGRAneg_BCG_44wk"
"ST20-MTHFS",0.477719666954229,0.375444953200737,0.392,0.283,1,"13","BCG_treated","week44","IGRApos_BCG_44wk_vs_IGRAneg_BCG_44wk"
"ENSG00000244701",0.477891534276579,0.353432449227653,0.14,0.092,1,"13","BCG_treated","week44","IGRApos_BCG_44wk_vs_IGRAneg_BCG_44wk"
"ATP6V0A2",0.477914633568215,-0.172919744127074,0.217,0.191,1,"13","BCG_treated","week44","IGRApos_BCG_44wk_vs_IGRAneg_BCG_44wk"
"ZNF791",0.477954638388588,-0.423159024009595,0.233,0.249,1,"13","BCG_treated","week44","IGRApos_BCG_44wk_vs_IGRAneg_BCG_44wk"
"CNPY2",0.478023969162204,-0.527036226308374,0.106,0.11,1,"13","BCG_treated","week44","IGRApos_BCG_44wk_vs_IGRAneg_BCG_44wk"
"DNAL1",0.478042339306269,0.787699380349221,0.14,0.075,1,"13","BCG_treated","week44","IGRApos_BCG_44wk_vs_IGRAneg_BCG_44wk"
"TAB3",0.478293550625949,0.236869727591208,0.336,0.225,1,"13","BCG_treated","week44","IGRApos_BCG_44wk_vs_IGRAneg_BCG_44wk"
"ENSG00000290399",0.478385259263876,-0.205667975358566,0.111,0.11,1,"13","BCG_treated","week44","IGRApos_BCG_44wk_vs_IGRAneg_BCG_44wk"
"USP22",0.478524080969281,0.156854287767825,0.431,0.358,1,"13","BCG_treated","week44","IGRApos_BCG_44wk_vs_IGRAneg_BCG_44wk"
"PRELID3B",0.479118778904273,-0.114144314202934,0.18,0.139,1,"13","BCG_treated","week44","IGRApos_BCG_44wk_vs_IGRAneg_BCG_44wk"
"DFFB",0.479520298375424,-0.336781395799228,0.108,0.104,1,"13","BCG_treated","week44","IGRApos_BCG_44wk_vs_IGRAneg_BCG_44wk"
"NCAPD2",0.479617758744906,0.300609963820963,0.201,0.133,1,"13","BCG_treated","week44","IGRApos_BCG_44wk_vs_IGRAneg_BCG_44wk"
"TOLLIP",0.479699718933374,-0.110875658460762,0.188,0.133,1,"13","BCG_treated","week44","IGRApos_BCG_44wk_vs_IGRAneg_BCG_44wk"
"MFSD12",0.480033316825642,0.122837528527461,0.106,0.064,1,"13","BCG_treated","week44","IGRApos_BCG_44wk_vs_IGRAneg_BCG_44wk"
"FPGS",0.480163576069121,-0.170790822390246,0.294,0.254,1,"13","BCG_treated","week44","IGRApos_BCG_44wk_vs_IGRAneg_BCG_44wk"
"GATAD2A",0.480958776712812,0.137491095781171,0.802,0.734,1,"13","BCG_treated","week44","IGRApos_BCG_44wk_vs_IGRAneg_BCG_44wk"
"PARG",0.481042295335904,0.277856016133559,0.312,0.243,1,"13","BCG_treated","week44","IGRApos_BCG_44wk_vs_IGRAneg_BCG_44wk"
"ENSG00000259628",0.481147565079637,-0.121898469301547,0.246,0.243,1,"13","BCG_treated","week44","IGRApos_BCG_44wk_vs_IGRAneg_BCG_44wk"
"ATXN2",0.481282122306817,0.119902389005822,0.72,0.59,1,"13","BCG_treated","week44","IGRApos_BCG_44wk_vs_IGRAneg_BCG_44wk"
"QTRT2",0.481300614495406,-0.210700633732696,0.175,0.173,1,"13","BCG_treated","week44","IGRApos_BCG_44wk_vs_IGRAneg_BCG_44wk"
"RASGRP3",0.481343936180881,0.146460303101282,0.138,0.104,1,"13","BCG_treated","week44","IGRApos_BCG_44wk_vs_IGRAneg_BCG_44wk"
"GRAP2",0.482219166000165,-0.34551865501871,0.127,0.127,1,"13","BCG_treated","week44","IGRApos_BCG_44wk_vs_IGRAneg_BCG_44wk"
"IFFO2",0.482470990906534,-0.34885615808245,0.233,0.22,1,"13","BCG_treated","week44","IGRApos_BCG_44wk_vs_IGRAneg_BCG_44wk"
"ENSG00000284685",0.48257132013337,0.1647436822485,0.5,0.376,1,"13","BCG_treated","week44","IGRApos_BCG_44wk_vs_IGRAneg_BCG_44wk"
"GTF3C2",0.48263059987987,0.292982457026141,0.339,0.249,1,"13","BCG_treated","week44","IGRApos_BCG_44wk_vs_IGRAneg_BCG_44wk"
"OTUD3",0.482716892636589,0.830979851453475,0.138,0.081,1,"13","BCG_treated","week44","IGRApos_BCG_44wk_vs_IGRAneg_BCG_44wk"
"UPP1",0.482736467877544,-0.228489248679339,0.32,0.272,1,"13","BCG_treated","week44","IGRApos_BCG_44wk_vs_IGRAneg_BCG_44wk"
"FAM104A",0.482835285232358,0.15330431812895,0.241,0.156,1,"13","BCG_treated","week44","IGRApos_BCG_44wk_vs_IGRAneg_BCG_44wk"
"CLEC2D",0.483127854121667,0.180099332200641,0.91,0.832,1,"13","BCG_treated","week44","IGRApos_BCG_44wk_vs_IGRAneg_BCG_44wk"
"ENSG00000285851",0.483214255352053,-0.35513120242203,0.188,0.173,1,"13","BCG_treated","week44","IGRApos_BCG_44wk_vs_IGRAneg_BCG_44wk"
"FOXRED1",0.483400690389012,-0.603633993950032,0.114,0.133,1,"13","BCG_treated","week44","IGRApos_BCG_44wk_vs_IGRAneg_BCG_44wk"
"PHIP",0.483478248447478,0.220115189363975,0.799,0.665,1,"13","BCG_treated","week44","IGRApos_BCG_44wk_vs_IGRAneg_BCG_44wk"
"ENSG00000261474",0.483577765134726,-0.11981074172115,0.122,0.087,1,"13","BCG_treated","week44","IGRApos_BCG_44wk_vs_IGRAneg_BCG_44wk"
"SLC38A5",0.483607440877656,0.228655141341641,0.111,0.064,1,"13","BCG_treated","week44","IGRApos_BCG_44wk_vs_IGRAneg_BCG_44wk"
"ADD3",0.483634277194798,0.13342700959351,0.627,0.514,1,"13","BCG_treated","week44","IGRApos_BCG_44wk_vs_IGRAneg_BCG_44wk"
"EHMT2",0.483911590761761,0.273670590509812,0.175,0.121,1,"13","BCG_treated","week44","IGRApos_BCG_44wk_vs_IGRAneg_BCG_44wk"
"CRYZ",0.484196634446223,-0.333191913291538,0.111,0.116,1,"13","BCG_treated","week44","IGRApos_BCG_44wk_vs_IGRAneg_BCG_44wk"
"LAMTOR4",0.484263506521037,0.334387869694256,0.143,0.087,1,"13","BCG_treated","week44","IGRApos_BCG_44wk_vs_IGRAneg_BCG_44wk"
"RAP1A",0.484344483490956,-0.118238269954162,0.847,0.792,1,"13","BCG_treated","week44","IGRApos_BCG_44wk_vs_IGRAneg_BCG_44wk"
"GPR108",0.4847213782791,-0.33464630266058,0.175,0.162,1,"13","BCG_treated","week44","IGRApos_BCG_44wk_vs_IGRAneg_BCG_44wk"
"FKBP4",0.485307449966233,-0.179917077193573,0.14,0.104,1,"13","BCG_treated","week44","IGRApos_BCG_44wk_vs_IGRAneg_BCG_44wk"
"ZNF620",0.485314166596135,0.767130541669235,0.151,0.081,1,"13","BCG_treated","week44","IGRApos_BCG_44wk_vs_IGRAneg_BCG_44wk"
"SNRNP70",0.485323178794061,0.149026004978223,0.69,0.555,1,"13","BCG_treated","week44","IGRApos_BCG_44wk_vs_IGRAneg_BCG_44wk"
"SMIM13",0.485601264732652,0.639543960351549,0.14,0.087,1,"13","BCG_treated","week44","IGRApos_BCG_44wk_vs_IGRAneg_BCG_44wk"
"MYL12B",0.486024633175821,-0.191553718525432,0.376,0.341,1,"13","BCG_treated","week44","IGRApos_BCG_44wk_vs_IGRAneg_BCG_44wk"
"GVINP1",0.486182071874286,-0.10733039010343,0.423,0.347,1,"13","BCG_treated","week44","IGRApos_BCG_44wk_vs_IGRAneg_BCG_44wk"
"ACTR5",0.486281032926258,0.467237222856269,0.146,0.081,1,"13","BCG_treated","week44","IGRApos_BCG_44wk_vs_IGRAneg_BCG_44wk"
"LINC01135",0.486800646663385,0.292718815224964,0.204,0.145,1,"13","BCG_treated","week44","IGRApos_BCG_44wk_vs_IGRAneg_BCG_44wk"
"ATF1",0.487286841701663,-0.423614043864892,0.288,0.26,1,"13","BCG_treated","week44","IGRApos_BCG_44wk_vs_IGRAneg_BCG_44wk"
"SYT11",0.487306408518537,-0.37290663943818,0.132,0.139,1,"13","BCG_treated","week44","IGRApos_BCG_44wk_vs_IGRAneg_BCG_44wk"
"WAC-AS1",0.48737402302836,-0.595771583176518,0.13,0.133,1,"13","BCG_treated","week44","IGRApos_BCG_44wk_vs_IGRAneg_BCG_44wk"
"SESN3",0.487465891550836,0.4101617112418,0.246,0.173,1,"13","BCG_treated","week44","IGRApos_BCG_44wk_vs_IGRAneg_BCG_44wk"
"SEC23B",0.487853953309143,0.115675059875987,0.384,0.301,1,"13","BCG_treated","week44","IGRApos_BCG_44wk_vs_IGRAneg_BCG_44wk"
"AMZ1",0.487959804071267,-0.34021231758443,0.098,0.11,1,"13","BCG_treated","week44","IGRApos_BCG_44wk_vs_IGRAneg_BCG_44wk"
"ZMYM2",0.488259723959966,0.203590854657181,0.804,0.676,1,"13","BCG_treated","week44","IGRApos_BCG_44wk_vs_IGRAneg_BCG_44wk"
"PDPR",0.488330439091698,0.191380645079751,0.362,0.243,1,"13","BCG_treated","week44","IGRApos_BCG_44wk_vs_IGRAneg_BCG_44wk"
"IMMP1L",0.488393513758271,0.184086568924511,0.312,0.231,1,"13","BCG_treated","week44","IGRApos_BCG_44wk_vs_IGRAneg_BCG_44wk"
"FAM76B",0.48846830791427,-0.254313152771848,0.214,0.202,1,"13","BCG_treated","week44","IGRApos_BCG_44wk_vs_IGRAneg_BCG_44wk"
"UTP4",0.488815277110722,-0.167879986340052,0.365,0.341,1,"13","BCG_treated","week44","IGRApos_BCG_44wk_vs_IGRAneg_BCG_44wk"
"APOL6",0.488827486534903,-0.14608952208897,0.389,0.376,1,"13","BCG_treated","week44","IGRApos_BCG_44wk_vs_IGRAneg_BCG_44wk"
"FCRL3",0.488851532197895,-0.156073239827486,0.28,0.243,1,"13","BCG_treated","week44","IGRApos_BCG_44wk_vs_IGRAneg_BCG_44wk"
"SYPL1",0.488998663233733,-0.183669886697507,0.209,0.168,1,"13","BCG_treated","week44","IGRApos_BCG_44wk_vs_IGRAneg_BCG_44wk"
"PDE4D",0.489144813006981,0.308767266319855,0.905,0.798,1,"13","BCG_treated","week44","IGRApos_BCG_44wk_vs_IGRAneg_BCG_44wk"
"ZNF687",0.489267639153681,-0.677684114320568,0.093,0.104,1,"13","BCG_treated","week44","IGRApos_BCG_44wk_vs_IGRAneg_BCG_44wk"
"TMLHE",0.489581037717484,0.323805788309841,0.307,0.208,1,"13","BCG_treated","week44","IGRApos_BCG_44wk_vs_IGRAneg_BCG_44wk"
"SOX13",0.489606087893387,-0.524886478461271,0.098,0.116,1,"13","BCG_treated","week44","IGRApos_BCG_44wk_vs_IGRAneg_BCG_44wk"
"CTC1",0.489660390628473,0.563076451059606,0.32,0.202,1,"13","BCG_treated","week44","IGRApos_BCG_44wk_vs_IGRAneg_BCG_44wk"
"BCOR",0.489815738733302,-0.127562804168004,0.376,0.335,1,"13","BCG_treated","week44","IGRApos_BCG_44wk_vs_IGRAneg_BCG_44wk"
"PLAAT4",0.489840326909156,0.145118049537325,0.19,0.179,1,"13","BCG_treated","week44","IGRApos_BCG_44wk_vs_IGRAneg_BCG_44wk"
"MGMT",0.49001939635147,0.303056053629704,0.421,0.312,1,"13","BCG_treated","week44","IGRApos_BCG_44wk_vs_IGRAneg_BCG_44wk"
"TRIM39",0.490067061004074,-0.299756920263849,0.14,0.116,1,"13","BCG_treated","week44","IGRApos_BCG_44wk_vs_IGRAneg_BCG_44wk"
"RTF2",0.490443080673885,-0.135662264118743,0.423,0.364,1,"13","BCG_treated","week44","IGRApos_BCG_44wk_vs_IGRAneg_BCG_44wk"
"SHISA5",0.490578122486381,0.246369835391065,0.188,0.127,1,"13","BCG_treated","week44","IGRApos_BCG_44wk_vs_IGRAneg_BCG_44wk"
"MRPS16",0.490797961551569,-0.412700215254466,0.101,0.11,1,"13","BCG_treated","week44","IGRApos_BCG_44wk_vs_IGRAneg_BCG_44wk"
"SLC30A9",0.49127862383496,0.168717551921452,0.513,0.382,1,"13","BCG_treated","week44","IGRApos_BCG_44wk_vs_IGRAneg_BCG_44wk"
"SCRIB",0.491455406857392,0.27350369806811,0.175,0.116,1,"13","BCG_treated","week44","IGRApos_BCG_44wk_vs_IGRAneg_BCG_44wk"
"PDHX",0.491644545479858,-0.146628809065784,0.323,0.272,1,"13","BCG_treated","week44","IGRApos_BCG_44wk_vs_IGRAneg_BCG_44wk"
"NSRP1",0.491736067028153,0.149062166122399,0.511,0.393,1,"13","BCG_treated","week44","IGRApos_BCG_44wk_vs_IGRAneg_BCG_44wk"
"DAP3",0.491918245458602,-0.19255196483528,0.397,0.364,1,"13","BCG_treated","week44","IGRApos_BCG_44wk_vs_IGRAneg_BCG_44wk"
"DSTN",0.492080167352256,-0.279361790111431,0.151,0.156,1,"13","BCG_treated","week44","IGRApos_BCG_44wk_vs_IGRAneg_BCG_44wk"
"PPP4C",0.493061808106928,-0.159685387229178,0.156,0.156,1,"13","BCG_treated","week44","IGRApos_BCG_44wk_vs_IGRAneg_BCG_44wk"
"TUBGCP5",0.493187050326978,0.711913609931181,0.159,0.092,1,"13","BCG_treated","week44","IGRApos_BCG_44wk_vs_IGRAneg_BCG_44wk"
"ZBTB46",0.493204664848626,-0.222497220493179,0.116,0.092,1,"13","BCG_treated","week44","IGRApos_BCG_44wk_vs_IGRAneg_BCG_44wk"
"FNTA",0.493602612643514,0.279262530528448,0.386,0.272,1,"13","BCG_treated","week44","IGRApos_BCG_44wk_vs_IGRAneg_BCG_44wk"
"MTRR",0.493837721150284,-0.135680418048817,0.206,0.168,1,"13","BCG_treated","week44","IGRApos_BCG_44wk_vs_IGRAneg_BCG_44wk"
"SESN1",0.494129749506523,-0.190230417306269,0.426,0.37,1,"13","BCG_treated","week44","IGRApos_BCG_44wk_vs_IGRAneg_BCG_44wk"
"CRADD",0.494751600660159,-0.111273926189174,0.384,0.358,1,"13","BCG_treated","week44","IGRApos_BCG_44wk_vs_IGRAneg_BCG_44wk"
"GGNBP2",0.494802363735116,-0.155421716312787,0.558,0.497,1,"13","BCG_treated","week44","IGRApos_BCG_44wk_vs_IGRAneg_BCG_44wk"
"SSB",0.495178384487613,-0.356086718045815,0.23,0.202,1,"13","BCG_treated","week44","IGRApos_BCG_44wk_vs_IGRAneg_BCG_44wk"
"RBIS",0.495305220557922,-0.158499566959482,0.156,0.116,1,"13","BCG_treated","week44","IGRApos_BCG_44wk_vs_IGRAneg_BCG_44wk"
"RTEL1",0.495552072219627,0.620008834964102,0.132,0.075,1,"13","BCG_treated","week44","IGRApos_BCG_44wk_vs_IGRAneg_BCG_44wk"
"RAB11A",0.496039787939533,0.124520125980747,0.28,0.243,1,"13","BCG_treated","week44","IGRApos_BCG_44wk_vs_IGRAneg_BCG_44wk"
"GTF2I",0.496116915447855,-0.110324216311583,0.632,0.549,1,"13","BCG_treated","week44","IGRApos_BCG_44wk_vs_IGRAneg_BCG_44wk"
"FAM118A",0.496159003907193,0.321198168218543,0.312,0.197,1,"13","BCG_treated","week44","IGRApos_BCG_44wk_vs_IGRAneg_BCG_44wk"
"LEPROT",0.49634445064777,-0.238479759427753,0.122,0.087,1,"13","BCG_treated","week44","IGRApos_BCG_44wk_vs_IGRAneg_BCG_44wk"
"YPEL1",0.496413907086687,0.151143233719737,0.402,0.306,1,"13","BCG_treated","week44","IGRApos_BCG_44wk_vs_IGRAneg_BCG_44wk"
"MYL6",0.49647836384876,-0.161235789681776,0.384,0.341,1,"13","BCG_treated","week44","IGRApos_BCG_44wk_vs_IGRAneg_BCG_44wk"
"DTX2",0.496982897642678,0.397426735239152,0.127,0.075,1,"13","BCG_treated","week44","IGRApos_BCG_44wk_vs_IGRAneg_BCG_44wk"
"SRSF8",0.496994468806336,-0.289466636167723,0.101,0.081,1,"13","BCG_treated","week44","IGRApos_BCG_44wk_vs_IGRAneg_BCG_44wk"
"SENP1",0.497036545715875,0.214606042661085,0.399,0.289,1,"13","BCG_treated","week44","IGRApos_BCG_44wk_vs_IGRAneg_BCG_44wk"
"TSEN2",0.497216762446732,-0.269552263571848,0.175,0.168,1,"13","BCG_treated","week44","IGRApos_BCG_44wk_vs_IGRAneg_BCG_44wk"
"GSR",0.497422519422177,-0.501992330675078,0.161,0.179,1,"13","BCG_treated","week44","IGRApos_BCG_44wk_vs_IGRAneg_BCG_44wk"
"NME6",0.497441199975044,-0.17017885354953,0.151,0.15,1,"13","BCG_treated","week44","IGRApos_BCG_44wk_vs_IGRAneg_BCG_44wk"
"NEK9",0.497719740004196,0.284329256597856,0.394,0.26,1,"13","BCG_treated","week44","IGRApos_BCG_44wk_vs_IGRAneg_BCG_44wk"
"DDI2",0.498430152975175,0.130205455045733,0.418,0.324,1,"13","BCG_treated","week44","IGRApos_BCG_44wk_vs_IGRAneg_BCG_44wk"
"FRG1BP",0.498468878127216,0.55047095674369,0.135,0.075,1,"13","BCG_treated","week44","IGRApos_BCG_44wk_vs_IGRAneg_BCG_44wk"
"ZCCHC24",0.498758860565018,-0.776814657604056,0.159,0.139,1,"13","BCG_treated","week44","IGRApos_BCG_44wk_vs_IGRAneg_BCG_44wk"
"CHMP4A",0.498818303077718,-0.171730921899194,0.328,0.312,1,"13","BCG_treated","week44","IGRApos_BCG_44wk_vs_IGRAneg_BCG_44wk"
"TRIM26",0.498938312652448,0.31411225025139,0.291,0.214,1,"13","BCG_treated","week44","IGRApos_BCG_44wk_vs_IGRAneg_BCG_44wk"
"INSYN2B",0.498993350632032,-0.497854810762647,0.103,0.11,1,"13","BCG_treated","week44","IGRApos_BCG_44wk_vs_IGRAneg_BCG_44wk"
"IMMP2L",0.499354700083066,-0.154056993250405,0.868,0.838,1,"13","BCG_treated","week44","IGRApos_BCG_44wk_vs_IGRAneg_BCG_44wk"
"LANCL1",0.499683217715671,0.434504156152744,0.246,0.173,1,"13","BCG_treated","week44","IGRApos_BCG_44wk_vs_IGRAneg_BCG_44wk"
"TOMM20",0.49978136917353,0.36952448681618,0.172,0.104,1,"13","BCG_treated","week44","IGRApos_BCG_44wk_vs_IGRAneg_BCG_44wk"
"FOXN3",0.499943290173153,-0.113037176946511,0.902,0.861,1,"13","BCG_treated","week44","IGRApos_BCG_44wk_vs_IGRAneg_BCG_44wk"
"FAM169A",0.500006271513611,0.407677720512404,0.18,0.116,1,"13","BCG_treated","week44","IGRApos_BCG_44wk_vs_IGRAneg_BCG_44wk"
"STK4",0.500088628980903,0.180490170473599,0.91,0.855,1,"13","BCG_treated","week44","IGRApos_BCG_44wk_vs_IGRAneg_BCG_44wk"
"AMPD2",0.500116608720833,-0.112477366707918,0.111,0.069,1,"13","BCG_treated","week44","IGRApos_BCG_44wk_vs_IGRAneg_BCG_44wk"
"FBXO3",0.500126012713993,0.512529366307894,0.19,0.121,1,"13","BCG_treated","week44","IGRApos_BCG_44wk_vs_IGRAneg_BCG_44wk"
"STX6",0.500377267290309,0.364256814761751,0.431,0.301,1,"13","BCG_treated","week44","IGRApos_BCG_44wk_vs_IGRAneg_BCG_44wk"
"CHPT1",0.500870678625231,-0.218437661429343,0.209,0.168,1,"13","BCG_treated","week44","IGRApos_BCG_44wk_vs_IGRAneg_BCG_44wk"
"CHERP",0.50087079975261,-0.106880643053352,0.233,0.173,1,"13","BCG_treated","week44","IGRApos_BCG_44wk_vs_IGRAneg_BCG_44wk"
"ZNF92",0.501685890776562,-0.263214087454038,0.251,0.237,1,"13","BCG_treated","week44","IGRApos_BCG_44wk_vs_IGRAneg_BCG_44wk"
"NSMCE4A",0.502166510506947,0.180126632142837,0.185,0.121,1,"13","BCG_treated","week44","IGRApos_BCG_44wk_vs_IGRAneg_BCG_44wk"
"USP42",0.50223172748677,-0.100313687930427,0.336,0.266,1,"13","BCG_treated","week44","IGRApos_BCG_44wk_vs_IGRAneg_BCG_44wk"
"SLC25A13",0.502368767324057,0.325686493269266,0.378,0.26,1,"13","BCG_treated","week44","IGRApos_BCG_44wk_vs_IGRAneg_BCG_44wk"
"MTURN",0.502385729711363,-0.311598767715488,0.177,0.179,1,"13","BCG_treated","week44","IGRApos_BCG_44wk_vs_IGRAneg_BCG_44wk"
"ENSG00000259354",0.502443259933022,-0.202408779092406,0.495,0.468,1,"13","BCG_treated","week44","IGRApos_BCG_44wk_vs_IGRAneg_BCG_44wk"
"VPS35",0.50285339568872,-0.368653005307749,0.304,0.277,1,"13","BCG_treated","week44","IGRApos_BCG_44wk_vs_IGRAneg_BCG_44wk"
"CEBPZOS",0.50296568397952,-0.249694431751307,0.18,0.156,1,"13","BCG_treated","week44","IGRApos_BCG_44wk_vs_IGRAneg_BCG_44wk"
"CTPS1",0.503627509940071,-0.348852295022878,0.22,0.202,1,"13","BCG_treated","week44","IGRApos_BCG_44wk_vs_IGRAneg_BCG_44wk"
"LINC01934",0.503929105699555,-0.344886203081356,0.19,0.208,1,"13","BCG_treated","week44","IGRApos_BCG_44wk_vs_IGRAneg_BCG_44wk"
"FAF2",0.504001362896395,-0.105933281340955,0.41,0.353,1,"13","BCG_treated","week44","IGRApos_BCG_44wk_vs_IGRAneg_BCG_44wk"
"CDIP1",0.504004423805059,-0.157121597383869,0.132,0.145,1,"13","BCG_treated","week44","IGRApos_BCG_44wk_vs_IGRAneg_BCG_44wk"
"PPP6R2",0.504289595144039,-0.136723302535582,0.796,0.757,1,"13","BCG_treated","week44","IGRApos_BCG_44wk_vs_IGRAneg_BCG_44wk"
"SREBF1",0.504443885283445,0.554304350476109,0.132,0.075,1,"13","BCG_treated","week44","IGRApos_BCG_44wk_vs_IGRAneg_BCG_44wk"
"RETREG2",0.504568646958605,-0.216837813052628,0.114,0.087,1,"13","BCG_treated","week44","IGRApos_BCG_44wk_vs_IGRAneg_BCG_44wk"
"MACROD2",0.504664961509896,0.951297600355836,0.148,0.127,1,"13","BCG_treated","week44","IGRApos_BCG_44wk_vs_IGRAneg_BCG_44wk"
"ELOC",0.504734064695182,-0.131604221488707,0.18,0.145,1,"13","BCG_treated","week44","IGRApos_BCG_44wk_vs_IGRAneg_BCG_44wk"
"DZIP3",0.504832859689638,-0.181849203327506,0.204,0.168,1,"13","BCG_treated","week44","IGRApos_BCG_44wk_vs_IGRAneg_BCG_44wk"
"DTX1",0.505096805566321,0.10216836919577,0.108,0.069,1,"13","BCG_treated","week44","IGRApos_BCG_44wk_vs_IGRAneg_BCG_44wk"
"PPM1F",0.505195958687871,0.522556680934961,0.19,0.116,1,"13","BCG_treated","week44","IGRApos_BCG_44wk_vs_IGRAneg_BCG_44wk"
"SEC13",0.50545795225417,0.327536576983427,0.243,0.162,1,"13","BCG_treated","week44","IGRApos_BCG_44wk_vs_IGRAneg_BCG_44wk"
"COLQ",0.505716356112297,0.121087696127115,0.106,0.075,1,"13","BCG_treated","week44","IGRApos_BCG_44wk_vs_IGRAneg_BCG_44wk"
"GGPS1",0.50690440458889,-0.276166063371842,0.175,0.156,1,"13","BCG_treated","week44","IGRApos_BCG_44wk_vs_IGRAneg_BCG_44wk"
"AAMP",0.506944566379797,0.322975142485028,0.124,0.075,1,"13","BCG_treated","week44","IGRApos_BCG_44wk_vs_IGRAneg_BCG_44wk"
"DPY30",0.507346545336536,-0.22537410441824,0.151,0.145,1,"13","BCG_treated","week44","IGRApos_BCG_44wk_vs_IGRAneg_BCG_44wk"
"UBAP2L",0.507467008288192,-0.175769502652189,0.566,0.491,1,"13","BCG_treated","week44","IGRApos_BCG_44wk_vs_IGRAneg_BCG_44wk"
"BLZF1",0.507598669667154,-0.174914380726126,0.262,0.225,1,"13","BCG_treated","week44","IGRApos_BCG_44wk_vs_IGRAneg_BCG_44wk"
"TENT4A",0.507965595872678,0.100054109735409,0.519,0.399,1,"13","BCG_treated","week44","IGRApos_BCG_44wk_vs_IGRAneg_BCG_44wk"
"VPS35L",0.508072475284,-0.142729486048026,0.426,0.353,1,"13","BCG_treated","week44","IGRApos_BCG_44wk_vs_IGRAneg_BCG_44wk"
"GLO1",0.508422759847228,-0.224712249717098,0.257,0.225,1,"13","BCG_treated","week44","IGRApos_BCG_44wk_vs_IGRAneg_BCG_44wk"
"RAP2A",0.508487750454261,-0.433166102781471,0.132,0.121,1,"13","BCG_treated","week44","IGRApos_BCG_44wk_vs_IGRAneg_BCG_44wk"
"SSBP3",0.509531844271714,0.13697475424333,0.765,0.647,1,"13","BCG_treated","week44","IGRApos_BCG_44wk_vs_IGRAneg_BCG_44wk"
"CLCN6",0.509543929231336,-0.25875114677047,0.185,0.173,1,"13","BCG_treated","week44","IGRApos_BCG_44wk_vs_IGRAneg_BCG_44wk"
"DLD",0.509593807351495,-0.140634012852303,0.344,0.324,1,"13","BCG_treated","week44","IGRApos_BCG_44wk_vs_IGRAneg_BCG_44wk"
"BIN1",0.509614809086221,0.137169955009671,0.286,0.249,1,"13","BCG_treated","week44","IGRApos_BCG_44wk_vs_IGRAneg_BCG_44wk"
"SLFNL1-AS1",0.510028757140007,1.04815735236623,0.119,0.058,1,"13","BCG_treated","week44","IGRApos_BCG_44wk_vs_IGRAneg_BCG_44wk"
"SPAST",0.51042637571863,0.241262225613534,0.426,0.295,1,"13","BCG_treated","week44","IGRApos_BCG_44wk_vs_IGRAneg_BCG_44wk"
"ZHX1",0.510446998449124,-0.163745785191592,0.23,0.202,1,"13","BCG_treated","week44","IGRApos_BCG_44wk_vs_IGRAneg_BCG_44wk"
"CXCR4",0.510609809605234,0.204859551859364,0.667,0.52,1,"13","BCG_treated","week44","IGRApos_BCG_44wk_vs_IGRAneg_BCG_44wk"
"NPHP4",0.510644324953814,-0.16310766050622,0.18,0.168,1,"13","BCG_treated","week44","IGRApos_BCG_44wk_vs_IGRAneg_BCG_44wk"
"HADHB",0.510860494150166,-0.347043057493716,0.336,0.329,1,"13","BCG_treated","week44","IGRApos_BCG_44wk_vs_IGRAneg_BCG_44wk"
"ENSG00000243155",0.511515722352209,0.21983617365794,0.132,0.087,1,"13","BCG_treated","week44","IGRApos_BCG_44wk_vs_IGRAneg_BCG_44wk"
"RAB30",0.511657636401233,0.27222298244165,0.132,0.121,1,"13","BCG_treated","week44","IGRApos_BCG_44wk_vs_IGRAneg_BCG_44wk"
"ZBED5",0.512242039094648,0.403602183294988,0.296,0.202,1,"13","BCG_treated","week44","IGRApos_BCG_44wk_vs_IGRAneg_BCG_44wk"
"ZNF154",0.512376401366937,-0.312491842244129,0.235,0.202,1,"13","BCG_treated","week44","IGRApos_BCG_44wk_vs_IGRAneg_BCG_44wk"
"ANKRD44",0.512400164772422,-0.223447172543134,0.979,0.965,1,"13","BCG_treated","week44","IGRApos_BCG_44wk_vs_IGRAneg_BCG_44wk"
"NLRP2",0.512514861969784,-0.12459164096687,0.206,0.15,1,"13","BCG_treated","week44","IGRApos_BCG_44wk_vs_IGRAneg_BCG_44wk"
"ENSG00000286277",0.513746594491909,0.181318224794113,0.156,0.104,1,"13","BCG_treated","week44","IGRApos_BCG_44wk_vs_IGRAneg_BCG_44wk"
"NTAQ1",0.51380862351194,-0.211663172002341,0.159,0.145,1,"13","BCG_treated","week44","IGRApos_BCG_44wk_vs_IGRAneg_BCG_44wk"
"FBXO34",0.513824054547086,-0.151019397365387,0.749,0.728,1,"13","BCG_treated","week44","IGRApos_BCG_44wk_vs_IGRAneg_BCG_44wk"
"ZNF592",0.513907800802916,-0.13864332654928,0.397,0.347,1,"13","BCG_treated","week44","IGRApos_BCG_44wk_vs_IGRAneg_BCG_44wk"
"ZNF207",0.514011232685393,0.167195483415375,0.825,0.74,1,"13","BCG_treated","week44","IGRApos_BCG_44wk_vs_IGRAneg_BCG_44wk"
"CPQ",0.514408093873283,-0.325399770479535,0.349,0.335,1,"13","BCG_treated","week44","IGRApos_BCG_44wk_vs_IGRAneg_BCG_44wk"
"SLC25A32",0.514428245894725,-0.160209858731269,0.259,0.22,1,"13","BCG_treated","week44","IGRApos_BCG_44wk_vs_IGRAneg_BCG_44wk"
"NOC3L",0.514484135809627,0.100702400076329,0.302,0.22,1,"13","BCG_treated","week44","IGRApos_BCG_44wk_vs_IGRAneg_BCG_44wk"
"ZNF775",0.514486330210611,-0.296459193275646,0.146,0.15,1,"13","BCG_treated","week44","IGRApos_BCG_44wk_vs_IGRAneg_BCG_44wk"
"ZNF362",0.514545044311166,0.811951602002358,0.138,0.092,1,"13","BCG_treated","week44","IGRApos_BCG_44wk_vs_IGRAneg_BCG_44wk"
"ZNF107",0.514587385692769,0.201948989165922,0.397,0.277,1,"13","BCG_treated","week44","IGRApos_BCG_44wk_vs_IGRAneg_BCG_44wk"
"SNX9",0.51532399844226,0.468014499016943,0.294,0.208,1,"13","BCG_treated","week44","IGRApos_BCG_44wk_vs_IGRAneg_BCG_44wk"
"AP4B1",0.515536799949163,-0.113329592479646,0.175,0.139,1,"13","BCG_treated","week44","IGRApos_BCG_44wk_vs_IGRAneg_BCG_44wk"
"GINM1",0.516897784446629,0.102997332260131,0.249,0.179,1,"13","BCG_treated","week44","IGRApos_BCG_44wk_vs_IGRAneg_BCG_44wk"
"GSDMB",0.517281009395939,-0.373801062309389,0.169,0.15,1,"13","BCG_treated","week44","IGRApos_BCG_44wk_vs_IGRAneg_BCG_44wk"
"NGDN",0.517522569904229,-0.328342301943888,0.169,0.15,1,"13","BCG_treated","week44","IGRApos_BCG_44wk_vs_IGRAneg_BCG_44wk"
"OXNAD1",0.517751301429886,0.38688576395612,0.347,0.26,1,"13","BCG_treated","week44","IGRApos_BCG_44wk_vs_IGRAneg_BCG_44wk"
"PSMD14",0.517763278911066,-0.202145599843995,0.431,0.387,1,"13","BCG_treated","week44","IGRApos_BCG_44wk_vs_IGRAneg_BCG_44wk"
"DCAF4",0.517826958705639,0.200809214866112,0.14,0.081,1,"13","BCG_treated","week44","IGRApos_BCG_44wk_vs_IGRAneg_BCG_44wk"
"SLC23A2",0.51812364216739,-0.184498613731234,0.455,0.41,1,"13","BCG_treated","week44","IGRApos_BCG_44wk_vs_IGRAneg_BCG_44wk"
"GABPB1-AS1",0.518134103814706,0.349846192427807,0.307,0.225,1,"13","BCG_treated","week44","IGRApos_BCG_44wk_vs_IGRAneg_BCG_44wk"
"ATXN7L3B",0.519031851870044,0.423762584232718,0.212,0.127,1,"13","BCG_treated","week44","IGRApos_BCG_44wk_vs_IGRAneg_BCG_44wk"
"MTATP6P1",0.519323182975815,0.481746005128199,0.177,0.121,1,"13","BCG_treated","week44","IGRApos_BCG_44wk_vs_IGRAneg_BCG_44wk"
"AP1AR",0.51979022012618,-0.220976573565995,0.188,0.156,1,"13","BCG_treated","week44","IGRApos_BCG_44wk_vs_IGRAneg_BCG_44wk"
"SMIM7",0.520176931355274,0.487061214475149,0.278,0.191,1,"13","BCG_treated","week44","IGRApos_BCG_44wk_vs_IGRAneg_BCG_44wk"
"SCAF8",0.520215726042582,0.115186080948625,0.725,0.572,1,"13","BCG_treated","week44","IGRApos_BCG_44wk_vs_IGRAneg_BCG_44wk"
"RUNX3",0.520239742741409,-0.135343280578275,0.931,0.879,1,"13","BCG_treated","week44","IGRApos_BCG_44wk_vs_IGRAneg_BCG_44wk"
"FAM185A",0.520351309714171,-0.190971692109002,0.167,0.139,1,"13","BCG_treated","week44","IGRApos_BCG_44wk_vs_IGRAneg_BCG_44wk"
"ESCO1",0.520426844075841,0.164096086876224,0.489,0.37,1,"13","BCG_treated","week44","IGRApos_BCG_44wk_vs_IGRAneg_BCG_44wk"
"ENSG00000256591",0.52047983666796,0.245135602704194,0.243,0.168,1,"13","BCG_treated","week44","IGRApos_BCG_44wk_vs_IGRAneg_BCG_44wk"
"GALNT3",0.521079051292378,0.149854722519475,0.302,0.225,1,"13","BCG_treated","week44","IGRApos_BCG_44wk_vs_IGRAneg_BCG_44wk"
"TFB1M",0.521084633166882,-0.120746819812218,0.28,0.243,1,"13","BCG_treated","week44","IGRApos_BCG_44wk_vs_IGRAneg_BCG_44wk"
"AGPS",0.521853502072251,0.232662853639768,0.577,0.439,1,"13","BCG_treated","week44","IGRApos_BCG_44wk_vs_IGRAneg_BCG_44wk"
"ADIPOR1",0.52193566445056,-0.217787147345211,0.167,0.133,1,"13","BCG_treated","week44","IGRApos_BCG_44wk_vs_IGRAneg_BCG_44wk"
"FBXO38",0.522172786894751,0.126218732409797,0.513,0.445,1,"13","BCG_treated","week44","IGRApos_BCG_44wk_vs_IGRAneg_BCG_44wk"
"GUSBP11",0.522269483976794,0.128899697782274,0.46,0.364,1,"13","BCG_treated","week44","IGRApos_BCG_44wk_vs_IGRAneg_BCG_44wk"
"SEC24D",0.522563477597967,-0.12450512743062,0.325,0.324,1,"13","BCG_treated","week44","IGRApos_BCG_44wk_vs_IGRAneg_BCG_44wk"
"HS2ST1",0.522597175777305,-0.126893907070843,0.444,0.399,1,"13","BCG_treated","week44","IGRApos_BCG_44wk_vs_IGRAneg_BCG_44wk"
"ZNF286A",0.522633860249674,-0.255568577156313,0.127,0.098,1,"13","BCG_treated","week44","IGRApos_BCG_44wk_vs_IGRAneg_BCG_44wk"
"RIOK2",0.523234486093322,0.394364380581499,0.153,0.092,1,"13","BCG_treated","week44","IGRApos_BCG_44wk_vs_IGRAneg_BCG_44wk"
"CA5B",0.523478535189012,0.164927802811919,0.294,0.22,1,"13","BCG_treated","week44","IGRApos_BCG_44wk_vs_IGRAneg_BCG_44wk"
"UBASH3A",0.523699432733877,0.261015385936918,0.307,0.249,1,"13","BCG_treated","week44","IGRApos_BCG_44wk_vs_IGRAneg_BCG_44wk"
"CEP295",0.523855481631754,-0.112241201555914,0.444,0.376,1,"13","BCG_treated","week44","IGRApos_BCG_44wk_vs_IGRAneg_BCG_44wk"
"MRPS22",0.524906221475088,0.156441699452698,0.172,0.11,1,"13","BCG_treated","week44","IGRApos_BCG_44wk_vs_IGRAneg_BCG_44wk"
"KDM4A",0.525157247115841,0.447287002561477,0.447,0.301,1,"13","BCG_treated","week44","IGRApos_BCG_44wk_vs_IGRAneg_BCG_44wk"
"SERPINB9P1",0.525422574486643,0.461496957235703,0.188,0.133,1,"13","BCG_treated","week44","IGRApos_BCG_44wk_vs_IGRAneg_BCG_44wk"
"AMN1",0.525503553649827,0.168727525905581,0.151,0.104,1,"13","BCG_treated","week44","IGRApos_BCG_44wk_vs_IGRAneg_BCG_44wk"
"ENSG00000111780",0.525788269391351,-0.439435530056064,0.101,0.087,1,"13","BCG_treated","week44","IGRApos_BCG_44wk_vs_IGRAneg_BCG_44wk"
"INTS8",0.526018484420971,-0.229053779616491,0.302,0.283,1,"13","BCG_treated","week44","IGRApos_BCG_44wk_vs_IGRAneg_BCG_44wk"
"FCSK",0.526089823968253,0.270913278671228,0.114,0.075,1,"13","BCG_treated","week44","IGRApos_BCG_44wk_vs_IGRAneg_BCG_44wk"
"ZNF260",0.526123974961912,-0.17756107467822,0.108,0.075,1,"13","BCG_treated","week44","IGRApos_BCG_44wk_vs_IGRAneg_BCG_44wk"
"MTIF2",0.526416921067141,-0.322983919920127,0.18,0.156,1,"13","BCG_treated","week44","IGRApos_BCG_44wk_vs_IGRAneg_BCG_44wk"
"TULP3",0.52655731929454,-0.216187878676669,0.172,0.145,1,"13","BCG_treated","week44","IGRApos_BCG_44wk_vs_IGRAneg_BCG_44wk"
"HAUS2",0.52675684379667,-0.198162404317857,0.106,0.11,1,"13","BCG_treated","week44","IGRApos_BCG_44wk_vs_IGRAneg_BCG_44wk"
"FUT11",0.526939298568201,0.199333961675314,0.188,0.121,1,"13","BCG_treated","week44","IGRApos_BCG_44wk_vs_IGRAneg_BCG_44wk"
"ZFAS1",0.52726030735755,-0.239175295994603,0.272,0.277,1,"13","BCG_treated","week44","IGRApos_BCG_44wk_vs_IGRAneg_BCG_44wk"
"FECH",0.527275265541399,0.137174237910788,0.18,0.127,1,"13","BCG_treated","week44","IGRApos_BCG_44wk_vs_IGRAneg_BCG_44wk"
"LIMD1",0.527859170361337,-0.157777934045274,0.447,0.376,1,"13","BCG_treated","week44","IGRApos_BCG_44wk_vs_IGRAneg_BCG_44wk"
"ENSG00000289346",0.527921206744799,-0.146507720814455,0.183,0.139,1,"13","BCG_treated","week44","IGRApos_BCG_44wk_vs_IGRAneg_BCG_44wk"
"GALE",0.528161761254375,0.524716847592032,0.106,0.064,1,"13","BCG_treated","week44","IGRApos_BCG_44wk_vs_IGRAneg_BCG_44wk"
"TGFBR3",0.52820892204728,-0.250831741347282,0.558,0.59,1,"13","BCG_treated","week44","IGRApos_BCG_44wk_vs_IGRAneg_BCG_44wk"
"NAGK",0.528399576158059,0.383021052872439,0.339,0.237,1,"13","BCG_treated","week44","IGRApos_BCG_44wk_vs_IGRAneg_BCG_44wk"
"ZCCHC8",0.528645603515432,-0.154245509823407,0.352,0.329,1,"13","BCG_treated","week44","IGRApos_BCG_44wk_vs_IGRAneg_BCG_44wk"
"GOLPH3",0.528677019596119,0.289859174470276,0.439,0.306,1,"13","BCG_treated","week44","IGRApos_BCG_44wk_vs_IGRAneg_BCG_44wk"
"FLCN",0.529192167954278,0.484589548308525,0.148,0.087,1,"13","BCG_treated","week44","IGRApos_BCG_44wk_vs_IGRAneg_BCG_44wk"
"LINGO2",0.529292572112296,-0.210849701724057,0.291,0.272,1,"13","BCG_treated","week44","IGRApos_BCG_44wk_vs_IGRAneg_BCG_44wk"
"RPS6KA2",0.529467777400442,-0.320408776813953,0.222,0.191,1,"13","BCG_treated","week44","IGRApos_BCG_44wk_vs_IGRAneg_BCG_44wk"
"GRPEL1",0.529475383844655,-0.214104258672557,0.127,0.121,1,"13","BCG_treated","week44","IGRApos_BCG_44wk_vs_IGRAneg_BCG_44wk"
"BLTP3B",0.529495579228809,-0.216110297141595,0.505,0.457,1,"13","BCG_treated","week44","IGRApos_BCG_44wk_vs_IGRAneg_BCG_44wk"
"PSMG2",0.529530582455704,0.34041809785098,0.278,0.185,1,"13","BCG_treated","week44","IGRApos_BCG_44wk_vs_IGRAneg_BCG_44wk"
"DEDD",0.529544431640976,-0.314597290502346,0.177,0.145,1,"13","BCG_treated","week44","IGRApos_BCG_44wk_vs_IGRAneg_BCG_44wk"
"AKIRIN1",0.52983584433965,-0.124366001564641,0.291,0.272,1,"13","BCG_treated","week44","IGRApos_BCG_44wk_vs_IGRAneg_BCG_44wk"
"L3MBTL2",0.530617477494174,-0.332881342347935,0.122,0.11,1,"13","BCG_treated","week44","IGRApos_BCG_44wk_vs_IGRAneg_BCG_44wk"
"LRRC37B",0.531003170449884,-0.163815007581493,0.246,0.243,1,"13","BCG_treated","week44","IGRApos_BCG_44wk_vs_IGRAneg_BCG_44wk"
"RAD17",0.531072955059242,-0.14306925502508,0.204,0.173,1,"13","BCG_treated","week44","IGRApos_BCG_44wk_vs_IGRAneg_BCG_44wk"
"KIF16B",0.531163968083578,-0.1104081921748,0.254,0.214,1,"13","BCG_treated","week44","IGRApos_BCG_44wk_vs_IGRAneg_BCG_44wk"
"NELFA",0.531282825721576,-0.197669643309911,0.159,0.139,1,"13","BCG_treated","week44","IGRApos_BCG_44wk_vs_IGRAneg_BCG_44wk"
"CD2",0.531316898060898,-0.386949899395172,0.616,0.595,1,"13","BCG_treated","week44","IGRApos_BCG_44wk_vs_IGRAneg_BCG_44wk"
"COX10",0.53132295478681,-0.150073811060638,0.376,0.306,1,"13","BCG_treated","week44","IGRApos_BCG_44wk_vs_IGRAneg_BCG_44wk"
"MIA2",0.531499559390726,-0.115212827413593,0.616,0.538,1,"13","BCG_treated","week44","IGRApos_BCG_44wk_vs_IGRAneg_BCG_44wk"
"SELENOT",0.531643924421759,-0.18949811677255,0.257,0.237,1,"13","BCG_treated","week44","IGRApos_BCG_44wk_vs_IGRAneg_BCG_44wk"
"ZNF444",0.532688584936282,-0.230664788944621,0.172,0.139,1,"13","BCG_treated","week44","IGRApos_BCG_44wk_vs_IGRAneg_BCG_44wk"
"TM7SF3",0.532956554622545,0.292488953959286,0.312,0.225,1,"13","BCG_treated","week44","IGRApos_BCG_44wk_vs_IGRAneg_BCG_44wk"
"DAPK3",0.533555248420596,-0.238863070846613,0.114,0.116,1,"13","BCG_treated","week44","IGRApos_BCG_44wk_vs_IGRAneg_BCG_44wk"
"DAPP1",0.53426100994852,-0.24425544651473,0.103,0.116,1,"13","BCG_treated","week44","IGRApos_BCG_44wk_vs_IGRAneg_BCG_44wk"
"PFDN5",0.534344587215828,-0.392303264590348,0.14,0.145,1,"13","BCG_treated","week44","IGRApos_BCG_44wk_vs_IGRAneg_BCG_44wk"
"SMYD3",0.534349709898191,-0.120078098012876,0.87,0.861,1,"13","BCG_treated","week44","IGRApos_BCG_44wk_vs_IGRAneg_BCG_44wk"
"ZDBF2",0.534565546359111,0.228235979717068,0.249,0.173,1,"13","BCG_treated","week44","IGRApos_BCG_44wk_vs_IGRAneg_BCG_44wk"
"BMI1",0.534943124177966,0.466898688902934,0.196,0.121,1,"13","BCG_treated","week44","IGRApos_BCG_44wk_vs_IGRAneg_BCG_44wk"
"PKD1P6",0.535295884715494,0.24580467221109,0.122,0.075,1,"13","BCG_treated","week44","IGRApos_BCG_44wk_vs_IGRAneg_BCG_44wk"
"SZT2",0.535310768743626,0.267953750779155,0.505,0.382,1,"13","BCG_treated","week44","IGRApos_BCG_44wk_vs_IGRAneg_BCG_44wk"
"ANKRA2",0.535353856579831,0.420251988363203,0.22,0.145,1,"13","BCG_treated","week44","IGRApos_BCG_44wk_vs_IGRAneg_BCG_44wk"
"SLC25A53",0.535562919403296,0.400263944105597,0.278,0.191,1,"13","BCG_treated","week44","IGRApos_BCG_44wk_vs_IGRAneg_BCG_44wk"
"ZNF429",0.53612555218409,0.380360162629175,0.225,0.156,1,"13","BCG_treated","week44","IGRApos_BCG_44wk_vs_IGRAneg_BCG_44wk"
"ALG1",0.536161485701256,0.275057030416032,0.206,0.139,1,"13","BCG_treated","week44","IGRApos_BCG_44wk_vs_IGRAneg_BCG_44wk"
"RPAP1",0.536421756758747,-0.195177942876595,0.111,0.081,1,"13","BCG_treated","week44","IGRApos_BCG_44wk_vs_IGRAneg_BCG_44wk"
"MANBA",0.537076426502189,0.296500299177408,0.373,0.272,1,"13","BCG_treated","week44","IGRApos_BCG_44wk_vs_IGRAneg_BCG_44wk"
"NDST2",0.537207632990617,0.469906044413737,0.151,0.081,1,"13","BCG_treated","week44","IGRApos_BCG_44wk_vs_IGRAneg_BCG_44wk"
"MLEC",0.537322811206255,-0.118579525579152,0.394,0.335,1,"13","BCG_treated","week44","IGRApos_BCG_44wk_vs_IGRAneg_BCG_44wk"
"ATP8B4",0.537364164796764,0.105521787183061,0.881,0.786,1,"13","BCG_treated","week44","IGRApos_BCG_44wk_vs_IGRAneg_BCG_44wk"
"SLC7A6",0.537465002823679,0.387667260321989,0.622,0.486,1,"13","BCG_treated","week44","IGRApos_BCG_44wk_vs_IGRAneg_BCG_44wk"
"UNK",0.53818191164311,0.375424986177049,0.455,0.335,1,"13","BCG_treated","week44","IGRApos_BCG_44wk_vs_IGRAneg_BCG_44wk"
"EIF4G3",0.538287326937362,-0.125655240967548,0.799,0.786,1,"13","BCG_treated","week44","IGRApos_BCG_44wk_vs_IGRAneg_BCG_44wk"
"STX1A",0.53848451270434,-0.436297089400215,0.135,0.139,1,"13","BCG_treated","week44","IGRApos_BCG_44wk_vs_IGRAneg_BCG_44wk"
"ATP11C",0.538582825405347,0.211457021838588,0.643,0.561,1,"13","BCG_treated","week44","IGRApos_BCG_44wk_vs_IGRAneg_BCG_44wk"
"SLC49A4",0.538768860683044,0.430091551059793,0.185,0.156,1,"13","BCG_treated","week44","IGRApos_BCG_44wk_vs_IGRAneg_BCG_44wk"
"WIPF2",0.53889332282435,-0.297599019164705,0.466,0.445,1,"13","BCG_treated","week44","IGRApos_BCG_44wk_vs_IGRAneg_BCG_44wk"
"RETREG1",0.539037411460324,-0.307036439856526,0.122,0.127,1,"13","BCG_treated","week44","IGRApos_BCG_44wk_vs_IGRAneg_BCG_44wk"
"MANF",0.539408057821816,-0.194579568248948,0.18,0.162,1,"13","BCG_treated","week44","IGRApos_BCG_44wk_vs_IGRAneg_BCG_44wk"
"FTSJ3",0.539603825051476,-0.165030660265649,0.235,0.191,1,"13","BCG_treated","week44","IGRApos_BCG_44wk_vs_IGRAneg_BCG_44wk"
"ZNF12",0.539751805244311,0.457182911917045,0.275,0.191,1,"13","BCG_treated","week44","IGRApos_BCG_44wk_vs_IGRAneg_BCG_44wk"
"MCTS1",0.540092765184353,0.108963377292566,0.119,0.075,1,"13","BCG_treated","week44","IGRApos_BCG_44wk_vs_IGRAneg_BCG_44wk"
"SUPT6H",0.540912635713955,0.228832514741308,0.664,0.509,1,"13","BCG_treated","week44","IGRApos_BCG_44wk_vs_IGRAneg_BCG_44wk"
"RMND1",0.541200547148671,0.612346567476049,0.201,0.127,1,"13","BCG_treated","week44","IGRApos_BCG_44wk_vs_IGRAneg_BCG_44wk"
"PYROXD1",0.541257899333887,-0.121201476559256,0.272,0.237,1,"13","BCG_treated","week44","IGRApos_BCG_44wk_vs_IGRAneg_BCG_44wk"
"CIC",0.541486673853497,0.285100635844393,0.294,0.231,1,"13","BCG_treated","week44","IGRApos_BCG_44wk_vs_IGRAneg_BCG_44wk"
"DERL2",0.54155030896895,-0.287823516268793,0.167,0.133,1,"13","BCG_treated","week44","IGRApos_BCG_44wk_vs_IGRAneg_BCG_44wk"
"PSME3",0.541658133666642,0.345810039119931,0.257,0.168,1,"13","BCG_treated","week44","IGRApos_BCG_44wk_vs_IGRAneg_BCG_44wk"
"DFFA",0.541688297532987,0.600555907830268,0.206,0.15,1,"13","BCG_treated","week44","IGRApos_BCG_44wk_vs_IGRAneg_BCG_44wk"
"MACROD1",0.541691769583274,-0.341669434315343,0.138,0.127,1,"13","BCG_treated","week44","IGRApos_BCG_44wk_vs_IGRAneg_BCG_44wk"
"DDX59",0.542037561707781,-0.230821099409068,0.257,0.254,1,"13","BCG_treated","week44","IGRApos_BCG_44wk_vs_IGRAneg_BCG_44wk"
"LINC00938",0.542203807014227,0.221446401241745,0.167,0.11,1,"13","BCG_treated","week44","IGRApos_BCG_44wk_vs_IGRAneg_BCG_44wk"
"LYRM1",0.542213010677314,-0.37258817279486,0.135,0.139,1,"13","BCG_treated","week44","IGRApos_BCG_44wk_vs_IGRAneg_BCG_44wk"
"AKAP5",0.542515314779145,0.17655041733518,0.13,0.121,1,"13","BCG_treated","week44","IGRApos_BCG_44wk_vs_IGRAneg_BCG_44wk"
"NRSN2-AS1",0.54320106819774,-0.253542504369561,0.101,0.11,1,"13","BCG_treated","week44","IGRApos_BCG_44wk_vs_IGRAneg_BCG_44wk"
"ENDOV",0.543213195721413,-0.352272790966265,0.116,0.104,1,"13","BCG_treated","week44","IGRApos_BCG_44wk_vs_IGRAneg_BCG_44wk"
"ACTR10",0.543218208614581,-0.368317927988033,0.22,0.208,1,"13","BCG_treated","week44","IGRApos_BCG_44wk_vs_IGRAneg_BCG_44wk"
"CASP3",0.543657061141898,-0.168597249445444,0.32,0.289,1,"13","BCG_treated","week44","IGRApos_BCG_44wk_vs_IGRAneg_BCG_44wk"
"TBC1D15",0.543942923698684,0.244648850860347,0.516,0.376,1,"13","BCG_treated","week44","IGRApos_BCG_44wk_vs_IGRAneg_BCG_44wk"
"SAP18",0.544427705580174,-0.430494606511159,0.127,0.127,1,"13","BCG_treated","week44","IGRApos_BCG_44wk_vs_IGRAneg_BCG_44wk"
"CCT6P3.1",0.54451456105514,0.239696481136141,0.135,0.081,1,"13","BCG_treated","week44","IGRApos_BCG_44wk_vs_IGRAneg_BCG_44wk"
"CHURC1",0.54470351073328,0.129951126013979,0.31,0.26,1,"13","BCG_treated","week44","IGRApos_BCG_44wk_vs_IGRAneg_BCG_44wk"
"GAS7",0.544874455441612,-0.279687195417288,0.614,0.653,1,"13","BCG_treated","week44","IGRApos_BCG_44wk_vs_IGRAneg_BCG_44wk"
"ZMYND11",0.545037654729213,-0.117666193092406,0.651,0.578,1,"13","BCG_treated","week44","IGRApos_BCG_44wk_vs_IGRAneg_BCG_44wk"
"FKBP3",0.545495588436158,0.340588662231448,0.249,0.162,1,"13","BCG_treated","week44","IGRApos_BCG_44wk_vs_IGRAneg_BCG_44wk"
"BCL2L1-AS1",0.545583210850454,-0.267347996934069,0.143,0.121,1,"13","BCG_treated","week44","IGRApos_BCG_44wk_vs_IGRAneg_BCG_44wk"
"AP3M1",0.545929021118867,-0.210874991852473,0.296,0.243,1,"13","BCG_treated","week44","IGRApos_BCG_44wk_vs_IGRAneg_BCG_44wk"
"RRM2B",0.545938847492026,-0.140291496677948,0.22,0.208,1,"13","BCG_treated","week44","IGRApos_BCG_44wk_vs_IGRAneg_BCG_44wk"
"MAP2K3",0.545943314924518,-0.163846620144074,0.389,0.341,1,"13","BCG_treated","week44","IGRApos_BCG_44wk_vs_IGRAneg_BCG_44wk"
"AIFM1",0.54630615861763,-0.225511674861443,0.148,0.121,1,"13","BCG_treated","week44","IGRApos_BCG_44wk_vs_IGRAneg_BCG_44wk"
"NIPA1",0.546477086315893,-0.310439283541115,0.167,0.168,1,"13","BCG_treated","week44","IGRApos_BCG_44wk_vs_IGRAneg_BCG_44wk"
"PDCD10",0.546502749543927,-0.163875839135146,0.421,0.405,1,"13","BCG_treated","week44","IGRApos_BCG_44wk_vs_IGRAneg_BCG_44wk"
"CRYZL1",0.546606280427054,-0.246666443259755,0.28,0.249,1,"13","BCG_treated","week44","IGRApos_BCG_44wk_vs_IGRAneg_BCG_44wk"
"RBM38",0.547011931131084,-0.153284093799348,0.119,0.087,1,"13","BCG_treated","week44","IGRApos_BCG_44wk_vs_IGRAneg_BCG_44wk"
"TSTD2",0.547113143836867,0.133436362816249,0.283,0.197,1,"13","BCG_treated","week44","IGRApos_BCG_44wk_vs_IGRAneg_BCG_44wk"
"PROSER3",0.547177405228217,-0.395068228362003,0.111,0.104,1,"13","BCG_treated","week44","IGRApos_BCG_44wk_vs_IGRAneg_BCG_44wk"
"SMAD1",0.547389838803346,1.07533897877865,0.101,0.046,1,"13","BCG_treated","week44","IGRApos_BCG_44wk_vs_IGRAneg_BCG_44wk"
"CD2BP2",0.54745024467183,-0.124708585059372,0.159,0.11,1,"13","BCG_treated","week44","IGRApos_BCG_44wk_vs_IGRAneg_BCG_44wk"
"NOMO1",0.54745220129324,0.122812007196524,0.278,0.197,1,"13","BCG_treated","week44","IGRApos_BCG_44wk_vs_IGRAneg_BCG_44wk"
"PSMF1",0.547646473093739,0.223049628065971,0.511,0.387,1,"13","BCG_treated","week44","IGRApos_BCG_44wk_vs_IGRAneg_BCG_44wk"
"ANKRD40",0.54790834843802,0.450763306875687,0.198,0.127,1,"13","BCG_treated","week44","IGRApos_BCG_44wk_vs_IGRAneg_BCG_44wk"
"PRPS2",0.548230175204815,-0.114987840837716,0.138,0.11,1,"13","BCG_treated","week44","IGRApos_BCG_44wk_vs_IGRAneg_BCG_44wk"
"ABTB3",0.548352294780141,0.787357663169751,0.278,0.197,1,"13","BCG_treated","week44","IGRApos_BCG_44wk_vs_IGRAneg_BCG_44wk"
"GNPAT",0.548411958879238,-0.11485208780995,0.373,0.312,1,"13","BCG_treated","week44","IGRApos_BCG_44wk_vs_IGRAneg_BCG_44wk"
"GSTK1",0.548782315732801,0.328323899297588,0.262,0.185,1,"13","BCG_treated","week44","IGRApos_BCG_44wk_vs_IGRAneg_BCG_44wk"
"NDUFV2",0.549219707351409,0.217306147999046,0.471,0.347,1,"13","BCG_treated","week44","IGRApos_BCG_44wk_vs_IGRAneg_BCG_44wk"
"VPS9D1",0.549579658438772,-0.459319901131533,0.103,0.087,1,"13","BCG_treated","week44","IGRApos_BCG_44wk_vs_IGRAneg_BCG_44wk"
"LINC02580",0.549679201391531,-0.442768630819675,0.151,0.121,1,"13","BCG_treated","week44","IGRApos_BCG_44wk_vs_IGRAneg_BCG_44wk"
"SNAP23",0.55007353839946,0.126340297583194,0.32,0.283,1,"13","BCG_treated","week44","IGRApos_BCG_44wk_vs_IGRAneg_BCG_44wk"
"ARL17A",0.550076368807122,0.781888273140325,0.135,0.075,1,"13","BCG_treated","week44","IGRApos_BCG_44wk_vs_IGRAneg_BCG_44wk"
"PPP6R1",0.550871106813523,-0.185322846755841,0.426,0.382,1,"13","BCG_treated","week44","IGRApos_BCG_44wk_vs_IGRAneg_BCG_44wk"
"SPPL2B",0.551052035075182,0.149018101812697,0.175,0.127,1,"13","BCG_treated","week44","IGRApos_BCG_44wk_vs_IGRAneg_BCG_44wk"
"RPS6KA5",0.551145109686983,-0.14153562639651,0.479,0.439,1,"13","BCG_treated","week44","IGRApos_BCG_44wk_vs_IGRAneg_BCG_44wk"
"TNIP2",0.551407246008779,-0.314350390366777,0.257,0.237,1,"13","BCG_treated","week44","IGRApos_BCG_44wk_vs_IGRAneg_BCG_44wk"
"TMEM94",0.5514137155066,0.15953890860983,0.254,0.179,1,"13","BCG_treated","week44","IGRApos_BCG_44wk_vs_IGRAneg_BCG_44wk"
"CCT7",0.552338274623458,-0.107526044166511,0.257,0.202,1,"13","BCG_treated","week44","IGRApos_BCG_44wk_vs_IGRAneg_BCG_44wk"
"NEMP1",0.552443364012272,-0.24914680137062,0.132,0.121,1,"13","BCG_treated","week44","IGRApos_BCG_44wk_vs_IGRAneg_BCG_44wk"
"HAVCR1",0.552478532280869,0.164862253161482,0.325,0.266,1,"13","BCG_treated","week44","IGRApos_BCG_44wk_vs_IGRAneg_BCG_44wk"
"PSMB6",0.552654146619181,-0.317101066693682,0.101,0.098,1,"13","BCG_treated","week44","IGRApos_BCG_44wk_vs_IGRAneg_BCG_44wk"
"PDGFD",0.553016619491325,-0.484548419790705,0.228,0.249,1,"13","BCG_treated","week44","IGRApos_BCG_44wk_vs_IGRAneg_BCG_44wk"
"ENSG00000250764",0.553071287941219,-0.276879168918468,0.098,0.11,1,"13","BCG_treated","week44","IGRApos_BCG_44wk_vs_IGRAneg_BCG_44wk"
"SPON1-AS1",0.553116651456445,-0.376642186967824,0.246,0.237,1,"13","BCG_treated","week44","IGRApos_BCG_44wk_vs_IGRAneg_BCG_44wk"
"PXN",0.553294548816279,0.160425396160274,0.344,0.272,1,"13","BCG_treated","week44","IGRApos_BCG_44wk_vs_IGRAneg_BCG_44wk"
"UBE2F-SCLY",0.554004176429444,0.370790552536641,0.209,0.127,1,"13","BCG_treated","week44","IGRApos_BCG_44wk_vs_IGRAneg_BCG_44wk"
"RBAK-RBAKDN",0.555016103470007,-0.19113888259758,0.349,0.324,1,"13","BCG_treated","week44","IGRApos_BCG_44wk_vs_IGRAneg_BCG_44wk"
"IL17RA",0.55512864920288,0.515110903256768,0.251,0.162,1,"13","BCG_treated","week44","IGRApos_BCG_44wk_vs_IGRAneg_BCG_44wk"
"TTC19",0.555252491839315,-0.241312689523277,0.376,0.364,1,"13","BCG_treated","week44","IGRApos_BCG_44wk_vs_IGRAneg_BCG_44wk"
"TRAPPC10",0.555486900216449,0.127562574527183,0.878,0.78,1,"13","BCG_treated","week44","IGRApos_BCG_44wk_vs_IGRAneg_BCG_44wk"
"PRCC",0.555515478895184,-0.116895727426922,0.302,0.283,1,"13","BCG_treated","week44","IGRApos_BCG_44wk_vs_IGRAneg_BCG_44wk"
"AASDHPPT",0.555803066741603,0.175102716924048,0.238,0.162,1,"13","BCG_treated","week44","IGRApos_BCG_44wk_vs_IGRAneg_BCG_44wk"
"ST7",0.555898201451856,0.319527303121085,0.362,0.254,1,"13","BCG_treated","week44","IGRApos_BCG_44wk_vs_IGRAneg_BCG_44wk"
"LAT",0.556224023859321,0.328847234652875,0.119,0.075,1,"13","BCG_treated","week44","IGRApos_BCG_44wk_vs_IGRAneg_BCG_44wk"
"UBA7",0.556465082955071,0.569386295274552,0.233,0.156,1,"13","BCG_treated","week44","IGRApos_BCG_44wk_vs_IGRAneg_BCG_44wk"
"GRAMD4",0.556819587534095,0.289094776026074,0.357,0.283,1,"13","BCG_treated","week44","IGRApos_BCG_44wk_vs_IGRAneg_BCG_44wk"
"ALKBH3",0.556922230776718,0.331892125037887,0.243,0.156,1,"13","BCG_treated","week44","IGRApos_BCG_44wk_vs_IGRAneg_BCG_44wk"
"BIVM",0.557848800578661,0.541733277424088,0.127,0.092,1,"13","BCG_treated","week44","IGRApos_BCG_44wk_vs_IGRAneg_BCG_44wk"
"ARHGAP9",0.557923335747975,0.280610704273571,0.582,0.451,1,"13","BCG_treated","week44","IGRApos_BCG_44wk_vs_IGRAneg_BCG_44wk"
"INTS15",0.558885557417926,0.280040763970401,0.108,0.075,1,"13","BCG_treated","week44","IGRApos_BCG_44wk_vs_IGRAneg_BCG_44wk"
"SGK3",0.559053362457951,0.19238385866298,0.238,0.173,1,"13","BCG_treated","week44","IGRApos_BCG_44wk_vs_IGRAneg_BCG_44wk"
"INCENP",0.559408814272,-0.212390230006043,0.159,0.15,1,"13","BCG_treated","week44","IGRApos_BCG_44wk_vs_IGRAneg_BCG_44wk"
"KANSL1L",0.559659333058485,-0.122233811726255,0.291,0.237,1,"13","BCG_treated","week44","IGRApos_BCG_44wk_vs_IGRAneg_BCG_44wk"
"RASSF1",0.559959612681157,0.292150333731826,0.241,0.202,1,"13","BCG_treated","week44","IGRApos_BCG_44wk_vs_IGRAneg_BCG_44wk"
"RRAGB",0.56055448941491,-0.640966036866642,0.138,0.133,1,"13","BCG_treated","week44","IGRApos_BCG_44wk_vs_IGRAneg_BCG_44wk"
"SERINC5",0.560657985406847,-0.277249723253549,0.201,0.185,1,"13","BCG_treated","week44","IGRApos_BCG_44wk_vs_IGRAneg_BCG_44wk"
"PRKX",0.560732444634516,-0.223358774286196,0.881,0.792,1,"13","BCG_treated","week44","IGRApos_BCG_44wk_vs_IGRAneg_BCG_44wk"
"HLA-DPB1",0.560905055653779,-0.107557530186432,0.18,0.133,1,"13","BCG_treated","week44","IGRApos_BCG_44wk_vs_IGRAneg_BCG_44wk"
"SLC25A5",0.560918465160735,-0.348955643741355,0.143,0.127,1,"13","BCG_treated","week44","IGRApos_BCG_44wk_vs_IGRAneg_BCG_44wk"
"MAP2K5",0.561027532138993,0.356501320811984,0.579,0.457,1,"13","BCG_treated","week44","IGRApos_BCG_44wk_vs_IGRAneg_BCG_44wk"
"STXBP2",0.561141719956592,-0.161219311475675,0.235,0.202,1,"13","BCG_treated","week44","IGRApos_BCG_44wk_vs_IGRAneg_BCG_44wk"
"TRIT1",0.56124202381875,0.486522692863698,0.283,0.179,1,"13","BCG_treated","week44","IGRApos_BCG_44wk_vs_IGRAneg_BCG_44wk"
"IARS2",0.561349089954098,-0.195420287799366,0.283,0.254,1,"13","BCG_treated","week44","IGRApos_BCG_44wk_vs_IGRAneg_BCG_44wk"
"ITGAM",0.561520656233428,-0.347000494308625,0.188,0.197,1,"13","BCG_treated","week44","IGRApos_BCG_44wk_vs_IGRAneg_BCG_44wk"
"PABIR2",0.56157557055763,-0.167804873172632,0.246,0.202,1,"13","BCG_treated","week44","IGRApos_BCG_44wk_vs_IGRAneg_BCG_44wk"
"RBFOX2",0.561663198289523,-0.380745520786049,0.291,0.289,1,"13","BCG_treated","week44","IGRApos_BCG_44wk_vs_IGRAneg_BCG_44wk"
"DHX16",0.561843396502889,0.378837710820404,0.312,0.22,1,"13","BCG_treated","week44","IGRApos_BCG_44wk_vs_IGRAneg_BCG_44wk"
"IL32",0.561854726002424,-0.214982442957924,0.434,0.382,1,"13","BCG_treated","week44","IGRApos_BCG_44wk_vs_IGRAneg_BCG_44wk"
"METTL13",0.561916021893696,0.251053387132744,0.127,0.087,1,"13","BCG_treated","week44","IGRApos_BCG_44wk_vs_IGRAneg_BCG_44wk"
"ENSG00000283321",0.562018038166278,-0.342595158145623,0.146,0.15,1,"13","BCG_treated","week44","IGRApos_BCG_44wk_vs_IGRAneg_BCG_44wk"
"KRIT1",0.562260299521342,0.152632303643382,0.497,0.428,1,"13","BCG_treated","week44","IGRApos_BCG_44wk_vs_IGRAneg_BCG_44wk"
"RPS27L",0.562272018475845,-0.343612084934801,0.138,0.127,1,"13","BCG_treated","week44","IGRApos_BCG_44wk_vs_IGRAneg_BCG_44wk"
"SPATA5L1",0.562634940096007,-0.295877007850068,0.114,0.104,1,"13","BCG_treated","week44","IGRApos_BCG_44wk_vs_IGRAneg_BCG_44wk"
"CENPJ",0.5635053105898,0.258124051284064,0.193,0.168,1,"13","BCG_treated","week44","IGRApos_BCG_44wk_vs_IGRAneg_BCG_44wk"
"UVSSA",0.564168848783482,-0.290678808891908,0.212,0.208,1,"13","BCG_treated","week44","IGRApos_BCG_44wk_vs_IGRAneg_BCG_44wk"
"TRAF3IP2",0.564541644140356,0.14970577320181,0.13,0.081,1,"13","BCG_treated","week44","IGRApos_BCG_44wk_vs_IGRAneg_BCG_44wk"
"ATP6AP2",0.565010075363083,-0.387880490754357,0.18,0.156,1,"13","BCG_treated","week44","IGRApos_BCG_44wk_vs_IGRAneg_BCG_44wk"
"AIMP1",0.565194738010552,-0.283852629360981,0.257,0.22,1,"13","BCG_treated","week44","IGRApos_BCG_44wk_vs_IGRAneg_BCG_44wk"
"C12orf29",0.565330417340439,-0.343947183165837,0.103,0.11,1,"13","BCG_treated","week44","IGRApos_BCG_44wk_vs_IGRAneg_BCG_44wk"
"SETDB1",0.565424008374353,-0.189485715075078,0.378,0.329,1,"13","BCG_treated","week44","IGRApos_BCG_44wk_vs_IGRAneg_BCG_44wk"
"SDHAF2",0.565479817400961,-0.124040187612222,0.222,0.168,1,"13","BCG_treated","week44","IGRApos_BCG_44wk_vs_IGRAneg_BCG_44wk"
"WIPI1",0.565557560276557,-0.193887563273264,0.13,0.11,1,"13","BCG_treated","week44","IGRApos_BCG_44wk_vs_IGRAneg_BCG_44wk"
"SAAL1",0.565620085631828,0.68361180460527,0.119,0.064,1,"13","BCG_treated","week44","IGRApos_BCG_44wk_vs_IGRAneg_BCG_44wk"
"ZNF347",0.566293639411906,-0.283275829364891,0.153,0.156,1,"13","BCG_treated","week44","IGRApos_BCG_44wk_vs_IGRAneg_BCG_44wk"
"ARHGAP4",0.566378047246359,-0.196096654861395,0.458,0.382,1,"13","BCG_treated","week44","IGRApos_BCG_44wk_vs_IGRAneg_BCG_44wk"
"SNX17",0.566384754940673,-0.19777905806171,0.161,0.133,1,"13","BCG_treated","week44","IGRApos_BCG_44wk_vs_IGRAneg_BCG_44wk"
"VWA8",0.567211873059967,-0.37985515670272,0.497,0.491,1,"13","BCG_treated","week44","IGRApos_BCG_44wk_vs_IGRAneg_BCG_44wk"
"PSMD9",0.567381402614845,-0.23546304146323,0.124,0.127,1,"13","BCG_treated","week44","IGRApos_BCG_44wk_vs_IGRAneg_BCG_44wk"
"SELENOW",0.567485313323838,-0.333325231188402,0.116,0.092,1,"13","BCG_treated","week44","IGRApos_BCG_44wk_vs_IGRAneg_BCG_44wk"
"CUL2",0.567734001130154,-0.275534621403674,0.413,0.416,1,"13","BCG_treated","week44","IGRApos_BCG_44wk_vs_IGRAneg_BCG_44wk"
"GFM1",0.568078944099052,-0.211608541063924,0.315,0.277,1,"13","BCG_treated","week44","IGRApos_BCG_44wk_vs_IGRAneg_BCG_44wk"
"CARF",0.568766140150263,0.475534979109399,0.225,0.145,1,"13","BCG_treated","week44","IGRApos_BCG_44wk_vs_IGRAneg_BCG_44wk"
"CYTIP",0.568801915005144,-0.130457901904629,0.828,0.717,1,"13","BCG_treated","week44","IGRApos_BCG_44wk_vs_IGRAneg_BCG_44wk"
"C16orf87",0.569277642521865,-0.578529793330425,0.114,0.127,1,"13","BCG_treated","week44","IGRApos_BCG_44wk_vs_IGRAneg_BCG_44wk"
"GYPC",0.569338579170501,0.471635708779562,0.294,0.22,1,"13","BCG_treated","week44","IGRApos_BCG_44wk_vs_IGRAneg_BCG_44wk"
"SNRPA",0.570200029432647,0.25250729149264,0.19,0.139,1,"13","BCG_treated","week44","IGRApos_BCG_44wk_vs_IGRAneg_BCG_44wk"
"MIPEP",0.571235118070269,-0.484491708240519,0.124,0.121,1,"13","BCG_treated","week44","IGRApos_BCG_44wk_vs_IGRAneg_BCG_44wk"
"ZNF8",0.571389831092353,-0.206844011396762,0.14,0.127,1,"13","BCG_treated","week44","IGRApos_BCG_44wk_vs_IGRAneg_BCG_44wk"
"BCL10",0.571630996193453,-0.308542381099626,0.103,0.104,1,"13","BCG_treated","week44","IGRApos_BCG_44wk_vs_IGRAneg_BCG_44wk"
"CASP8AP2",0.571816811710627,-0.17249050558171,0.323,0.295,1,"13","BCG_treated","week44","IGRApos_BCG_44wk_vs_IGRAneg_BCG_44wk"
"ZNF395",0.57211480447491,-0.231506790626694,0.36,0.341,1,"13","BCG_treated","week44","IGRApos_BCG_44wk_vs_IGRAneg_BCG_44wk"
"AIP",0.572544276525225,-0.486328503151977,0.101,0.098,1,"13","BCG_treated","week44","IGRApos_BCG_44wk_vs_IGRAneg_BCG_44wk"
"ENSG00000291143",0.572952026905379,-0.125667305691951,0.437,0.405,1,"13","BCG_treated","week44","IGRApos_BCG_44wk_vs_IGRAneg_BCG_44wk"
"PHAX",0.573398983305507,-0.539914911835929,0.193,0.179,1,"13","BCG_treated","week44","IGRApos_BCG_44wk_vs_IGRAneg_BCG_44wk"
"CEP78",0.573425361170389,0.172925868183835,0.389,0.312,1,"13","BCG_treated","week44","IGRApos_BCG_44wk_vs_IGRAneg_BCG_44wk"
"SARM1",0.573751754012854,0.13544032697847,0.196,0.139,1,"13","BCG_treated","week44","IGRApos_BCG_44wk_vs_IGRAneg_BCG_44wk"
"NSMCE2",0.573864431861705,-0.118618182336599,0.728,0.665,1,"13","BCG_treated","week44","IGRApos_BCG_44wk_vs_IGRAneg_BCG_44wk"
"AP3S2",0.574138524619272,-0.128498285035205,0.267,0.231,1,"13","BCG_treated","week44","IGRApos_BCG_44wk_vs_IGRAneg_BCG_44wk"
"HIBADH",0.574308247863843,-0.257439299462815,0.336,0.341,1,"13","BCG_treated","week44","IGRApos_BCG_44wk_vs_IGRAneg_BCG_44wk"
"FCHO2",0.574474663737517,0.105482555518549,0.22,0.168,1,"13","BCG_treated","week44","IGRApos_BCG_44wk_vs_IGRAneg_BCG_44wk"
"ZNF701",0.574979889259437,-0.119768297282018,0.291,0.231,1,"13","BCG_treated","week44","IGRApos_BCG_44wk_vs_IGRAneg_BCG_44wk"
"TP53INP1",0.575071290962284,0.611738390184488,0.135,0.075,1,"13","BCG_treated","week44","IGRApos_BCG_44wk_vs_IGRAneg_BCG_44wk"
"CCNJ",0.575134141397706,0.356750668863687,0.101,0.058,1,"13","BCG_treated","week44","IGRApos_BCG_44wk_vs_IGRAneg_BCG_44wk"
"YBX3",0.575764423222066,0.255700111939984,0.108,0.075,1,"13","BCG_treated","week44","IGRApos_BCG_44wk_vs_IGRAneg_BCG_44wk"
"NEU3",0.575987328455178,0.55816935202401,0.143,0.075,1,"13","BCG_treated","week44","IGRApos_BCG_44wk_vs_IGRAneg_BCG_44wk"
"TTBK2",0.576199912726752,0.217746143229468,0.484,0.376,1,"13","BCG_treated","week44","IGRApos_BCG_44wk_vs_IGRAneg_BCG_44wk"
"DEGS1",0.57658449249873,-0.157441554041965,0.161,0.133,1,"13","BCG_treated","week44","IGRApos_BCG_44wk_vs_IGRAneg_BCG_44wk"
"RNF4",0.576743850700072,0.196589480577394,0.426,0.324,1,"13","BCG_treated","week44","IGRApos_BCG_44wk_vs_IGRAneg_BCG_44wk"
"UNC45A",0.576920014434302,-0.212568378155444,0.183,0.162,1,"13","BCG_treated","week44","IGRApos_BCG_44wk_vs_IGRAneg_BCG_44wk"
"TAF4B",0.577053944369236,0.382157132579769,0.331,0.243,1,"13","BCG_treated","week44","IGRApos_BCG_44wk_vs_IGRAneg_BCG_44wk"
"ENSG00000230021",0.577336278633852,-0.27592273602109,0.212,0.185,1,"13","BCG_treated","week44","IGRApos_BCG_44wk_vs_IGRAneg_BCG_44wk"
"TXK",0.577690392114968,-0.274254264775338,0.603,0.595,1,"13","BCG_treated","week44","IGRApos_BCG_44wk_vs_IGRAneg_BCG_44wk"
"RAB11B",0.578241298619448,0.537325841531624,0.19,0.133,1,"13","BCG_treated","week44","IGRApos_BCG_44wk_vs_IGRAneg_BCG_44wk"
"RPL10",0.578291930295547,-0.12942699340265,0.169,0.133,1,"13","BCG_treated","week44","IGRApos_BCG_44wk_vs_IGRAneg_BCG_44wk"
"CUTC",0.578378444225133,-0.16632318134272,0.23,0.197,1,"13","BCG_treated","week44","IGRApos_BCG_44wk_vs_IGRAneg_BCG_44wk"
"ENSG00000259972",0.578515351453414,-0.103065954042409,0.294,0.277,1,"13","BCG_treated","week44","IGRApos_BCG_44wk_vs_IGRAneg_BCG_44wk"
"MED10",0.578627712396503,-0.627085310109527,0.114,0.11,1,"13","BCG_treated","week44","IGRApos_BCG_44wk_vs_IGRAneg_BCG_44wk"
"RABEPK",0.578755991877883,-0.243865472913536,0.116,0.092,1,"13","BCG_treated","week44","IGRApos_BCG_44wk_vs_IGRAneg_BCG_44wk"
"ZNF746",0.578761175158497,-0.3210274902823,0.177,0.173,1,"13","BCG_treated","week44","IGRApos_BCG_44wk_vs_IGRAneg_BCG_44wk"
"ASAH1",0.578772054363003,0.420987646930638,0.206,0.133,1,"13","BCG_treated","week44","IGRApos_BCG_44wk_vs_IGRAneg_BCG_44wk"
"CDKL3",0.578986858757749,-0.277082272385909,0.111,0.087,1,"13","BCG_treated","week44","IGRApos_BCG_44wk_vs_IGRAneg_BCG_44wk"
"PTGES2",0.579418310254128,-0.491548193264845,0.135,0.116,1,"13","BCG_treated","week44","IGRApos_BCG_44wk_vs_IGRAneg_BCG_44wk"
"CHMP7",0.579650042348604,0.448508681284354,0.14,0.087,1,"13","BCG_treated","week44","IGRApos_BCG_44wk_vs_IGRAneg_BCG_44wk"
"INPP1",0.579702148156236,-0.234248167700169,0.151,0.145,1,"13","BCG_treated","week44","IGRApos_BCG_44wk_vs_IGRAneg_BCG_44wk"
"BLTP3A",0.579807746109784,-0.140889169561281,0.27,0.249,1,"13","BCG_treated","week44","IGRApos_BCG_44wk_vs_IGRAneg_BCG_44wk"
"SLC25A28",0.58029973137059,-0.274750826712616,0.14,0.11,1,"13","BCG_treated","week44","IGRApos_BCG_44wk_vs_IGRAneg_BCG_44wk"
"CCDC159",0.58058266788966,0.227346283498545,0.138,0.092,1,"13","BCG_treated","week44","IGRApos_BCG_44wk_vs_IGRAneg_BCG_44wk"
"PAIP2",0.580795124723351,-0.229096663370374,0.429,0.376,1,"13","BCG_treated","week44","IGRApos_BCG_44wk_vs_IGRAneg_BCG_44wk"
"METTL6",0.580997917021713,0.193776035736842,0.161,0.145,1,"13","BCG_treated","week44","IGRApos_BCG_44wk_vs_IGRAneg_BCG_44wk"
"UBFD1",0.581472420297205,-0.113283034450003,0.156,0.116,1,"13","BCG_treated","week44","IGRApos_BCG_44wk_vs_IGRAneg_BCG_44wk"
"BABAM1",0.58154394858674,-0.110127426892747,0.185,0.173,1,"13","BCG_treated","week44","IGRApos_BCG_44wk_vs_IGRAneg_BCG_44wk"
"ZSCAN25",0.581609199159849,0.219067629593131,0.151,0.104,1,"13","BCG_treated","week44","IGRApos_BCG_44wk_vs_IGRAneg_BCG_44wk"
"CCZ1",0.582103277625553,0.254118133171635,0.172,0.15,1,"13","BCG_treated","week44","IGRApos_BCG_44wk_vs_IGRAneg_BCG_44wk"
"TEX22",0.582158057512566,0.38877477873417,0.124,0.081,1,"13","BCG_treated","week44","IGRApos_BCG_44wk_vs_IGRAneg_BCG_44wk"
"SLFN12",0.582437521630668,0.424482786457084,0.204,0.139,1,"13","BCG_treated","week44","IGRApos_BCG_44wk_vs_IGRAneg_BCG_44wk"
"GPD2",0.582729601334856,0.241167089239843,0.392,0.318,1,"13","BCG_treated","week44","IGRApos_BCG_44wk_vs_IGRAneg_BCG_44wk"
"NBPF1",0.583014483739068,-0.19247203292172,0.116,0.098,1,"13","BCG_treated","week44","IGRApos_BCG_44wk_vs_IGRAneg_BCG_44wk"
"GMPS",0.583061265752813,0.114693955690495,0.41,0.324,1,"13","BCG_treated","week44","IGRApos_BCG_44wk_vs_IGRAneg_BCG_44wk"
"TSGA10",0.583113888410238,0.244482404235976,0.201,0.185,1,"13","BCG_treated","week44","IGRApos_BCG_44wk_vs_IGRAneg_BCG_44wk"
"ARHGAP35",0.58339327632678,-0.102677989267133,0.556,0.486,1,"13","BCG_treated","week44","IGRApos_BCG_44wk_vs_IGRAneg_BCG_44wk"
"SOCS5",0.583669775798855,-0.113920720378188,0.307,0.266,1,"13","BCG_treated","week44","IGRApos_BCG_44wk_vs_IGRAneg_BCG_44wk"
"RBM23",0.583872119978632,0.412860116034075,0.373,0.237,1,"13","BCG_treated","week44","IGRApos_BCG_44wk_vs_IGRAneg_BCG_44wk"
"WDR19",0.584109338444009,-0.294782569603687,0.198,0.191,1,"13","BCG_treated","week44","IGRApos_BCG_44wk_vs_IGRAneg_BCG_44wk"
"ZBTB43",0.584594248074433,0.424400823882481,0.429,0.301,1,"13","BCG_treated","week44","IGRApos_BCG_44wk_vs_IGRAneg_BCG_44wk"
"ERAP1",0.585080310591844,0.270016938113326,0.664,0.503,1,"13","BCG_treated","week44","IGRApos_BCG_44wk_vs_IGRAneg_BCG_44wk"
"CEACAM21",0.585537690270307,0.220987385885945,0.262,0.191,1,"13","BCG_treated","week44","IGRApos_BCG_44wk_vs_IGRAneg_BCG_44wk"
"KLHL7",0.585577160481401,-0.378195401602872,0.233,0.202,1,"13","BCG_treated","week44","IGRApos_BCG_44wk_vs_IGRAneg_BCG_44wk"
"LINC01355",0.585677005205489,0.143664065156796,0.114,0.064,1,"13","BCG_treated","week44","IGRApos_BCG_44wk_vs_IGRAneg_BCG_44wk"
"ZNG1B",0.585748163040194,-0.167474133916283,0.214,0.202,1,"13","BCG_treated","week44","IGRApos_BCG_44wk_vs_IGRAneg_BCG_44wk"
"ABCD3",0.585810222243033,0.287185668356889,0.376,0.266,1,"13","BCG_treated","week44","IGRApos_BCG_44wk_vs_IGRAneg_BCG_44wk"
"ZSWIM6",0.587249578859781,0.169380748091768,0.598,0.486,1,"13","BCG_treated","week44","IGRApos_BCG_44wk_vs_IGRAneg_BCG_44wk"
"TYW1B",0.58744866237347,0.1327941000906,0.365,0.289,1,"13","BCG_treated","week44","IGRApos_BCG_44wk_vs_IGRAneg_BCG_44wk"
"MTR",0.587726238428764,0.206215238587577,0.619,0.491,1,"13","BCG_treated","week44","IGRApos_BCG_44wk_vs_IGRAneg_BCG_44wk"
"DPF3",0.587818095976619,0.216245196766952,0.265,0.243,1,"13","BCG_treated","week44","IGRApos_BCG_44wk_vs_IGRAneg_BCG_44wk"
"MBTPS2",0.587908217343173,0.449176462043337,0.146,0.098,1,"13","BCG_treated","week44","IGRApos_BCG_44wk_vs_IGRAneg_BCG_44wk"
"COPG1",0.587956024703864,0.215927225401424,0.336,0.231,1,"13","BCG_treated","week44","IGRApos_BCG_44wk_vs_IGRAneg_BCG_44wk"
"SFXN3",0.587988636619953,0.371742776052579,0.108,0.075,1,"13","BCG_treated","week44","IGRApos_BCG_44wk_vs_IGRAneg_BCG_44wk"
"FOXN2",0.58839294769659,0.127881407038504,0.503,0.405,1,"13","BCG_treated","week44","IGRApos_BCG_44wk_vs_IGRAneg_BCG_44wk"
"ANOS2P",0.588481718076798,0.641091474451718,0.119,0.087,1,"13","BCG_treated","week44","IGRApos_BCG_44wk_vs_IGRAneg_BCG_44wk"
"CUL4B",0.588573445995223,0.176168153147511,0.243,0.168,1,"13","BCG_treated","week44","IGRApos_BCG_44wk_vs_IGRAneg_BCG_44wk"
"CYB5R4",0.588679597991588,0.370290804035189,0.352,0.249,1,"13","BCG_treated","week44","IGRApos_BCG_44wk_vs_IGRAneg_BCG_44wk"
"MAGOH",0.589644149434382,0.199533784558591,0.196,0.139,1,"13","BCG_treated","week44","IGRApos_BCG_44wk_vs_IGRAneg_BCG_44wk"
"CYP2R1",0.589746715196402,-0.11065700515605,0.228,0.202,1,"13","BCG_treated","week44","IGRApos_BCG_44wk_vs_IGRAneg_BCG_44wk"
"CASD1",0.589891174396542,0.197037891599645,0.503,0.393,1,"13","BCG_treated","week44","IGRApos_BCG_44wk_vs_IGRAneg_BCG_44wk"
"RCSD1",0.589943375669776,0.113557252235656,0.77,0.642,1,"13","BCG_treated","week44","IGRApos_BCG_44wk_vs_IGRAneg_BCG_44wk"
"PIGG",0.591253803532712,0.297963495556317,0.36,0.26,1,"13","BCG_treated","week44","IGRApos_BCG_44wk_vs_IGRAneg_BCG_44wk"
"NMT1",0.591330281969292,0.175206433379101,0.537,0.416,1,"13","BCG_treated","week44","IGRApos_BCG_44wk_vs_IGRAneg_BCG_44wk"
"CS",0.591382856248048,0.279812311793237,0.307,0.197,1,"13","BCG_treated","week44","IGRApos_BCG_44wk_vs_IGRAneg_BCG_44wk"
"NFATC3",0.59149462133721,-0.146799488006658,0.828,0.786,1,"13","BCG_treated","week44","IGRApos_BCG_44wk_vs_IGRAneg_BCG_44wk"
"MAPK1",0.592348818044705,-0.102321960717271,0.844,0.757,1,"13","BCG_treated","week44","IGRApos_BCG_44wk_vs_IGRAneg_BCG_44wk"
"MARCHF3",0.592500871546308,-0.120362092481287,0.426,0.41,1,"13","BCG_treated","week44","IGRApos_BCG_44wk_vs_IGRAneg_BCG_44wk"
"MKRN1",0.593085422764223,0.435812791897515,0.32,0.231,1,"13","BCG_treated","week44","IGRApos_BCG_44wk_vs_IGRAneg_BCG_44wk"
"PHKG2",0.593828267651475,-0.710714882479481,0.095,0.104,1,"13","BCG_treated","week44","IGRApos_BCG_44wk_vs_IGRAneg_BCG_44wk"
"TMEM242",0.594280659569076,0.257205591096827,0.23,0.156,1,"13","BCG_treated","week44","IGRApos_BCG_44wk_vs_IGRAneg_BCG_44wk"
"FAM8A1",0.594580118323736,0.168943739844471,0.14,0.098,1,"13","BCG_treated","week44","IGRApos_BCG_44wk_vs_IGRAneg_BCG_44wk"
"BTAF1",0.594666247932994,0.142699870559233,0.685,0.543,1,"13","BCG_treated","week44","IGRApos_BCG_44wk_vs_IGRAneg_BCG_44wk"
"TMED3",0.595356533329211,-0.302363386016081,0.206,0.173,1,"13","BCG_treated","week44","IGRApos_BCG_44wk_vs_IGRAneg_BCG_44wk"
"LIG4",0.595852255737244,-0.173217597104956,0.106,0.081,1,"13","BCG_treated","week44","IGRApos_BCG_44wk_vs_IGRAneg_BCG_44wk"
"BCORL1",0.596176093257066,-0.348972875855787,0.132,0.133,1,"13","BCG_treated","week44","IGRApos_BCG_44wk_vs_IGRAneg_BCG_44wk"
"RBM4",0.596222683694767,0.10488072848786,0.426,0.329,1,"13","BCG_treated","week44","IGRApos_BCG_44wk_vs_IGRAneg_BCG_44wk"
"SIGIRR",0.59683978057622,-0.323388285494532,0.135,0.145,1,"13","BCG_treated","week44","IGRApos_BCG_44wk_vs_IGRAneg_BCG_44wk"
"PDCL3",0.597009661744988,-0.294004881878838,0.098,0.104,1,"13","BCG_treated","week44","IGRApos_BCG_44wk_vs_IGRAneg_BCG_44wk"
"B3GLCT",0.59705623424053,0.194475606915528,0.18,0.145,1,"13","BCG_treated","week44","IGRApos_BCG_44wk_vs_IGRAneg_BCG_44wk"
"INTS4",0.597119755171334,0.372692703346008,0.418,0.301,1,"13","BCG_treated","week44","IGRApos_BCG_44wk_vs_IGRAneg_BCG_44wk"
"KIAA0232",0.59722965053846,-0.129867252935003,0.579,0.514,1,"13","BCG_treated","week44","IGRApos_BCG_44wk_vs_IGRAneg_BCG_44wk"
"NGLY1",0.598098427625931,0.201723402386214,0.632,0.497,1,"13","BCG_treated","week44","IGRApos_BCG_44wk_vs_IGRAneg_BCG_44wk"
"FASTKD2",0.598588269657017,-0.244472512287095,0.272,0.249,1,"13","BCG_treated","week44","IGRApos_BCG_44wk_vs_IGRAneg_BCG_44wk"
"IFITM2",0.59940858501878,-0.29276400900876,0.119,0.121,1,"13","BCG_treated","week44","IGRApos_BCG_44wk_vs_IGRAneg_BCG_44wk"
"CD247",0.599410039170358,-0.117023762118928,0.828,0.85,1,"13","BCG_treated","week44","IGRApos_BCG_44wk_vs_IGRAneg_BCG_44wk"
"MRFAP1",0.599459919724192,-0.261610560567485,0.14,0.116,1,"13","BCG_treated","week44","IGRApos_BCG_44wk_vs_IGRAneg_BCG_44wk"
"MTX2",0.599824947017961,-0.122891217980098,0.286,0.26,1,"13","BCG_treated","week44","IGRApos_BCG_44wk_vs_IGRAneg_BCG_44wk"
"OTUD7B",0.600242509482822,-0.134095747803427,0.344,0.312,1,"13","BCG_treated","week44","IGRApos_BCG_44wk_vs_IGRAneg_BCG_44wk"
"ZNF138",0.600252322517778,-0.301887395268195,0.206,0.197,1,"13","BCG_treated","week44","IGRApos_BCG_44wk_vs_IGRAneg_BCG_44wk"
"GSAP",0.6003378997781,0.206638997817967,0.392,0.318,1,"13","BCG_treated","week44","IGRApos_BCG_44wk_vs_IGRAneg_BCG_44wk"
"XPO6",0.600472084526859,0.125222216435326,0.616,0.549,1,"13","BCG_treated","week44","IGRApos_BCG_44wk_vs_IGRAneg_BCG_44wk"
"TPD52L2",0.601259371876992,0.641321749953759,0.153,0.087,1,"13","BCG_treated","week44","IGRApos_BCG_44wk_vs_IGRAneg_BCG_44wk"
"DAD1",0.601438788241539,-0.491237464394278,0.132,0.127,1,"13","BCG_treated","week44","IGRApos_BCG_44wk_vs_IGRAneg_BCG_44wk"
"PDE3B",0.601451680773894,0.162904572724427,0.979,0.954,1,"13","BCG_treated","week44","IGRApos_BCG_44wk_vs_IGRAneg_BCG_44wk"
"ENSG00000227388",0.601629507634101,0.492054360813977,0.135,0.104,1,"13","BCG_treated","week44","IGRApos_BCG_44wk_vs_IGRAneg_BCG_44wk"
"RHBDD2",0.601961642364905,-0.388371035661526,0.111,0.11,1,"13","BCG_treated","week44","IGRApos_BCG_44wk_vs_IGRAneg_BCG_44wk"
"ST7L",0.602128564966927,0.164581401835252,0.225,0.179,1,"13","BCG_treated","week44","IGRApos_BCG_44wk_vs_IGRAneg_BCG_44wk"
"LIN7C",0.602278726132428,0.113370445058537,0.185,0.127,1,"13","BCG_treated","week44","IGRApos_BCG_44wk_vs_IGRAneg_BCG_44wk"
"MIRLET7IHG",0.602350925613326,-0.202937857580741,0.222,0.22,1,"13","BCG_treated","week44","IGRApos_BCG_44wk_vs_IGRAneg_BCG_44wk"
"SLX4IP",0.602623366330224,0.238079144192161,0.392,0.283,1,"13","BCG_treated","week44","IGRApos_BCG_44wk_vs_IGRAneg_BCG_44wk"
"AGO4",0.60316046886222,-0.243554346118838,0.325,0.301,1,"13","BCG_treated","week44","IGRApos_BCG_44wk_vs_IGRAneg_BCG_44wk"
"TVP23B",0.603259613269394,0.219336022980391,0.153,0.11,1,"13","BCG_treated","week44","IGRApos_BCG_44wk_vs_IGRAneg_BCG_44wk"
"SUGP1",0.603324122820601,-0.244608008998322,0.233,0.208,1,"13","BCG_treated","week44","IGRApos_BCG_44wk_vs_IGRAneg_BCG_44wk"
"RNF20",0.603397971723588,-0.150860938719001,0.272,0.249,1,"13","BCG_treated","week44","IGRApos_BCG_44wk_vs_IGRAneg_BCG_44wk"
"NOSIP",0.603923117727878,-0.105840500153692,0.172,0.121,1,"13","BCG_treated","week44","IGRApos_BCG_44wk_vs_IGRAneg_BCG_44wk"
"BRD7",0.604221629317177,0.389372413879164,0.577,0.434,1,"13","BCG_treated","week44","IGRApos_BCG_44wk_vs_IGRAneg_BCG_44wk"
"ALG5",0.604531384110053,0.146171257554359,0.291,0.214,1,"13","BCG_treated","week44","IGRApos_BCG_44wk_vs_IGRAneg_BCG_44wk"
"TAP1",0.60458558974736,0.223057835487903,0.526,0.376,1,"13","BCG_treated","week44","IGRApos_BCG_44wk_vs_IGRAneg_BCG_44wk"
"TPCN2",0.604661477091862,0.462930795731281,0.19,0.121,1,"13","BCG_treated","week44","IGRApos_BCG_44wk_vs_IGRAneg_BCG_44wk"
"ABRACL",0.604909072978468,-0.619069603691236,0.09,0.104,1,"13","BCG_treated","week44","IGRApos_BCG_44wk_vs_IGRAneg_BCG_44wk"
"BTN2A2",0.605092562057862,-0.381085220250287,0.151,0.145,1,"13","BCG_treated","week44","IGRApos_BCG_44wk_vs_IGRAneg_BCG_44wk"
"PHTF1",0.605121089072855,0.315556836707503,0.389,0.272,1,"13","BCG_treated","week44","IGRApos_BCG_44wk_vs_IGRAneg_BCG_44wk"
"EIPR1",0.605235575689921,0.10923214239831,0.497,0.382,1,"13","BCG_treated","week44","IGRApos_BCG_44wk_vs_IGRAneg_BCG_44wk"
"PIGU",0.6057350331666,-0.185706854732171,0.212,0.197,1,"13","BCG_treated","week44","IGRApos_BCG_44wk_vs_IGRAneg_BCG_44wk"
"UTP20",0.606131158381903,-0.240343855437801,0.235,0.22,1,"13","BCG_treated","week44","IGRApos_BCG_44wk_vs_IGRAneg_BCG_44wk"
"UBP1",0.606252920731456,0.120556850139584,0.508,0.387,1,"13","BCG_treated","week44","IGRApos_BCG_44wk_vs_IGRAneg_BCG_44wk"
"CCDC97",0.606589679574378,-0.172837916679617,0.214,0.185,1,"13","BCG_treated","week44","IGRApos_BCG_44wk_vs_IGRAneg_BCG_44wk"
"CEP164",0.606824736860645,0.228610615605133,0.233,0.168,1,"13","BCG_treated","week44","IGRApos_BCG_44wk_vs_IGRAneg_BCG_44wk"
"TRIM37",0.60684837480662,0.440306797685081,0.397,0.272,1,"13","BCG_treated","week44","IGRApos_BCG_44wk_vs_IGRAneg_BCG_44wk"
"CKAP5",0.607282321634118,0.286645056061617,0.442,0.324,1,"13","BCG_treated","week44","IGRApos_BCG_44wk_vs_IGRAneg_BCG_44wk"
"ALCAM",0.60748373295084,0.637903745899762,0.119,0.098,1,"13","BCG_treated","week44","IGRApos_BCG_44wk_vs_IGRAneg_BCG_44wk"
"PAFAH1B2",0.607571466315192,0.164726357349512,0.354,0.254,1,"13","BCG_treated","week44","IGRApos_BCG_44wk_vs_IGRAneg_BCG_44wk"
"ARMC10",0.607823021352864,-0.4157329229662,0.172,0.185,1,"13","BCG_treated","week44","IGRApos_BCG_44wk_vs_IGRAneg_BCG_44wk"
"RSL1D1-DT",0.607992786272481,0.245022896997983,0.238,0.168,1,"13","BCG_treated","week44","IGRApos_BCG_44wk_vs_IGRAneg_BCG_44wk"
"CC2D1A",0.608032220067607,0.400912284749905,0.185,0.127,1,"13","BCG_treated","week44","IGRApos_BCG_44wk_vs_IGRAneg_BCG_44wk"
"BLCAP",0.608145268316682,-0.168645205318183,0.389,0.353,1,"13","BCG_treated","week44","IGRApos_BCG_44wk_vs_IGRAneg_BCG_44wk"
"TBCEL",0.60818276560372,0.535445886698547,0.275,0.179,1,"13","BCG_treated","week44","IGRApos_BCG_44wk_vs_IGRAneg_BCG_44wk"
"ID2",0.609098433756855,0.1457295236023,0.288,0.214,1,"13","BCG_treated","week44","IGRApos_BCG_44wk_vs_IGRAneg_BCG_44wk"
"FAM117A",0.609374523799188,0.191811689042897,0.481,0.382,1,"13","BCG_treated","week44","IGRApos_BCG_44wk_vs_IGRAneg_BCG_44wk"
"SLC11A2",0.609534671865659,-0.221586268177097,0.265,0.231,1,"13","BCG_treated","week44","IGRApos_BCG_44wk_vs_IGRAneg_BCG_44wk"
"RAP2C-AS1",0.609626077629981,0.38058602868837,0.135,0.081,1,"13","BCG_treated","week44","IGRApos_BCG_44wk_vs_IGRAneg_BCG_44wk"
"TRAM1",0.609663358325992,-0.17270499907382,0.41,0.364,1,"13","BCG_treated","week44","IGRApos_BCG_44wk_vs_IGRAneg_BCG_44wk"
"CNPPD1",0.610017045864849,-0.274191082731218,0.14,0.121,1,"13","BCG_treated","week44","IGRApos_BCG_44wk_vs_IGRAneg_BCG_44wk"
"PGM1",0.610072719824675,-0.119961573613351,0.278,0.22,1,"13","BCG_treated","week44","IGRApos_BCG_44wk_vs_IGRAneg_BCG_44wk"
"ENSG00000291117",0.610406333031885,-0.29741391540469,0.156,0.15,1,"13","BCG_treated","week44","IGRApos_BCG_44wk_vs_IGRAneg_BCG_44wk"
"COPE",0.610961480433053,-0.163968336911514,0.265,0.22,1,"13","BCG_treated","week44","IGRApos_BCG_44wk_vs_IGRAneg_BCG_44wk"
"KRR1",0.611490896899144,0.14781578522664,0.323,0.237,1,"13","BCG_treated","week44","IGRApos_BCG_44wk_vs_IGRAneg_BCG_44wk"
"GOT1",0.611871391915497,-0.126197222294216,0.101,0.081,1,"13","BCG_treated","week44","IGRApos_BCG_44wk_vs_IGRAneg_BCG_44wk"
"TAF1",0.612050360358604,0.220512817551012,0.638,0.52,1,"13","BCG_treated","week44","IGRApos_BCG_44wk_vs_IGRAneg_BCG_44wk"
"LAT2",0.612132714991332,-0.297238566847297,0.304,0.301,1,"13","BCG_treated","week44","IGRApos_BCG_44wk_vs_IGRAneg_BCG_44wk"
"SQOR",0.612197450098605,0.363944076474578,0.243,0.168,1,"13","BCG_treated","week44","IGRApos_BCG_44wk_vs_IGRAneg_BCG_44wk"
"JOSD1",0.612654442730414,0.372617158151565,0.45,0.318,1,"13","BCG_treated","week44","IGRApos_BCG_44wk_vs_IGRAneg_BCG_44wk"
"SYNJ2",0.612769374529107,-0.280048930710754,0.167,0.156,1,"13","BCG_treated","week44","IGRApos_BCG_44wk_vs_IGRAneg_BCG_44wk"
"GNL3",0.613095191010205,0.310290988120767,0.352,0.266,1,"13","BCG_treated","week44","IGRApos_BCG_44wk_vs_IGRAneg_BCG_44wk"
"UBA52",0.613183968600552,-0.188324630754595,0.209,0.202,1,"13","BCG_treated","week44","IGRApos_BCG_44wk_vs_IGRAneg_BCG_44wk"
"OSER1",0.613644184122231,0.289980585647615,0.151,0.104,1,"13","BCG_treated","week44","IGRApos_BCG_44wk_vs_IGRAneg_BCG_44wk"
"ZC3HC1",0.613829392171649,-0.250463337085835,0.13,0.133,1,"13","BCG_treated","week44","IGRApos_BCG_44wk_vs_IGRAneg_BCG_44wk"
"DNAAF10",0.614394370889189,-0.110111165834214,0.124,0.087,1,"13","BCG_treated","week44","IGRApos_BCG_44wk_vs_IGRAneg_BCG_44wk"
"SLC12A2-DT",0.61475896084624,-0.136632583016327,0.124,0.127,1,"13","BCG_treated","week44","IGRApos_BCG_44wk_vs_IGRAneg_BCG_44wk"
"TFCP2",0.614800471765291,0.131643447328652,0.579,0.451,1,"13","BCG_treated","week44","IGRApos_BCG_44wk_vs_IGRAneg_BCG_44wk"
"NBL1",0.614894308133323,-0.191448894297401,0.36,0.353,1,"13","BCG_treated","week44","IGRApos_BCG_44wk_vs_IGRAneg_BCG_44wk"
"TP53BP1",0.615041776614313,-0.122093105938999,0.508,0.468,1,"13","BCG_treated","week44","IGRApos_BCG_44wk_vs_IGRAneg_BCG_44wk"
"MICAL2",0.615148204184301,0.116627601216943,0.27,0.237,1,"13","BCG_treated","week44","IGRApos_BCG_44wk_vs_IGRAneg_BCG_44wk"
"ENSG00000250075",0.615303800215827,-0.13433087478544,0.283,0.254,1,"13","BCG_treated","week44","IGRApos_BCG_44wk_vs_IGRAneg_BCG_44wk"
"PCF11",0.615552589283253,0.180952796163492,0.587,0.451,1,"13","BCG_treated","week44","IGRApos_BCG_44wk_vs_IGRAneg_BCG_44wk"
"ABHD12",0.615556962372294,-0.188317779711442,0.352,0.324,1,"13","BCG_treated","week44","IGRApos_BCG_44wk_vs_IGRAneg_BCG_44wk"
"TPI1",0.615736368685582,-0.297407434256646,0.233,0.214,1,"13","BCG_treated","week44","IGRApos_BCG_44wk_vs_IGRAneg_BCG_44wk"
"GSE1",0.615766523368219,-0.185558521801354,0.722,0.723,1,"13","BCG_treated","week44","IGRApos_BCG_44wk_vs_IGRAneg_BCG_44wk"
"SLC39A9",0.615891172456041,0.185018593942239,0.288,0.208,1,"13","BCG_treated","week44","IGRApos_BCG_44wk_vs_IGRAneg_BCG_44wk"
"ZNF839",0.615929893285593,-0.426074712371275,0.111,0.092,1,"13","BCG_treated","week44","IGRApos_BCG_44wk_vs_IGRAneg_BCG_44wk"
"FAM219B",0.616125639613703,-0.255311372202395,0.127,0.139,1,"13","BCG_treated","week44","IGRApos_BCG_44wk_vs_IGRAneg_BCG_44wk"
"CLK1",0.616391365816087,0.261752783592733,0.688,0.555,1,"13","BCG_treated","week44","IGRApos_BCG_44wk_vs_IGRAneg_BCG_44wk"
"ZNF731P",0.616497223905058,0.162589260821879,0.513,0.382,1,"13","BCG_treated","week44","IGRApos_BCG_44wk_vs_IGRAneg_BCG_44wk"
"PFKFB3",0.616874926035044,0.152443761778281,0.825,0.688,1,"13","BCG_treated","week44","IGRApos_BCG_44wk_vs_IGRAneg_BCG_44wk"
"ARAF",0.616921431925361,-0.226164639281184,0.177,0.168,1,"13","BCG_treated","week44","IGRApos_BCG_44wk_vs_IGRAneg_BCG_44wk"
"PPM1A",0.61702436676767,0.359083635755879,0.593,0.468,1,"13","BCG_treated","week44","IGRApos_BCG_44wk_vs_IGRAneg_BCG_44wk"
"ENSG00000291188",0.617262875808894,0.299611273729915,0.5,0.399,1,"13","BCG_treated","week44","IGRApos_BCG_44wk_vs_IGRAneg_BCG_44wk"
"AP1B1",0.617303251090006,0.340403719617281,0.317,0.214,1,"13","BCG_treated","week44","IGRApos_BCG_44wk_vs_IGRAneg_BCG_44wk"
"DNAJC16",0.617408054745088,0.116600669883558,0.233,0.173,1,"13","BCG_treated","week44","IGRApos_BCG_44wk_vs_IGRAneg_BCG_44wk"
"PARGP1",0.617529237306332,0.377200941058219,0.294,0.202,1,"13","BCG_treated","week44","IGRApos_BCG_44wk_vs_IGRAneg_BCG_44wk"
"PAAF1",0.617529648197739,0.792603828325246,0.122,0.069,1,"13","BCG_treated","week44","IGRApos_BCG_44wk_vs_IGRAneg_BCG_44wk"
"TMEM39A",0.617609340439362,-0.132390169851734,0.228,0.197,1,"13","BCG_treated","week44","IGRApos_BCG_44wk_vs_IGRAneg_BCG_44wk"
"PALS1",0.61774278208078,0.280857871994044,0.228,0.162,1,"13","BCG_treated","week44","IGRApos_BCG_44wk_vs_IGRAneg_BCG_44wk"
"ENSG00000290879",0.618303024552673,-0.605251395255863,0.101,0.121,1,"13","BCG_treated","week44","IGRApos_BCG_44wk_vs_IGRAneg_BCG_44wk"
"CATSPERG",0.618399680613012,-0.478237943196418,0.119,0.121,1,"13","BCG_treated","week44","IGRApos_BCG_44wk_vs_IGRAneg_BCG_44wk"
"PRKCQ-AS1",0.61845116298088,-0.137711653115839,0.442,0.376,1,"13","BCG_treated","week44","IGRApos_BCG_44wk_vs_IGRAneg_BCG_44wk"
"DCAF17",0.618506426522928,0.349414380190654,0.246,0.191,1,"13","BCG_treated","week44","IGRApos_BCG_44wk_vs_IGRAneg_BCG_44wk"
"GIT1",0.618533458665594,-0.124468413442288,0.217,0.185,1,"13","BCG_treated","week44","IGRApos_BCG_44wk_vs_IGRAneg_BCG_44wk"
"PIGF",0.618624388303229,-0.180548100685191,0.201,0.202,1,"13","BCG_treated","week44","IGRApos_BCG_44wk_vs_IGRAneg_BCG_44wk"
"KCTD7",0.618808831898969,-0.578038352978283,0.127,0.139,1,"13","BCG_treated","week44","IGRApos_BCG_44wk_vs_IGRAneg_BCG_44wk"
"TUT4",0.619178280868651,0.145095553106694,0.857,0.786,1,"13","BCG_treated","week44","IGRApos_BCG_44wk_vs_IGRAneg_BCG_44wk"
"RWDD4",0.6192304583526,0.284621254425532,0.111,0.069,1,"13","BCG_treated","week44","IGRApos_BCG_44wk_vs_IGRAneg_BCG_44wk"
"NRDE2",0.619259585431064,-0.146730740891009,0.27,0.249,1,"13","BCG_treated","week44","IGRApos_BCG_44wk_vs_IGRAneg_BCG_44wk"
"PANK4",0.619338335245678,-0.429799646119407,0.146,0.139,1,"13","BCG_treated","week44","IGRApos_BCG_44wk_vs_IGRAneg_BCG_44wk"
"CCAR2",0.619483093800865,0.495808473707673,0.225,0.145,1,"13","BCG_treated","week44","IGRApos_BCG_44wk_vs_IGRAneg_BCG_44wk"
"SLC25A12",0.619673652729484,0.213447654260683,0.304,0.22,1,"13","BCG_treated","week44","IGRApos_BCG_44wk_vs_IGRAneg_BCG_44wk"
"RECK",0.619764843955234,-0.133677881288763,0.235,0.179,1,"13","BCG_treated","week44","IGRApos_BCG_44wk_vs_IGRAneg_BCG_44wk"
"SLC35F5",0.620035181011674,0.120570211138608,0.46,0.382,1,"13","BCG_treated","week44","IGRApos_BCG_44wk_vs_IGRAneg_BCG_44wk"
"AKAP17A",0.620140009119686,-0.215019802253162,0.423,0.387,1,"13","BCG_treated","week44","IGRApos_BCG_44wk_vs_IGRAneg_BCG_44wk"
"CILK1",0.620191867566388,0.27124619865301,0.127,0.092,1,"13","BCG_treated","week44","IGRApos_BCG_44wk_vs_IGRAneg_BCG_44wk"
"ZNF10",0.620275176267895,-0.144888706033411,0.146,0.121,1,"13","BCG_treated","week44","IGRApos_BCG_44wk_vs_IGRAneg_BCG_44wk"
"SEPTIN6",0.620690215288568,-0.11279146547836,0.812,0.763,1,"13","BCG_treated","week44","IGRApos_BCG_44wk_vs_IGRAneg_BCG_44wk"
"ZNF345",0.621039399644875,0.142207148706204,0.201,0.173,1,"13","BCG_treated","week44","IGRApos_BCG_44wk_vs_IGRAneg_BCG_44wk"
"HARS2",0.621065804174152,0.217986496175216,0.153,0.104,1,"13","BCG_treated","week44","IGRApos_BCG_44wk_vs_IGRAneg_BCG_44wk"
"SKIC8",0.621571078387788,-0.139527755429099,0.159,0.121,1,"13","BCG_treated","week44","IGRApos_BCG_44wk_vs_IGRAneg_BCG_44wk"
"DHX33",0.621586485352789,-0.169976709056396,0.169,0.139,1,"13","BCG_treated","week44","IGRApos_BCG_44wk_vs_IGRAneg_BCG_44wk"
"ATG12",0.62165570583958,-0.106686771439329,0.381,0.358,1,"13","BCG_treated","week44","IGRApos_BCG_44wk_vs_IGRAneg_BCG_44wk"
"MFSD4B",0.622144785969005,0.22957389283092,0.405,0.272,1,"13","BCG_treated","week44","IGRApos_BCG_44wk_vs_IGRAneg_BCG_44wk"
"DPH6",0.622537362495441,-0.309342323868764,0.22,0.22,1,"13","BCG_treated","week44","IGRApos_BCG_44wk_vs_IGRAneg_BCG_44wk"
"BACH2",0.622798791482264,-0.105603565023618,0.989,0.96,1,"13","BCG_treated","week44","IGRApos_BCG_44wk_vs_IGRAneg_BCG_44wk"
"TMEM68",0.623496952102278,0.326317560209636,0.151,0.116,1,"13","BCG_treated","week44","IGRApos_BCG_44wk_vs_IGRAneg_BCG_44wk"
"RNGTT",0.6241377502107,0.146042996950501,0.767,0.636,1,"13","BCG_treated","week44","IGRApos_BCG_44wk_vs_IGRAneg_BCG_44wk"
"PIP4K2B",0.624342590363752,0.359836861290421,0.243,0.168,1,"13","BCG_treated","week44","IGRApos_BCG_44wk_vs_IGRAneg_BCG_44wk"
"AGRN",0.624342933200151,-0.546328038859037,0.114,0.104,1,"13","BCG_treated","week44","IGRApos_BCG_44wk_vs_IGRAneg_BCG_44wk"
"IFNAR2",0.624459298274509,-0.149502426556903,0.64,0.566,1,"13","BCG_treated","week44","IGRApos_BCG_44wk_vs_IGRAneg_BCG_44wk"
"LRP8",0.62446586000742,-0.121266244097136,0.302,0.277,1,"13","BCG_treated","week44","IGRApos_BCG_44wk_vs_IGRAneg_BCG_44wk"
"COPS6",0.624705337877416,0.119316759510821,0.188,0.133,1,"13","BCG_treated","week44","IGRApos_BCG_44wk_vs_IGRAneg_BCG_44wk"
"DENND5A",0.624915931775411,-0.117536399744039,0.611,0.543,1,"13","BCG_treated","week44","IGRApos_BCG_44wk_vs_IGRAneg_BCG_44wk"
"LMNB2",0.625184862206171,0.229595295519964,0.175,0.11,1,"13","BCG_treated","week44","IGRApos_BCG_44wk_vs_IGRAneg_BCG_44wk"
"ABCC5",0.62540505419297,0.379808376828681,0.31,0.22,1,"13","BCG_treated","week44","IGRApos_BCG_44wk_vs_IGRAneg_BCG_44wk"
"PRMT2",0.625654554423688,-0.160725457705286,0.762,0.734,1,"13","BCG_treated","week44","IGRApos_BCG_44wk_vs_IGRAneg_BCG_44wk"
"UBE2Q2P2.1",0.625874498211877,0.329068558124303,0.108,0.075,1,"13","BCG_treated","week44","IGRApos_BCG_44wk_vs_IGRAneg_BCG_44wk"
"UBAP1",0.625894290586653,0.152731937601653,0.526,0.457,1,"13","BCG_treated","week44","IGRApos_BCG_44wk_vs_IGRAneg_BCG_44wk"
"DDX56",0.626473051619066,0.418013012517609,0.146,0.11,1,"13","BCG_treated","week44","IGRApos_BCG_44wk_vs_IGRAneg_BCG_44wk"
"ZNF618",0.626488049224474,-0.231110905900099,0.116,0.127,1,"13","BCG_treated","week44","IGRApos_BCG_44wk_vs_IGRAneg_BCG_44wk"
"FTH1",0.626500783742598,0.561519911595539,0.437,0.277,1,"13","BCG_treated","week44","IGRApos_BCG_44wk_vs_IGRAneg_BCG_44wk"
"NCAPG2",0.626620934419697,0.384447600653986,0.14,0.092,1,"13","BCG_treated","week44","IGRApos_BCG_44wk_vs_IGRAneg_BCG_44wk"
"COX5A",0.62711938772485,0.532027525341259,0.143,0.092,1,"13","BCG_treated","week44","IGRApos_BCG_44wk_vs_IGRAneg_BCG_44wk"
"USP53",0.627170588199901,-0.272482877768152,0.288,0.295,1,"13","BCG_treated","week44","IGRApos_BCG_44wk_vs_IGRAneg_BCG_44wk"
"ENSG00000287100",0.627263650954339,-0.10316372685297,0.188,0.179,1,"13","BCG_treated","week44","IGRApos_BCG_44wk_vs_IGRAneg_BCG_44wk"
"NUP93",0.627427545082354,0.436751332353548,0.31,0.22,1,"13","BCG_treated","week44","IGRApos_BCG_44wk_vs_IGRAneg_BCG_44wk"
"ZC3H7A",0.627554243095369,0.188018853079814,0.759,0.653,1,"13","BCG_treated","week44","IGRApos_BCG_44wk_vs_IGRAneg_BCG_44wk"
"NSMAF",0.628481546564814,-0.122263147527618,0.344,0.295,1,"13","BCG_treated","week44","IGRApos_BCG_44wk_vs_IGRAneg_BCG_44wk"
"SLU7",0.628585664748625,0.255876247412963,0.28,0.231,1,"13","BCG_treated","week44","IGRApos_BCG_44wk_vs_IGRAneg_BCG_44wk"
"ATOSA",0.628651204370411,0.11190939700032,0.643,0.555,1,"13","BCG_treated","week44","IGRApos_BCG_44wk_vs_IGRAneg_BCG_44wk"
"MRPL37",0.62949900888513,0.268526850846775,0.116,0.069,1,"13","BCG_treated","week44","IGRApos_BCG_44wk_vs_IGRAneg_BCG_44wk"
"POMT1",0.629636448949953,0.392401083500649,0.193,0.127,1,"13","BCG_treated","week44","IGRApos_BCG_44wk_vs_IGRAneg_BCG_44wk"
"ATG4B",0.63039058935247,0.121218309716243,0.405,0.301,1,"13","BCG_treated","week44","IGRApos_BCG_44wk_vs_IGRAneg_BCG_44wk"
"MAT2B",0.630511172542907,0.318625281217335,0.312,0.208,1,"13","BCG_treated","week44","IGRApos_BCG_44wk_vs_IGRAneg_BCG_44wk"
"TMEM168",0.63057098751579,-0.247513100148935,0.362,0.341,1,"13","BCG_treated","week44","IGRApos_BCG_44wk_vs_IGRAneg_BCG_44wk"
"PHF20L1",0.630947445793111,0.177837682585078,0.706,0.555,1,"13","BCG_treated","week44","IGRApos_BCG_44wk_vs_IGRAneg_BCG_44wk"
"NCLN",0.631069904929713,-0.13380956989072,0.151,0.116,1,"13","BCG_treated","week44","IGRApos_BCG_44wk_vs_IGRAneg_BCG_44wk"
"LIG3",0.631764723617221,0.339336400255776,0.251,0.162,1,"13","BCG_treated","week44","IGRApos_BCG_44wk_vs_IGRAneg_BCG_44wk"
"EMC10",0.631920566133502,-0.415676344272563,0.148,0.121,1,"13","BCG_treated","week44","IGRApos_BCG_44wk_vs_IGRAneg_BCG_44wk"
"NPIPB14P",0.632182429677953,0.506402900036874,0.22,0.162,1,"13","BCG_treated","week44","IGRApos_BCG_44wk_vs_IGRAneg_BCG_44wk"
"CDC27",0.632397200574147,0.100464696983903,0.646,0.526,1,"13","BCG_treated","week44","IGRApos_BCG_44wk_vs_IGRAneg_BCG_44wk"
"DESI2",0.632991888086307,-0.135548959462613,0.394,0.37,1,"13","BCG_treated","week44","IGRApos_BCG_44wk_vs_IGRAneg_BCG_44wk"
"CCDC18",0.633068962886563,0.177737213151924,0.243,0.225,1,"13","BCG_treated","week44","IGRApos_BCG_44wk_vs_IGRAneg_BCG_44wk"
"NEMP2",0.63331164135222,-0.281159818911944,0.132,0.133,1,"13","BCG_treated","week44","IGRApos_BCG_44wk_vs_IGRAneg_BCG_44wk"
"CENPA",0.633454514987234,0.21324839165223,0.116,0.087,1,"13","BCG_treated","week44","IGRApos_BCG_44wk_vs_IGRAneg_BCG_44wk"
"ENSG00000259546",0.633694061244555,0.61784973713468,0.169,0.11,1,"13","BCG_treated","week44","IGRApos_BCG_44wk_vs_IGRAneg_BCG_44wk"
"ZNF101",0.633984158681741,-0.120247751598965,0.22,0.191,1,"13","BCG_treated","week44","IGRApos_BCG_44wk_vs_IGRAneg_BCG_44wk"
"SLC12A4",0.63487338568625,0.552769190857786,0.27,0.173,1,"13","BCG_treated","week44","IGRApos_BCG_44wk_vs_IGRAneg_BCG_44wk"
"ZNF143",0.634920863296968,0.101631452928319,0.323,0.254,1,"13","BCG_treated","week44","IGRApos_BCG_44wk_vs_IGRAneg_BCG_44wk"
"CHKA",0.635218062691352,0.254311558730773,0.37,0.277,1,"13","BCG_treated","week44","IGRApos_BCG_44wk_vs_IGRAneg_BCG_44wk"
"RAB12",0.635263314323087,-0.13116559673085,0.331,0.283,1,"13","BCG_treated","week44","IGRApos_BCG_44wk_vs_IGRAneg_BCG_44wk"
"ENSG00000188897",0.635658195096714,0.287355820118468,0.119,0.081,1,"13","BCG_treated","week44","IGRApos_BCG_44wk_vs_IGRAneg_BCG_44wk"
"GTF2IRD2B",0.635719548335394,0.200868378049098,0.235,0.162,1,"13","BCG_treated","week44","IGRApos_BCG_44wk_vs_IGRAneg_BCG_44wk"
"MSL2",0.635948559138684,-0.113803637883954,0.648,0.578,1,"13","BCG_treated","week44","IGRApos_BCG_44wk_vs_IGRAneg_BCG_44wk"
"RAD9A",0.636156563926178,-0.170092155079025,0.185,0.145,1,"13","BCG_treated","week44","IGRApos_BCG_44wk_vs_IGRAneg_BCG_44wk"
"PEX14",0.636337752554658,0.261490642858991,0.471,0.341,1,"13","BCG_treated","week44","IGRApos_BCG_44wk_vs_IGRAneg_BCG_44wk"
"AARSD1",0.63649011617913,0.215457920709697,0.135,0.092,1,"13","BCG_treated","week44","IGRApos_BCG_44wk_vs_IGRAneg_BCG_44wk"
"SEM1",0.636593959743923,0.385091131267182,0.376,0.272,1,"13","BCG_treated","week44","IGRApos_BCG_44wk_vs_IGRAneg_BCG_44wk"
"TTC33",0.636700730082064,-0.123706435749788,0.249,0.22,1,"13","BCG_treated","week44","IGRApos_BCG_44wk_vs_IGRAneg_BCG_44wk"
"PCMTD2",0.636728788774503,0.31016843287888,0.23,0.168,1,"13","BCG_treated","week44","IGRApos_BCG_44wk_vs_IGRAneg_BCG_44wk"
"POLM",0.636730847456465,0.466747751619663,0.177,0.11,1,"13","BCG_treated","week44","IGRApos_BCG_44wk_vs_IGRAneg_BCG_44wk"
"MFF",0.637010992466397,-0.229893804899766,0.278,0.231,1,"13","BCG_treated","week44","IGRApos_BCG_44wk_vs_IGRAneg_BCG_44wk"
"GCH1",0.637537207266442,-0.133129676989264,0.267,0.225,1,"13","BCG_treated","week44","IGRApos_BCG_44wk_vs_IGRAneg_BCG_44wk"
"ZNF25",0.638096899075403,0.112316092795847,0.135,0.098,1,"13","BCG_treated","week44","IGRApos_BCG_44wk_vs_IGRAneg_BCG_44wk"
"PIK3R4",0.638232541231938,0.105728662663171,0.331,0.231,1,"13","BCG_treated","week44","IGRApos_BCG_44wk_vs_IGRAneg_BCG_44wk"
"SNX2",0.638313485562952,-0.121525193702886,0.183,0.156,1,"13","BCG_treated","week44","IGRApos_BCG_44wk_vs_IGRAneg_BCG_44wk"
"CLTA",0.638744064379118,-0.258512003108112,0.325,0.306,1,"13","BCG_treated","week44","IGRApos_BCG_44wk_vs_IGRAneg_BCG_44wk"
"CORO1A",0.639103403961916,0.18970753385913,0.423,0.335,1,"13","BCG_treated","week44","IGRApos_BCG_44wk_vs_IGRAneg_BCG_44wk"
"LINC01278",0.639194845378034,0.135469070848201,0.381,0.289,1,"13","BCG_treated","week44","IGRApos_BCG_44wk_vs_IGRAneg_BCG_44wk"
"CCNG1",0.639197218053294,0.416027223260027,0.161,0.098,1,"13","BCG_treated","week44","IGRApos_BCG_44wk_vs_IGRAneg_BCG_44wk"
"GABPB1",0.639364412242884,0.166817672398176,0.452,0.347,1,"13","BCG_treated","week44","IGRApos_BCG_44wk_vs_IGRAneg_BCG_44wk"
"SH3BP5",0.639596553878732,0.585607206688999,0.106,0.064,1,"13","BCG_treated","week44","IGRApos_BCG_44wk_vs_IGRAneg_BCG_44wk"
"NOB1",0.639821881347857,-0.291919668307863,0.138,0.139,1,"13","BCG_treated","week44","IGRApos_BCG_44wk_vs_IGRAneg_BCG_44wk"
"TDG",0.639826176573798,-0.177118386044376,0.302,0.249,1,"13","BCG_treated","week44","IGRApos_BCG_44wk_vs_IGRAneg_BCG_44wk"
"SYS1",0.639837002096179,-0.289807902139556,0.103,0.081,1,"13","BCG_treated","week44","IGRApos_BCG_44wk_vs_IGRAneg_BCG_44wk"
"BRK1",0.639847222268897,-0.485031374182065,0.14,0.127,1,"13","BCG_treated","week44","IGRApos_BCG_44wk_vs_IGRAneg_BCG_44wk"
"UFL1",0.639965189651233,-0.106816821999471,0.323,0.26,1,"13","BCG_treated","week44","IGRApos_BCG_44wk_vs_IGRAneg_BCG_44wk"
"ATAD3B",0.640038774444056,0.224556024496084,0.175,0.11,1,"13","BCG_treated","week44","IGRApos_BCG_44wk_vs_IGRAneg_BCG_44wk"
"ACP2",0.640231963961301,0.170829982187276,0.106,0.069,1,"13","BCG_treated","week44","IGRApos_BCG_44wk_vs_IGRAneg_BCG_44wk"
"EARS2",0.640281023583131,-0.315940500994274,0.116,0.098,1,"13","BCG_treated","week44","IGRApos_BCG_44wk_vs_IGRAneg_BCG_44wk"
"EIF2AK1",0.640698437833884,0.116154291600649,0.415,0.324,1,"13","BCG_treated","week44","IGRApos_BCG_44wk_vs_IGRAneg_BCG_44wk"
"NCEH1",0.64110827824892,-0.224249948607037,0.151,0.145,1,"13","BCG_treated","week44","IGRApos_BCG_44wk_vs_IGRAneg_BCG_44wk"
"TPRA1",0.641334474009152,0.278932784708657,0.132,0.087,1,"13","BCG_treated","week44","IGRApos_BCG_44wk_vs_IGRAneg_BCG_44wk"
"NT5DC3",0.641423803168852,-0.264315453785513,0.119,0.121,1,"13","BCG_treated","week44","IGRApos_BCG_44wk_vs_IGRAneg_BCG_44wk"
"TTC21B",0.641599402277973,0.340925829251464,0.437,0.341,1,"13","BCG_treated","week44","IGRApos_BCG_44wk_vs_IGRAneg_BCG_44wk"
"FAM98A",0.641622835944052,0.436248477244286,0.201,0.139,1,"13","BCG_treated","week44","IGRApos_BCG_44wk_vs_IGRAneg_BCG_44wk"
"CCP110",0.641866098371813,-0.17007189279002,0.172,0.145,1,"13","BCG_treated","week44","IGRApos_BCG_44wk_vs_IGRAneg_BCG_44wk"
"CNIH3",0.642199582478026,0.479963849622591,0.111,0.069,1,"13","BCG_treated","week44","IGRApos_BCG_44wk_vs_IGRAneg_BCG_44wk"
"HERPUD2",0.642202739649312,-0.150153334923486,0.534,0.451,1,"13","BCG_treated","week44","IGRApos_BCG_44wk_vs_IGRAneg_BCG_44wk"
"TFAM",0.642517927280999,-0.171168168687021,0.201,0.168,1,"13","BCG_treated","week44","IGRApos_BCG_44wk_vs_IGRAneg_BCG_44wk"
"ELP1",0.642528614363454,0.168634781116502,0.365,0.254,1,"13","BCG_treated","week44","IGRApos_BCG_44wk_vs_IGRAneg_BCG_44wk"
"GBP2",0.642903350647837,0.148063071288431,0.593,0.474,1,"13","BCG_treated","week44","IGRApos_BCG_44wk_vs_IGRAneg_BCG_44wk"
"GNPTG",0.643637884275495,0.194012768842102,0.138,0.098,1,"13","BCG_treated","week44","IGRApos_BCG_44wk_vs_IGRAneg_BCG_44wk"
"CARNMT1",0.643712858206085,-0.230004237341335,0.302,0.266,1,"13","BCG_treated","week44","IGRApos_BCG_44wk_vs_IGRAneg_BCG_44wk"
"LRRC37A2",0.643868726595397,0.540563950820796,0.127,0.075,1,"13","BCG_treated","week44","IGRApos_BCG_44wk_vs_IGRAneg_BCG_44wk"
"NAPEPLD",0.643878385158793,0.449645049835447,0.161,0.11,1,"13","BCG_treated","week44","IGRApos_BCG_44wk_vs_IGRAneg_BCG_44wk"
"ENGASE",0.643983215957124,-0.551321022111201,0.119,0.127,1,"13","BCG_treated","week44","IGRApos_BCG_44wk_vs_IGRAneg_BCG_44wk"
"LHPP",0.644137360017716,0.198818301808779,0.204,0.15,1,"13","BCG_treated","week44","IGRApos_BCG_44wk_vs_IGRAneg_BCG_44wk"
"FBXL4",0.644674987987667,0.197686047074468,0.45,0.341,1,"13","BCG_treated","week44","IGRApos_BCG_44wk_vs_IGRAneg_BCG_44wk"
"MASTL",0.644734123064889,-0.140336309303678,0.164,0.133,1,"13","BCG_treated","week44","IGRApos_BCG_44wk_vs_IGRAneg_BCG_44wk"
"CCT6P1",0.645432242780446,0.423362795423322,0.103,0.064,1,"13","BCG_treated","week44","IGRApos_BCG_44wk_vs_IGRAneg_BCG_44wk"
"DRAM2",0.645851638990885,0.272902713385745,0.262,0.202,1,"13","BCG_treated","week44","IGRApos_BCG_44wk_vs_IGRAneg_BCG_44wk"
"MAD2L1-DT",0.646068799609894,0.238200432111316,0.108,0.098,1,"13","BCG_treated","week44","IGRApos_BCG_44wk_vs_IGRAneg_BCG_44wk"
"ENSG00000196826",0.646463682485989,0.132773413853437,0.275,0.231,1,"13","BCG_treated","week44","IGRApos_BCG_44wk_vs_IGRAneg_BCG_44wk"
"ST8SIA4",0.646884541136923,-0.22634425716119,0.434,0.41,1,"13","BCG_treated","week44","IGRApos_BCG_44wk_vs_IGRAneg_BCG_44wk"
"RIOK1",0.646885477419223,-0.158647752746166,0.214,0.191,1,"13","BCG_treated","week44","IGRApos_BCG_44wk_vs_IGRAneg_BCG_44wk"
"LCK",0.647304457252757,-0.262972237824163,0.376,0.353,1,"13","BCG_treated","week44","IGRApos_BCG_44wk_vs_IGRAneg_BCG_44wk"
"SOX4",0.64731421062081,-0.391178279750861,0.127,0.127,1,"13","BCG_treated","week44","IGRApos_BCG_44wk_vs_IGRAneg_BCG_44wk"
"RPH3AL",0.647573176241275,0.570053074041963,0.108,0.075,1,"13","BCG_treated","week44","IGRApos_BCG_44wk_vs_IGRAneg_BCG_44wk"
"PRKD2",0.647785704795838,-0.200507409871708,0.386,0.353,1,"13","BCG_treated","week44","IGRApos_BCG_44wk_vs_IGRAneg_BCG_44wk"
"CDKN1B",0.647879297025353,0.282720790725705,0.302,0.202,1,"13","BCG_treated","week44","IGRApos_BCG_44wk_vs_IGRAneg_BCG_44wk"
"GNE",0.64796425227752,-0.17904051304125,0.175,0.15,1,"13","BCG_treated","week44","IGRApos_BCG_44wk_vs_IGRAneg_BCG_44wk"
"TBX21",0.648295437886401,-0.151703373473241,0.238,0.208,1,"13","BCG_treated","week44","IGRApos_BCG_44wk_vs_IGRAneg_BCG_44wk"
"CCDC12",0.648475575204073,0.148878515360154,0.503,0.434,1,"13","BCG_treated","week44","IGRApos_BCG_44wk_vs_IGRAneg_BCG_44wk"
"EXD2",0.648886040126087,0.177542408164169,0.108,0.075,1,"13","BCG_treated","week44","IGRApos_BCG_44wk_vs_IGRAneg_BCG_44wk"
"GATA3",0.649311079919166,-0.106389114850962,0.365,0.347,1,"13","BCG_treated","week44","IGRApos_BCG_44wk_vs_IGRAneg_BCG_44wk"
"GIMAP6",0.649550545030552,0.100436790926758,0.492,0.428,1,"13","BCG_treated","week44","IGRApos_BCG_44wk_vs_IGRAneg_BCG_44wk"
"TAGAP",0.64964630467422,-0.135687660732854,0.259,0.254,1,"13","BCG_treated","week44","IGRApos_BCG_44wk_vs_IGRAneg_BCG_44wk"
"SMARCAL1",0.649811632263465,0.333798353303447,0.325,0.22,1,"13","BCG_treated","week44","IGRApos_BCG_44wk_vs_IGRAneg_BCG_44wk"
"MEMO1",0.650832419923009,0.144645857679368,0.749,0.607,1,"13","BCG_treated","week44","IGRApos_BCG_44wk_vs_IGRAneg_BCG_44wk"
"SRD5A1",0.650911698520277,0.334742167020873,0.138,0.092,1,"13","BCG_treated","week44","IGRApos_BCG_44wk_vs_IGRAneg_BCG_44wk"
"ENSG00000253636",0.650944648679284,0.50218946337829,0.169,0.116,1,"13","BCG_treated","week44","IGRApos_BCG_44wk_vs_IGRAneg_BCG_44wk"
"ANKAR",0.651555821147531,-0.339533948056567,0.225,0.225,1,"13","BCG_treated","week44","IGRApos_BCG_44wk_vs_IGRAneg_BCG_44wk"
"EVI5L",0.65171042073366,0.731429176203798,0.106,0.069,1,"13","BCG_treated","week44","IGRApos_BCG_44wk_vs_IGRAneg_BCG_44wk"
"SEC11C",0.651896112544144,-0.181561182045511,0.138,0.127,1,"13","BCG_treated","week44","IGRApos_BCG_44wk_vs_IGRAneg_BCG_44wk"
"STX8",0.652462313857379,0.127063640831088,0.648,0.561,1,"13","BCG_treated","week44","IGRApos_BCG_44wk_vs_IGRAneg_BCG_44wk"
"XBP1",0.652858308084144,0.176380498429487,0.288,0.22,1,"13","BCG_treated","week44","IGRApos_BCG_44wk_vs_IGRAneg_BCG_44wk"
"CHASERR",0.65303370015951,-0.294968420161363,0.183,0.168,1,"13","BCG_treated","week44","IGRApos_BCG_44wk_vs_IGRAneg_BCG_44wk"
"ZNF337-AS1",0.653095099609285,-0.497360990085621,0.156,0.156,1,"13","BCG_treated","week44","IGRApos_BCG_44wk_vs_IGRAneg_BCG_44wk"
"RFTN1",0.653178892965664,0.143100918002159,0.947,0.884,1,"13","BCG_treated","week44","IGRApos_BCG_44wk_vs_IGRAneg_BCG_44wk"
"OGT",0.654105759147725,0.178048577013675,0.897,0.775,1,"13","BCG_treated","week44","IGRApos_BCG_44wk_vs_IGRAneg_BCG_44wk"
"BRD9",0.654284145821395,0.292796451526128,0.362,0.289,1,"13","BCG_treated","week44","IGRApos_BCG_44wk_vs_IGRAneg_BCG_44wk"
"ZNF224",0.654328953299064,-0.159555877586633,0.278,0.254,1,"13","BCG_treated","week44","IGRApos_BCG_44wk_vs_IGRAneg_BCG_44wk"
"PTPRD",0.654660450590244,0.126052676602466,0.101,0.098,1,"13","BCG_treated","week44","IGRApos_BCG_44wk_vs_IGRAneg_BCG_44wk"
"ITGB1-DT",0.655060355280222,0.579062241669358,0.103,0.081,1,"13","BCG_treated","week44","IGRApos_BCG_44wk_vs_IGRAneg_BCG_44wk"
"ARMCX5-GPRASP2",0.65518192195666,-0.139461281479397,0.103,0.104,1,"13","BCG_treated","week44","IGRApos_BCG_44wk_vs_IGRAneg_BCG_44wk"
"HPS3",0.655524517956643,0.318318205890864,0.341,0.231,1,"13","BCG_treated","week44","IGRApos_BCG_44wk_vs_IGRAneg_BCG_44wk"
"C15orf40",0.656047112429579,0.593946883265638,0.148,0.098,1,"13","BCG_treated","week44","IGRApos_BCG_44wk_vs_IGRAneg_BCG_44wk"
"CDK11B",0.656279375914697,-0.136487520081721,0.275,0.266,1,"13","BCG_treated","week44","IGRApos_BCG_44wk_vs_IGRAneg_BCG_44wk"
"TUFM",0.65692665086479,0.491556483245446,0.177,0.11,1,"13","BCG_treated","week44","IGRApos_BCG_44wk_vs_IGRAneg_BCG_44wk"
"ZMAT3",0.656997564986988,-0.25604004647858,0.206,0.179,1,"13","BCG_treated","week44","IGRApos_BCG_44wk_vs_IGRAneg_BCG_44wk"
"OSBPL11",0.657026971986307,0.119491171948101,0.217,0.162,1,"13","BCG_treated","week44","IGRApos_BCG_44wk_vs_IGRAneg_BCG_44wk"
"IPO9",0.657273099973993,0.339465377706064,0.519,0.405,1,"13","BCG_treated","week44","IGRApos_BCG_44wk_vs_IGRAneg_BCG_44wk"
"SLC44A1",0.657480083097413,-0.145350754870129,0.233,0.214,1,"13","BCG_treated","week44","IGRApos_BCG_44wk_vs_IGRAneg_BCG_44wk"
"SAMD8",0.657718957021133,-0.165462512722805,0.336,0.283,1,"13","BCG_treated","week44","IGRApos_BCG_44wk_vs_IGRAneg_BCG_44wk"
"TMEM87A",0.657877976351692,-0.21497822114661,0.542,0.48,1,"13","BCG_treated","week44","IGRApos_BCG_44wk_vs_IGRAneg_BCG_44wk"
"VSIR",0.657955976935843,0.574720858441371,0.114,0.064,1,"13","BCG_treated","week44","IGRApos_BCG_44wk_vs_IGRAneg_BCG_44wk"
"GM2A",0.658049310428637,-0.416765227744456,0.132,0.121,1,"13","BCG_treated","week44","IGRApos_BCG_44wk_vs_IGRAneg_BCG_44wk"
"ENSG00000254732",0.658718388260473,0.317704966097275,0.106,0.069,1,"13","BCG_treated","week44","IGRApos_BCG_44wk_vs_IGRAneg_BCG_44wk"
"GLCE",0.659259731972377,-0.331300740430459,0.101,0.104,1,"13","BCG_treated","week44","IGRApos_BCG_44wk_vs_IGRAneg_BCG_44wk"
"RNF2",0.659687334844296,-0.220094326122636,0.317,0.277,1,"13","BCG_treated","week44","IGRApos_BCG_44wk_vs_IGRAneg_BCG_44wk"
"ANKRD49",0.659910648339516,-0.229063316217804,0.167,0.15,1,"13","BCG_treated","week44","IGRApos_BCG_44wk_vs_IGRAneg_BCG_44wk"
"ZFP82",0.660005079517282,-0.275039724329398,0.101,0.098,1,"13","BCG_treated","week44","IGRApos_BCG_44wk_vs_IGRAneg_BCG_44wk"
"IFI35",0.660315205470975,0.202380663416089,0.148,0.098,1,"13","BCG_treated","week44","IGRApos_BCG_44wk_vs_IGRAneg_BCG_44wk"
"ENSG00000285953",0.660378419379531,0.495532701432325,0.116,0.075,1,"13","BCG_treated","week44","IGRApos_BCG_44wk_vs_IGRAneg_BCG_44wk"
"CLDND1",0.660465258709262,0.256052163212998,0.725,0.613,1,"13","BCG_treated","week44","IGRApos_BCG_44wk_vs_IGRAneg_BCG_44wk"
"GDAP2",0.660520223287468,0.155068477814059,0.468,0.358,1,"13","BCG_treated","week44","IGRApos_BCG_44wk_vs_IGRAneg_BCG_44wk"
"MTG1",0.661081341208959,0.320634438476536,0.394,0.289,1,"13","BCG_treated","week44","IGRApos_BCG_44wk_vs_IGRAneg_BCG_44wk"
"FRY",0.66154472090061,-0.253678209309023,0.41,0.41,1,"13","BCG_treated","week44","IGRApos_BCG_44wk_vs_IGRAneg_BCG_44wk"
"RGS3",0.661718751495327,-0.174376982807734,0.37,0.353,1,"13","BCG_treated","week44","IGRApos_BCG_44wk_vs_IGRAneg_BCG_44wk"
"CAPN1",0.661755268494316,0.191880935707845,0.257,0.214,1,"13","BCG_treated","week44","IGRApos_BCG_44wk_vs_IGRAneg_BCG_44wk"
"TCAF2",0.662071217687475,-0.111225924268368,0.13,0.098,1,"13","BCG_treated","week44","IGRApos_BCG_44wk_vs_IGRAneg_BCG_44wk"
"ADHFE1",0.662202640372634,-0.120072598104811,0.156,0.145,1,"13","BCG_treated","week44","IGRApos_BCG_44wk_vs_IGRAneg_BCG_44wk"
"TSR1",0.662540097767603,-0.220883048465373,0.238,0.22,1,"13","BCG_treated","week44","IGRApos_BCG_44wk_vs_IGRAneg_BCG_44wk"
"CHP1",0.66291303924057,0.195210319172741,0.206,0.139,1,"13","BCG_treated","week44","IGRApos_BCG_44wk_vs_IGRAneg_BCG_44wk"
"CEP63",0.662974894676554,-0.235234175539205,0.32,0.301,1,"13","BCG_treated","week44","IGRApos_BCG_44wk_vs_IGRAneg_BCG_44wk"
"DARS1",0.66307691458859,0.159303928869817,0.593,0.52,1,"13","BCG_treated","week44","IGRApos_BCG_44wk_vs_IGRAneg_BCG_44wk"
"IDH3G",0.663343239075281,-0.160720594689189,0.103,0.092,1,"13","BCG_treated","week44","IGRApos_BCG_44wk_vs_IGRAneg_BCG_44wk"
"PLXDC2",0.663515803963264,-0.327166605751012,0.148,0.127,1,"13","BCG_treated","week44","IGRApos_BCG_44wk_vs_IGRAneg_BCG_44wk"
"ENTPD6",0.663809362595748,0.176481719713054,0.153,0.104,1,"13","BCG_treated","week44","IGRApos_BCG_44wk_vs_IGRAneg_BCG_44wk"
"GIPR",0.664230458880496,0.348169395251438,0.146,0.098,1,"13","BCG_treated","week44","IGRApos_BCG_44wk_vs_IGRAneg_BCG_44wk"
"ENSG00000274322",0.664749598720093,-0.690488788498873,0.119,0.127,1,"13","BCG_treated","week44","IGRApos_BCG_44wk_vs_IGRAneg_BCG_44wk"
"RASSF8",0.664810767692014,-0.179940807225603,0.307,0.254,1,"13","BCG_treated","week44","IGRApos_BCG_44wk_vs_IGRAneg_BCG_44wk"
"APTX",0.665602453875209,0.302601219024483,0.302,0.202,1,"13","BCG_treated","week44","IGRApos_BCG_44wk_vs_IGRAneg_BCG_44wk"
"CDRT4",0.665875426104296,-0.138311592082152,0.156,0.133,1,"13","BCG_treated","week44","IGRApos_BCG_44wk_vs_IGRAneg_BCG_44wk"
"PRKD3",0.665904652828886,-0.122426073481372,0.452,0.41,1,"13","BCG_treated","week44","IGRApos_BCG_44wk_vs_IGRAneg_BCG_44wk"
"ARNT",0.665967638534448,-0.164907679938284,0.36,0.335,1,"13","BCG_treated","week44","IGRApos_BCG_44wk_vs_IGRAneg_BCG_44wk"
"WDR75",0.665975908372502,0.456954147432808,0.333,0.225,1,"13","BCG_treated","week44","IGRApos_BCG_44wk_vs_IGRAneg_BCG_44wk"
"STAM",0.666437063617383,0.231384285699638,0.772,0.624,1,"13","BCG_treated","week44","IGRApos_BCG_44wk_vs_IGRAneg_BCG_44wk"
"KAT7",0.666801617365056,0.240148701984278,0.37,0.272,1,"13","BCG_treated","week44","IGRApos_BCG_44wk_vs_IGRAneg_BCG_44wk"
"ENSG00000291147",0.666806215036349,0.530554530917178,0.119,0.069,1,"13","BCG_treated","week44","IGRApos_BCG_44wk_vs_IGRAneg_BCG_44wk"
"WDFY1",0.666838153816885,0.455883033812086,0.431,0.324,1,"13","BCG_treated","week44","IGRApos_BCG_44wk_vs_IGRAneg_BCG_44wk"
"INPP4A",0.667167947864405,-0.120429286190531,0.794,0.74,1,"13","BCG_treated","week44","IGRApos_BCG_44wk_vs_IGRAneg_BCG_44wk"
"FAR1",0.667413133548195,-0.101599980669757,0.471,0.428,1,"13","BCG_treated","week44","IGRApos_BCG_44wk_vs_IGRAneg_BCG_44wk"
"ERCC6L2",0.667671696364437,-0.139353113625076,0.389,0.358,1,"13","BCG_treated","week44","IGRApos_BCG_44wk_vs_IGRAneg_BCG_44wk"
"SRP54",0.667778443607632,-0.109132788692592,0.439,0.376,1,"13","BCG_treated","week44","IGRApos_BCG_44wk_vs_IGRAneg_BCG_44wk"
"PSMB5",0.669030607116226,0.25092027987334,0.101,0.081,1,"13","BCG_treated","week44","IGRApos_BCG_44wk_vs_IGRAneg_BCG_44wk"
"SPHK2",0.669232747117161,0.331023862164625,0.127,0.075,1,"13","BCG_treated","week44","IGRApos_BCG_44wk_vs_IGRAneg_BCG_44wk"
"FUT10",0.669410269224623,-0.569217693250876,0.143,0.156,1,"13","BCG_treated","week44","IGRApos_BCG_44wk_vs_IGRAneg_BCG_44wk"
"RABL2A",0.669707743604923,-0.36190369026668,0.116,0.116,1,"13","BCG_treated","week44","IGRApos_BCG_44wk_vs_IGRAneg_BCG_44wk"
"PRPF38A",0.669776619771202,-0.106854102031312,0.262,0.197,1,"13","BCG_treated","week44","IGRApos_BCG_44wk_vs_IGRAneg_BCG_44wk"
"ENSG00000285976",0.67000042942092,-0.310827343742728,0.116,0.11,1,"13","BCG_treated","week44","IGRApos_BCG_44wk_vs_IGRAneg_BCG_44wk"
"RPAP3",0.670445739372772,-0.188672932040682,0.233,0.197,1,"13","BCG_treated","week44","IGRApos_BCG_44wk_vs_IGRAneg_BCG_44wk"
"ANKFY1",0.670498213180977,0.234845833431474,0.556,0.445,1,"13","BCG_treated","week44","IGRApos_BCG_44wk_vs_IGRAneg_BCG_44wk"
"HERC3",0.67055617778921,0.160253778817099,0.59,0.468,1,"13","BCG_treated","week44","IGRApos_BCG_44wk_vs_IGRAneg_BCG_44wk"
"CCL5",0.670717611520372,-0.308790449903193,0.212,0.197,1,"13","BCG_treated","week44","IGRApos_BCG_44wk_vs_IGRAneg_BCG_44wk"
"CXCR3",0.670811452902464,-0.564241430426891,0.146,0.15,1,"13","BCG_treated","week44","IGRApos_BCG_44wk_vs_IGRAneg_BCG_44wk"
"DDX42",0.670813384514646,0.169234836399486,0.511,0.399,1,"13","BCG_treated","week44","IGRApos_BCG_44wk_vs_IGRAneg_BCG_44wk"
"ZNF639",0.671046319536164,0.506591149258156,0.13,0.087,1,"13","BCG_treated","week44","IGRApos_BCG_44wk_vs_IGRAneg_BCG_44wk"
"BAIAP2L2",0.67115712173304,-0.466436639207216,0.127,0.127,1,"13","BCG_treated","week44","IGRApos_BCG_44wk_vs_IGRAneg_BCG_44wk"
"ACAD11",0.671348456972834,0.461747809263255,0.23,0.162,1,"13","BCG_treated","week44","IGRApos_BCG_44wk_vs_IGRAneg_BCG_44wk"
"PM20D2",0.671579153007668,0.317435296291436,0.119,0.069,1,"13","BCG_treated","week44","IGRApos_BCG_44wk_vs_IGRAneg_BCG_44wk"
"TAF1A",0.671855106550443,0.116623207266605,0.103,0.064,1,"13","BCG_treated","week44","IGRApos_BCG_44wk_vs_IGRAneg_BCG_44wk"
"INTS10",0.672064283889561,0.411371170152893,0.344,0.237,1,"13","BCG_treated","week44","IGRApos_BCG_44wk_vs_IGRAneg_BCG_44wk"
"ENSG00000291283",0.672104907726744,-0.43438815278727,0.114,0.104,1,"13","BCG_treated","week44","IGRApos_BCG_44wk_vs_IGRAneg_BCG_44wk"
"NXPE3",0.672432954747772,0.138078923214428,0.175,0.127,1,"13","BCG_treated","week44","IGRApos_BCG_44wk_vs_IGRAneg_BCG_44wk"
"VASH1",0.673133390807556,-0.152408030789419,0.341,0.329,1,"13","BCG_treated","week44","IGRApos_BCG_44wk_vs_IGRAneg_BCG_44wk"
"CHAMP1",0.67323273885088,-0.19414535160294,0.103,0.098,1,"13","BCG_treated","week44","IGRApos_BCG_44wk_vs_IGRAneg_BCG_44wk"
"IMPA1",0.67329478198659,-0.188412788717555,0.217,0.179,1,"13","BCG_treated","week44","IGRApos_BCG_44wk_vs_IGRAneg_BCG_44wk"
"RANGAP1",0.673902927910168,0.229777245446255,0.299,0.202,1,"13","BCG_treated","week44","IGRApos_BCG_44wk_vs_IGRAneg_BCG_44wk"
"PACC1",0.674066056681121,-0.348102631551994,0.116,0.098,1,"13","BCG_treated","week44","IGRApos_BCG_44wk_vs_IGRAneg_BCG_44wk"
"PANX1",0.674992841708328,-0.442218847630017,0.108,0.11,1,"13","BCG_treated","week44","IGRApos_BCG_44wk_vs_IGRAneg_BCG_44wk"
"PDCL3P4",0.675373872634931,-0.245004672059915,0.172,0.15,1,"13","BCG_treated","week44","IGRApos_BCG_44wk_vs_IGRAneg_BCG_44wk"
"GLB1",0.675652573786199,0.288437329672979,0.304,0.22,1,"13","BCG_treated","week44","IGRApos_BCG_44wk_vs_IGRAneg_BCG_44wk"
"CEP95",0.675727501449821,0.245211328294364,0.471,0.358,1,"13","BCG_treated","week44","IGRApos_BCG_44wk_vs_IGRAneg_BCG_44wk"
"VAMP4",0.676226905083289,0.288553052605506,0.151,0.098,1,"13","BCG_treated","week44","IGRApos_BCG_44wk_vs_IGRAneg_BCG_44wk"
"ATP5F1A",0.676363615321471,0.131485677168705,0.312,0.231,1,"13","BCG_treated","week44","IGRApos_BCG_44wk_vs_IGRAneg_BCG_44wk"
"YLPM1",0.676529246644382,0.227292409058812,0.669,0.566,1,"13","BCG_treated","week44","IGRApos_BCG_44wk_vs_IGRAneg_BCG_44wk"
"CSRNP1",0.676649643733559,-0.259391252562304,0.193,0.185,1,"13","BCG_treated","week44","IGRApos_BCG_44wk_vs_IGRAneg_BCG_44wk"
"RAB30-DT",0.676944826899373,0.227686196534726,0.352,0.277,1,"13","BCG_treated","week44","IGRApos_BCG_44wk_vs_IGRAneg_BCG_44wk"
"POLR1HASP",0.677577303954682,0.262089053503867,0.249,0.179,1,"13","BCG_treated","week44","IGRApos_BCG_44wk_vs_IGRAneg_BCG_44wk"
"DLEU2",0.678405666842361,0.126164810237364,0.849,0.78,1,"13","BCG_treated","week44","IGRApos_BCG_44wk_vs_IGRAneg_BCG_44wk"
"SLFN13",0.678507284921214,0.188437667772042,0.772,0.682,1,"13","BCG_treated","week44","IGRApos_BCG_44wk_vs_IGRAneg_BCG_44wk"
"IFT52",0.678520970053908,-0.16141412958646,0.143,0.121,1,"13","BCG_treated","week44","IGRApos_BCG_44wk_vs_IGRAneg_BCG_44wk"
"ZNF700",0.678848941717531,-0.237928342283818,0.296,0.254,1,"13","BCG_treated","week44","IGRApos_BCG_44wk_vs_IGRAneg_BCG_44wk"
"SEC24B",0.678941165563866,0.136208661503172,0.661,0.532,1,"13","BCG_treated","week44","IGRApos_BCG_44wk_vs_IGRAneg_BCG_44wk"
"POLR3B",0.679245615743414,-0.173390581910433,0.159,0.145,1,"13","BCG_treated","week44","IGRApos_BCG_44wk_vs_IGRAneg_BCG_44wk"
"R3HDM4",0.67988531216666,0.323405966515768,0.18,0.116,1,"13","BCG_treated","week44","IGRApos_BCG_44wk_vs_IGRAneg_BCG_44wk"
"SNRNP48",0.680496538944876,0.174617572125155,0.172,0.116,1,"13","BCG_treated","week44","IGRApos_BCG_44wk_vs_IGRAneg_BCG_44wk"
"DIPK1A",0.680883170133396,0.125855715364821,0.463,0.41,1,"13","BCG_treated","week44","IGRApos_BCG_44wk_vs_IGRAneg_BCG_44wk"
"VCPKMT",0.680970508011275,0.246099622218504,0.122,0.081,1,"13","BCG_treated","week44","IGRApos_BCG_44wk_vs_IGRAneg_BCG_44wk"
"LETMD1",0.681058550162849,-0.212622035148289,0.13,0.127,1,"13","BCG_treated","week44","IGRApos_BCG_44wk_vs_IGRAneg_BCG_44wk"
"ZSWIM7",0.681390673667546,-0.346926285829994,0.167,0.133,1,"13","BCG_treated","week44","IGRApos_BCG_44wk_vs_IGRAneg_BCG_44wk"
"RGS5",0.6818674809094,0.45812289572072,0.132,0.11,1,"13","BCG_treated","week44","IGRApos_BCG_44wk_vs_IGRAneg_BCG_44wk"
"ENSG00000255641",0.682137056255672,0.251194353664297,0.54,0.428,1,"13","BCG_treated","week44","IGRApos_BCG_44wk_vs_IGRAneg_BCG_44wk"
"GIMAP5",0.682905561840838,0.255859148908205,0.516,0.405,1,"13","BCG_treated","week44","IGRApos_BCG_44wk_vs_IGRAneg_BCG_44wk"
"PDE4DIP",0.683079146976601,-0.137378994650495,0.278,0.243,1,"13","BCG_treated","week44","IGRApos_BCG_44wk_vs_IGRAneg_BCG_44wk"
"FBXW4",0.683084119958603,0.125102729110882,0.624,0.491,1,"13","BCG_treated","week44","IGRApos_BCG_44wk_vs_IGRAneg_BCG_44wk"
"C4orf33",0.683381292157969,0.322296043253254,0.108,0.069,1,"13","BCG_treated","week44","IGRApos_BCG_44wk_vs_IGRAneg_BCG_44wk"
"PPP2R1A",0.683457102206401,-0.192569849110965,0.407,0.382,1,"13","BCG_treated","week44","IGRApos_BCG_44wk_vs_IGRAneg_BCG_44wk"
"RNF103",0.684007924014958,0.199352270755722,0.18,0.121,1,"13","BCG_treated","week44","IGRApos_BCG_44wk_vs_IGRAneg_BCG_44wk"
"KIAA1549",0.684209964270251,0.549417035082316,0.119,0.081,1,"13","BCG_treated","week44","IGRApos_BCG_44wk_vs_IGRAneg_BCG_44wk"
"WDR73",0.684339113050701,-0.321609845982828,0.151,0.156,1,"13","BCG_treated","week44","IGRApos_BCG_44wk_vs_IGRAneg_BCG_44wk"
"ZSWIM8",0.684506358890948,0.245513651319753,0.354,0.254,1,"13","BCG_treated","week44","IGRApos_BCG_44wk_vs_IGRAneg_BCG_44wk"
"AAGAB",0.68452219373437,0.142645356741038,0.5,0.393,1,"13","BCG_treated","week44","IGRApos_BCG_44wk_vs_IGRAneg_BCG_44wk"
"TRAPPC9",0.684604025671007,0.154745009411727,0.897,0.838,1,"13","BCG_treated","week44","IGRApos_BCG_44wk_vs_IGRAneg_BCG_44wk"
"LTO1",0.685095870194188,0.277824415255052,0.172,0.121,1,"13","BCG_treated","week44","IGRApos_BCG_44wk_vs_IGRAneg_BCG_44wk"
"PCCB",0.686240532716739,-0.270191777142784,0.217,0.197,1,"13","BCG_treated","week44","IGRApos_BCG_44wk_vs_IGRAneg_BCG_44wk"
"PRDM11",0.686830467971396,0.447625099948675,0.283,0.191,1,"13","BCG_treated","week44","IGRApos_BCG_44wk_vs_IGRAneg_BCG_44wk"
"ATG10",0.686883679659685,0.1947789777068,0.402,0.312,1,"13","BCG_treated","week44","IGRApos_BCG_44wk_vs_IGRAneg_BCG_44wk"
"CPOX",0.686962623986242,0.413579266012915,0.204,0.127,1,"13","BCG_treated","week44","IGRApos_BCG_44wk_vs_IGRAneg_BCG_44wk"
"ZBTB47-AS1",0.68702548203846,-0.450709566326434,0.087,0.104,1,"13","BCG_treated","week44","IGRApos_BCG_44wk_vs_IGRAneg_BCG_44wk"
"RUNDC1",0.687181408077556,-0.121551689690766,0.167,0.133,1,"13","BCG_treated","week44","IGRApos_BCG_44wk_vs_IGRAneg_BCG_44wk"
"STRADA",0.68731596584653,-0.269703109042408,0.135,0.127,1,"13","BCG_treated","week44","IGRApos_BCG_44wk_vs_IGRAneg_BCG_44wk"
"RAB43",0.687586256077211,0.165383356419191,0.45,0.341,1,"13","BCG_treated","week44","IGRApos_BCG_44wk_vs_IGRAneg_BCG_44wk"
"CSTPP1",0.687863383406008,-0.100745931042499,0.489,0.428,1,"13","BCG_treated","week44","IGRApos_BCG_44wk_vs_IGRAneg_BCG_44wk"
"CCDC43",0.688022381721789,-0.12904533670694,0.127,0.116,1,"13","BCG_treated","week44","IGRApos_BCG_44wk_vs_IGRAneg_BCG_44wk"
"ATRN",0.688126485355824,0.224965596825891,0.529,0.41,1,"13","BCG_treated","week44","IGRApos_BCG_44wk_vs_IGRAneg_BCG_44wk"
"UNC93B1",0.688344840912808,-0.742714248024411,0.13,0.139,1,"13","BCG_treated","week44","IGRApos_BCG_44wk_vs_IGRAneg_BCG_44wk"
"TRIM5",0.688581408951899,0.277378405101453,0.376,0.272,1,"13","BCG_treated","week44","IGRApos_BCG_44wk_vs_IGRAneg_BCG_44wk"
"EHMT1",0.688673878542683,0.155583696892799,0.926,0.832,1,"13","BCG_treated","week44","IGRApos_BCG_44wk_vs_IGRAneg_BCG_44wk"
"TIAM2",0.688754071756952,0.16497601980744,0.542,0.422,1,"13","BCG_treated","week44","IGRApos_BCG_44wk_vs_IGRAneg_BCG_44wk"
"PLEKHM2",0.688777370408534,0.268214363324773,0.257,0.168,1,"13","BCG_treated","week44","IGRApos_BCG_44wk_vs_IGRAneg_BCG_44wk"
"ARMC9",0.689069892912669,0.35503796994979,0.238,0.179,1,"13","BCG_treated","week44","IGRApos_BCG_44wk_vs_IGRAneg_BCG_44wk"
"SACM1L",0.68923700130435,0.103284718040749,0.767,0.682,1,"13","BCG_treated","week44","IGRApos_BCG_44wk_vs_IGRAneg_BCG_44wk"
"TRMT13",0.689294334869818,0.123872688511512,0.243,0.214,1,"13","BCG_treated","week44","IGRApos_BCG_44wk_vs_IGRAneg_BCG_44wk"
"F11R",0.68967970589721,0.100824729436739,0.138,0.127,1,"13","BCG_treated","week44","IGRApos_BCG_44wk_vs_IGRAneg_BCG_44wk"
"FOXK1",0.690697313351733,0.263436415184305,0.5,0.37,1,"13","BCG_treated","week44","IGRApos_BCG_44wk_vs_IGRAneg_BCG_44wk"
"UEVLD",0.690860573937778,-0.291368549129966,0.291,0.277,1,"13","BCG_treated","week44","IGRApos_BCG_44wk_vs_IGRAneg_BCG_44wk"
"KIF3B",0.690942922457539,0.291843310217507,0.331,0.26,1,"13","BCG_treated","week44","IGRApos_BCG_44wk_vs_IGRAneg_BCG_44wk"
"EPS15L1",0.691052096100059,0.222783354092814,0.746,0.636,1,"13","BCG_treated","week44","IGRApos_BCG_44wk_vs_IGRAneg_BCG_44wk"
"AP1G2",0.691139218425082,0.170144703785523,0.394,0.283,1,"13","BCG_treated","week44","IGRApos_BCG_44wk_vs_IGRAneg_BCG_44wk"
"KMT2D",0.691733059563795,0.287269681460455,0.709,0.561,1,"13","BCG_treated","week44","IGRApos_BCG_44wk_vs_IGRAneg_BCG_44wk"
"ERCC5",0.691791707988099,0.406632079401607,0.471,0.329,1,"13","BCG_treated","week44","IGRApos_BCG_44wk_vs_IGRAneg_BCG_44wk"
"LIMS1",0.691897074397232,0.234581405413305,0.595,0.486,1,"13","BCG_treated","week44","IGRApos_BCG_44wk_vs_IGRAneg_BCG_44wk"
"MPST",0.691944985427864,-0.448041223168838,0.093,0.104,1,"13","BCG_treated","week44","IGRApos_BCG_44wk_vs_IGRAneg_BCG_44wk"
"COQ8B",0.692004569754943,0.613123542246541,0.127,0.092,1,"13","BCG_treated","week44","IGRApos_BCG_44wk_vs_IGRAneg_BCG_44wk"
"TPD52",0.6921466308582,0.666013642661726,0.214,0.133,1,"13","BCG_treated","week44","IGRApos_BCG_44wk_vs_IGRAneg_BCG_44wk"
"TDRD7",0.692174904046387,0.191246780472382,0.331,0.254,1,"13","BCG_treated","week44","IGRApos_BCG_44wk_vs_IGRAneg_BCG_44wk"
"USP5",0.692278788977396,0.137101594401042,0.122,0.081,1,"13","BCG_treated","week44","IGRApos_BCG_44wk_vs_IGRAneg_BCG_44wk"
"NPRL3",0.692546598542938,-0.151052943151437,0.214,0.197,1,"13","BCG_treated","week44","IGRApos_BCG_44wk_vs_IGRAneg_BCG_44wk"
"CDKL5",0.692985772497109,-0.180366826179409,0.175,0.162,1,"13","BCG_treated","week44","IGRApos_BCG_44wk_vs_IGRAneg_BCG_44wk"
"RPL36A",0.693001228738308,-0.288318265494187,0.146,0.127,1,"13","BCG_treated","week44","IGRApos_BCG_44wk_vs_IGRAneg_BCG_44wk"
"KAZN",0.693042976617344,0.729919645761474,0.103,0.087,1,"13","BCG_treated","week44","IGRApos_BCG_44wk_vs_IGRAneg_BCG_44wk"
"NDE1",0.693080040171587,0.340789962090951,0.614,0.486,1,"13","BCG_treated","week44","IGRApos_BCG_44wk_vs_IGRAneg_BCG_44wk"
"INTS14",0.693210304639956,-0.136491723224913,0.177,0.173,1,"13","BCG_treated","week44","IGRApos_BCG_44wk_vs_IGRAneg_BCG_44wk"
"ZNF875",0.693221453410475,0.227845997341563,0.36,0.266,1,"13","BCG_treated","week44","IGRApos_BCG_44wk_vs_IGRAneg_BCG_44wk"
"HINFP",0.693312962699422,-0.251619882628846,0.124,0.104,1,"13","BCG_treated","week44","IGRApos_BCG_44wk_vs_IGRAneg_BCG_44wk"
"SCRN1",0.693772206355304,0.160076288819561,0.204,0.15,1,"13","BCG_treated","week44","IGRApos_BCG_44wk_vs_IGRAneg_BCG_44wk"
"RFX3-DT",0.693844705792441,0.341536193006416,0.36,0.272,1,"13","BCG_treated","week44","IGRApos_BCG_44wk_vs_IGRAneg_BCG_44wk"
"PPP1CB",0.694087985434522,0.119436171801406,0.545,0.468,1,"13","BCG_treated","week44","IGRApos_BCG_44wk_vs_IGRAneg_BCG_44wk"
"SLC43A2",0.694357821056242,0.588593153142295,0.19,0.11,1,"13","BCG_treated","week44","IGRApos_BCG_44wk_vs_IGRAneg_BCG_44wk"
"ADNP2",0.694574998200225,0.395488847867457,0.124,0.075,1,"13","BCG_treated","week44","IGRApos_BCG_44wk_vs_IGRAneg_BCG_44wk"
"TIMMDC1",0.695381445866689,-0.385744798961107,0.204,0.191,1,"13","BCG_treated","week44","IGRApos_BCG_44wk_vs_IGRAneg_BCG_44wk"
"SRRT",0.695437984288514,0.154602245479007,0.381,0.283,1,"13","BCG_treated","week44","IGRApos_BCG_44wk_vs_IGRAneg_BCG_44wk"
"HAUS3",0.695474460325805,0.191604273614411,0.132,0.092,1,"13","BCG_treated","week44","IGRApos_BCG_44wk_vs_IGRAneg_BCG_44wk"
"IL15",0.695484844079354,0.139652760358613,0.23,0.173,1,"13","BCG_treated","week44","IGRApos_BCG_44wk_vs_IGRAneg_BCG_44wk"
"CCDC66",0.696021761504245,0.317480552424733,0.45,0.329,1,"13","BCG_treated","week44","IGRApos_BCG_44wk_vs_IGRAneg_BCG_44wk"
"DAG1",0.696444488064075,0.591182112851479,0.14,0.098,1,"13","BCG_treated","week44","IGRApos_BCG_44wk_vs_IGRAneg_BCG_44wk"
"CMAHP",0.696626298687167,0.191698811553035,0.46,0.353,1,"13","BCG_treated","week44","IGRApos_BCG_44wk_vs_IGRAneg_BCG_44wk"
"GPBP1L1",0.696831107926308,0.123232904176397,0.677,0.601,1,"13","BCG_treated","week44","IGRApos_BCG_44wk_vs_IGRAneg_BCG_44wk"
"LINC00963",0.696868131172477,-0.599258746720996,0.151,0.145,1,"13","BCG_treated","week44","IGRApos_BCG_44wk_vs_IGRAneg_BCG_44wk"
"TGDS",0.69796251604738,-0.264637401126233,0.114,0.098,1,"13","BCG_treated","week44","IGRApos_BCG_44wk_vs_IGRAneg_BCG_44wk"
"FBF1",0.698128109273111,0.416395937465869,0.108,0.069,1,"13","BCG_treated","week44","IGRApos_BCG_44wk_vs_IGRAneg_BCG_44wk"
"ZNF283",0.698428974145237,0.225871134229953,0.114,0.092,1,"13","BCG_treated","week44","IGRApos_BCG_44wk_vs_IGRAneg_BCG_44wk"
"IL10RA",0.698602585026409,0.194480653589516,0.683,0.572,1,"13","BCG_treated","week44","IGRApos_BCG_44wk_vs_IGRAneg_BCG_44wk"
"RCL1",0.698847573711283,-0.204834462808618,0.222,0.202,1,"13","BCG_treated","week44","IGRApos_BCG_44wk_vs_IGRAneg_BCG_44wk"
"ADCY9",0.698849174931953,0.253156807115845,0.302,0.243,1,"13","BCG_treated","week44","IGRApos_BCG_44wk_vs_IGRAneg_BCG_44wk"
"VBP1",0.699069816137101,0.135688392208451,0.151,0.098,1,"13","BCG_treated","week44","IGRApos_BCG_44wk_vs_IGRAneg_BCG_44wk"
"ARL6IP1",0.699677895189392,-0.216972043429406,0.307,0.295,1,"13","BCG_treated","week44","IGRApos_BCG_44wk_vs_IGRAneg_BCG_44wk"
"RBM4B",0.701030066767304,-0.291408050743678,0.103,0.104,1,"13","BCG_treated","week44","IGRApos_BCG_44wk_vs_IGRAneg_BCG_44wk"
"D2HGDH",0.701127066455204,0.591451421015814,0.138,0.081,1,"13","BCG_treated","week44","IGRApos_BCG_44wk_vs_IGRAneg_BCG_44wk"
"ENSG00000261884",0.701482620101376,-0.364915857636171,0.101,0.081,1,"13","BCG_treated","week44","IGRApos_BCG_44wk_vs_IGRAneg_BCG_44wk"
"ACTR3B",0.701698061248987,-0.148115889681401,0.183,0.185,1,"13","BCG_treated","week44","IGRApos_BCG_44wk_vs_IGRAneg_BCG_44wk"
"CASP4",0.702321537818258,0.120933507922447,0.333,0.272,1,"13","BCG_treated","week44","IGRApos_BCG_44wk_vs_IGRAneg_BCG_44wk"
"ATF6B",0.702428917355618,-0.241568645740994,0.294,0.272,1,"13","BCG_treated","week44","IGRApos_BCG_44wk_vs_IGRAneg_BCG_44wk"
"SQSTM1",0.702689510286246,0.127600574831444,0.622,0.497,1,"13","BCG_treated","week44","IGRApos_BCG_44wk_vs_IGRAneg_BCG_44wk"
"ZNF271P",0.703194913503411,-0.113838856677687,0.222,0.214,1,"13","BCG_treated","week44","IGRApos_BCG_44wk_vs_IGRAneg_BCG_44wk"
"DAXX",0.703669360253519,-0.133899906733319,0.222,0.191,1,"13","BCG_treated","week44","IGRApos_BCG_44wk_vs_IGRAneg_BCG_44wk"
"TRIM35",0.703717712306934,-0.249740949359704,0.156,0.162,1,"13","BCG_treated","week44","IGRApos_BCG_44wk_vs_IGRAneg_BCG_44wk"
"YEATS2",0.703839407722377,0.20696074367696,0.513,0.422,1,"13","BCG_treated","week44","IGRApos_BCG_44wk_vs_IGRAneg_BCG_44wk"
"COX5B",0.704201073051536,-0.500193493581028,0.108,0.098,1,"13","BCG_treated","week44","IGRApos_BCG_44wk_vs_IGRAneg_BCG_44wk"
"CEP170",0.704410896542878,0.357222082463664,0.315,0.254,1,"13","BCG_treated","week44","IGRApos_BCG_44wk_vs_IGRAneg_BCG_44wk"
"SMYD4",0.704412837924936,-0.117152810899484,0.185,0.156,1,"13","BCG_treated","week44","IGRApos_BCG_44wk_vs_IGRAneg_BCG_44wk"
"GATAD1",0.704980103637622,-0.127691416869755,0.254,0.22,1,"13","BCG_treated","week44","IGRApos_BCG_44wk_vs_IGRAneg_BCG_44wk"
"LSM7",0.705165158575303,-0.207406190865941,0.114,0.092,1,"13","BCG_treated","week44","IGRApos_BCG_44wk_vs_IGRAneg_BCG_44wk"
"RPAIN",0.705348482237652,-0.175830588725406,0.201,0.185,1,"13","BCG_treated","week44","IGRApos_BCG_44wk_vs_IGRAneg_BCG_44wk"
"ZNF100",0.706221684413167,0.428496164280721,0.291,0.197,1,"13","BCG_treated","week44","IGRApos_BCG_44wk_vs_IGRAneg_BCG_44wk"
"ACTL6A",0.706227284890061,-0.207520069520653,0.164,0.139,1,"13","BCG_treated","week44","IGRApos_BCG_44wk_vs_IGRAneg_BCG_44wk"
"HPS4",0.70661488031415,0.148326383493129,0.257,0.197,1,"13","BCG_treated","week44","IGRApos_BCG_44wk_vs_IGRAneg_BCG_44wk"
"RBM45",0.706885820582632,-0.350403760568853,0.132,0.116,1,"13","BCG_treated","week44","IGRApos_BCG_44wk_vs_IGRAneg_BCG_44wk"
"FAM118B",0.707450100490564,-0.169297127306487,0.148,0.145,1,"13","BCG_treated","week44","IGRApos_BCG_44wk_vs_IGRAneg_BCG_44wk"
"PRKACB",0.707515567835404,0.137588199760798,0.683,0.561,1,"13","BCG_treated","week44","IGRApos_BCG_44wk_vs_IGRAneg_BCG_44wk"
"AAR2",0.707888578909297,0.514056498110537,0.151,0.104,1,"13","BCG_treated","week44","IGRApos_BCG_44wk_vs_IGRAneg_BCG_44wk"
"RIPOR1",0.707909574985142,-0.23383148956669,0.18,0.156,1,"13","BCG_treated","week44","IGRApos_BCG_44wk_vs_IGRAneg_BCG_44wk"
"EPS15-AS1",0.707920675236368,-0.126103559971263,0.116,0.127,1,"13","BCG_treated","week44","IGRApos_BCG_44wk_vs_IGRAneg_BCG_44wk"
"PRRC2A",0.708084701194709,0.244387927532552,0.587,0.48,1,"13","BCG_treated","week44","IGRApos_BCG_44wk_vs_IGRAneg_BCG_44wk"
"FBXO46",0.708783650456319,0.283440702246558,0.222,0.15,1,"13","BCG_treated","week44","IGRApos_BCG_44wk_vs_IGRAneg_BCG_44wk"
"ZNF621",0.70897978822341,0.192224595304578,0.188,0.156,1,"13","BCG_treated","week44","IGRApos_BCG_44wk_vs_IGRAneg_BCG_44wk"
"DISP1",0.709449893748923,0.146872075711511,0.365,0.295,1,"13","BCG_treated","week44","IGRApos_BCG_44wk_vs_IGRAneg_BCG_44wk"
"ZNF557",0.710722961754935,-0.186803303572201,0.193,0.156,1,"13","BCG_treated","week44","IGRApos_BCG_44wk_vs_IGRAneg_BCG_44wk"
"PLEK",0.710841168096056,-0.113776860577248,0.201,0.202,1,"13","BCG_treated","week44","IGRApos_BCG_44wk_vs_IGRAneg_BCG_44wk"
"DARS2",0.710911016590186,0.504095527909663,0.122,0.075,1,"13","BCG_treated","week44","IGRApos_BCG_44wk_vs_IGRAneg_BCG_44wk"
"ENSG00000260271",0.711420783742298,0.288741207681769,0.235,0.191,1,"13","BCG_treated","week44","IGRApos_BCG_44wk_vs_IGRAneg_BCG_44wk"
"SLC35A3",0.711837854457073,0.242321177296657,0.481,0.37,1,"13","BCG_treated","week44","IGRApos_BCG_44wk_vs_IGRAneg_BCG_44wk"
"SNRPG",0.712123357493734,0.416985202235245,0.159,0.11,1,"13","BCG_treated","week44","IGRApos_BCG_44wk_vs_IGRAneg_BCG_44wk"
"CPSF6",0.712249437790587,0.120066363525998,0.63,0.497,1,"13","BCG_treated","week44","IGRApos_BCG_44wk_vs_IGRAneg_BCG_44wk"
"ING4",0.712378775537494,0.479480453876588,0.185,0.121,1,"13","BCG_treated","week44","IGRApos_BCG_44wk_vs_IGRAneg_BCG_44wk"
"MLLT6",0.712390906402779,-0.13391596649315,0.672,0.578,1,"13","BCG_treated","week44","IGRApos_BCG_44wk_vs_IGRAneg_BCG_44wk"
"BAG5",0.712508571269004,0.433834527366624,0.196,0.127,1,"13","BCG_treated","week44","IGRApos_BCG_44wk_vs_IGRAneg_BCG_44wk"
"ZGPAT",0.712772627079648,0.488585698145176,0.14,0.087,1,"13","BCG_treated","week44","IGRApos_BCG_44wk_vs_IGRAneg_BCG_44wk"
"LRRC69",0.713053607641065,-0.391067536781108,0.175,0.191,1,"13","BCG_treated","week44","IGRApos_BCG_44wk_vs_IGRAneg_BCG_44wk"
"TRGC2",0.713061387244085,0.121546747399169,0.429,0.358,1,"13","BCG_treated","week44","IGRApos_BCG_44wk_vs_IGRAneg_BCG_44wk"
"SF3A2",0.713194020402266,-0.138746460099389,0.164,0.139,1,"13","BCG_treated","week44","IGRApos_BCG_44wk_vs_IGRAneg_BCG_44wk"
"ENSG00000251314",0.713218224588268,-0.255335871274202,0.106,0.098,1,"13","BCG_treated","week44","IGRApos_BCG_44wk_vs_IGRAneg_BCG_44wk"
"BDH1",0.713358993341112,0.379855036628895,0.28,0.197,1,"13","BCG_treated","week44","IGRApos_BCG_44wk_vs_IGRAneg_BCG_44wk"
"MAX",0.71424011296394,0.10278213863475,0.5,0.382,1,"13","BCG_treated","week44","IGRApos_BCG_44wk_vs_IGRAneg_BCG_44wk"
"SAMSN1",0.714723369038444,-0.162454451441574,0.889,0.844,1,"13","BCG_treated","week44","IGRApos_BCG_44wk_vs_IGRAneg_BCG_44wk"
"CNOT10",0.714917113418197,-0.168015147569754,0.357,0.312,1,"13","BCG_treated","week44","IGRApos_BCG_44wk_vs_IGRAneg_BCG_44wk"
"SLC7A6OS",0.715043792795952,-0.118005323860653,0.28,0.254,1,"13","BCG_treated","week44","IGRApos_BCG_44wk_vs_IGRAneg_BCG_44wk"
"ZNF43",0.715611225859066,0.159264356986495,0.296,0.254,1,"13","BCG_treated","week44","IGRApos_BCG_44wk_vs_IGRAneg_BCG_44wk"
"MLKL",0.716162565153285,-0.1945169705643,0.196,0.156,1,"13","BCG_treated","week44","IGRApos_BCG_44wk_vs_IGRAneg_BCG_44wk"
"GPAT4",0.716463283677077,0.131077521739848,0.352,0.289,1,"13","BCG_treated","week44","IGRApos_BCG_44wk_vs_IGRAneg_BCG_44wk"
"CASS4",0.716607994898238,-0.182459059233126,0.259,0.214,1,"13","BCG_treated","week44","IGRApos_BCG_44wk_vs_IGRAneg_BCG_44wk"
"UBTD2",0.716651844209255,0.239212130756451,0.222,0.173,1,"13","BCG_treated","week44","IGRApos_BCG_44wk_vs_IGRAneg_BCG_44wk"
"NF1",0.718307915039991,-0.148224722626856,0.698,0.659,1,"13","BCG_treated","week44","IGRApos_BCG_44wk_vs_IGRAneg_BCG_44wk"
"ENSG00000290921",0.718568117376807,0.386499309986009,0.188,0.127,1,"13","BCG_treated","week44","IGRApos_BCG_44wk_vs_IGRAneg_BCG_44wk"
"CDK16",0.718961159636398,0.340333395581257,0.143,0.092,1,"13","BCG_treated","week44","IGRApos_BCG_44wk_vs_IGRAneg_BCG_44wk"
"PTGER4",0.718980357902769,0.339636351943211,0.288,0.202,1,"13","BCG_treated","week44","IGRApos_BCG_44wk_vs_IGRAneg_BCG_44wk"
"TBC1D31",0.720508894618632,-0.111356588640638,0.384,0.341,1,"13","BCG_treated","week44","IGRApos_BCG_44wk_vs_IGRAneg_BCG_44wk"
"FGD5-AS1",0.721691216666511,0.128541797229513,0.241,0.173,1,"13","BCG_treated","week44","IGRApos_BCG_44wk_vs_IGRAneg_BCG_44wk"
"GIMAP8",0.721830434552206,0.170370203936228,0.627,0.52,1,"13","BCG_treated","week44","IGRApos_BCG_44wk_vs_IGRAneg_BCG_44wk"
"CPEB4",0.722041214261624,0.327757666501677,0.32,0.272,1,"13","BCG_treated","week44","IGRApos_BCG_44wk_vs_IGRAneg_BCG_44wk"
"IFT122",0.722391218513743,0.216495229590492,0.108,0.075,1,"13","BCG_treated","week44","IGRApos_BCG_44wk_vs_IGRAneg_BCG_44wk"
"IDI1",0.722458565140555,0.26130048875419,0.233,0.156,1,"13","BCG_treated","week44","IGRApos_BCG_44wk_vs_IGRAneg_BCG_44wk"
"PDIA5",0.722721599938441,0.414241002379994,0.296,0.22,1,"13","BCG_treated","week44","IGRApos_BCG_44wk_vs_IGRAneg_BCG_44wk"
"LIX1L",0.722729211988413,-0.257564126609857,0.119,0.11,1,"13","BCG_treated","week44","IGRApos_BCG_44wk_vs_IGRAneg_BCG_44wk"
"SPRING1",0.722957881439524,-0.346451190509417,0.122,0.104,1,"13","BCG_treated","week44","IGRApos_BCG_44wk_vs_IGRAneg_BCG_44wk"
"AOPEP",0.723057819471303,0.305110168384631,0.466,0.347,1,"13","BCG_treated","week44","IGRApos_BCG_44wk_vs_IGRAneg_BCG_44wk"
"GARRE1",0.723137778216032,0.311121571102708,0.386,0.295,1,"13","BCG_treated","week44","IGRApos_BCG_44wk_vs_IGRAneg_BCG_44wk"
"SCML4",0.72338334864542,-0.12684486936001,0.235,0.22,1,"13","BCG_treated","week44","IGRApos_BCG_44wk_vs_IGRAneg_BCG_44wk"
"NSUN4",0.723521624785794,0.363740301694909,0.169,0.127,1,"13","BCG_treated","week44","IGRApos_BCG_44wk_vs_IGRAneg_BCG_44wk"
"ZFP36L2",0.72362568774868,0.151774042244123,0.614,0.497,1,"13","BCG_treated","week44","IGRApos_BCG_44wk_vs_IGRAneg_BCG_44wk"
"RAB11FIP2",0.72369718778714,0.251702082655513,0.294,0.208,1,"13","BCG_treated","week44","IGRApos_BCG_44wk_vs_IGRAneg_BCG_44wk"
"EIF2AK4",0.723749975970564,0.205298533283643,0.328,0.272,1,"13","BCG_treated","week44","IGRApos_BCG_44wk_vs_IGRAneg_BCG_44wk"
"ZNF573",0.723852299720535,-0.21613526656615,0.135,0.127,1,"13","BCG_treated","week44","IGRApos_BCG_44wk_vs_IGRAneg_BCG_44wk"
"PCNT",0.724118997288719,0.177099301455559,0.484,0.364,1,"13","BCG_treated","week44","IGRApos_BCG_44wk_vs_IGRAneg_BCG_44wk"
"ZNF780A",0.724964217787042,0.26910218952035,0.175,0.139,1,"13","BCG_treated","week44","IGRApos_BCG_44wk_vs_IGRAneg_BCG_44wk"
"ADCY10P1",0.725773384775464,-0.264405140215726,0.108,0.087,1,"13","BCG_treated","week44","IGRApos_BCG_44wk_vs_IGRAneg_BCG_44wk"
"LRRC1",0.726496841459377,0.396656718567312,0.172,0.127,1,"13","BCG_treated","week44","IGRApos_BCG_44wk_vs_IGRAneg_BCG_44wk"
"COPS5",0.727232478544898,0.128189179298857,0.204,0.15,1,"13","BCG_treated","week44","IGRApos_BCG_44wk_vs_IGRAneg_BCG_44wk"
"MFHAS1",0.72727583035354,0.417776635638549,0.13,0.092,1,"13","BCG_treated","week44","IGRApos_BCG_44wk_vs_IGRAneg_BCG_44wk"
"FAM168B",0.727313348008815,0.24094364525614,0.41,0.312,1,"13","BCG_treated","week44","IGRApos_BCG_44wk_vs_IGRAneg_BCG_44wk"
"CPEB3",0.727861324521334,0.135389333696793,0.392,0.347,1,"13","BCG_treated","week44","IGRApos_BCG_44wk_vs_IGRAneg_BCG_44wk"
"MSANTD4",0.728028054253138,0.362012392357518,0.19,0.121,1,"13","BCG_treated","week44","IGRApos_BCG_44wk_vs_IGRAneg_BCG_44wk"
"RNF8",0.728042301367266,0.249916023881111,0.217,0.179,1,"13","BCG_treated","week44","IGRApos_BCG_44wk_vs_IGRAneg_BCG_44wk"
"EHD4",0.728889016581613,-0.393638384918088,0.161,0.162,1,"13","BCG_treated","week44","IGRApos_BCG_44wk_vs_IGRAneg_BCG_44wk"
"NOA1",0.729371090952875,0.424223544121596,0.138,0.098,1,"13","BCG_treated","week44","IGRApos_BCG_44wk_vs_IGRAneg_BCG_44wk"
"UBOX5",0.730225051578708,0.394795158917834,0.167,0.116,1,"13","BCG_treated","week44","IGRApos_BCG_44wk_vs_IGRAneg_BCG_44wk"
"MYLK-AS1",0.730412038396956,-0.224000620944223,0.172,0.173,1,"13","BCG_treated","week44","IGRApos_BCG_44wk_vs_IGRAneg_BCG_44wk"
"ZNF66",0.732477799693321,0.497922458142244,0.14,0.098,1,"13","BCG_treated","week44","IGRApos_BCG_44wk_vs_IGRAneg_BCG_44wk"
"ASL",0.732898051991292,0.252188245091042,0.185,0.127,1,"13","BCG_treated","week44","IGRApos_BCG_44wk_vs_IGRAneg_BCG_44wk"
"TRA2B",0.733174291172004,0.130599293184785,0.614,0.526,1,"13","BCG_treated","week44","IGRApos_BCG_44wk_vs_IGRAneg_BCG_44wk"
"DGLUCY",0.733249738131497,0.338826178553421,0.474,0.364,1,"13","BCG_treated","week44","IGRApos_BCG_44wk_vs_IGRAneg_BCG_44wk"
"MRE11",0.733830550850414,0.271136581311586,0.431,0.312,1,"13","BCG_treated","week44","IGRApos_BCG_44wk_vs_IGRAneg_BCG_44wk"
"MPP7",0.733915484665549,-0.158839943114143,0.434,0.382,1,"13","BCG_treated","week44","IGRApos_BCG_44wk_vs_IGRAneg_BCG_44wk"
"ZNF461",0.73394669166983,0.310675397236351,0.164,0.11,1,"13","BCG_treated","week44","IGRApos_BCG_44wk_vs_IGRAneg_BCG_44wk"
"ELMO2",0.734025810239795,0.242690041463892,0.489,0.387,1,"13","BCG_treated","week44","IGRApos_BCG_44wk_vs_IGRAneg_BCG_44wk"
"SPOUT1",0.734602143464186,0.147162127474946,0.156,0.116,1,"13","BCG_treated","week44","IGRApos_BCG_44wk_vs_IGRAneg_BCG_44wk"
"ISCA1",0.734722167162204,0.206865608525445,0.122,0.104,1,"13","BCG_treated","week44","IGRApos_BCG_44wk_vs_IGRAneg_BCG_44wk"
"PGLS",0.73567351977309,-0.525674349690458,0.111,0.104,1,"13","BCG_treated","week44","IGRApos_BCG_44wk_vs_IGRAneg_BCG_44wk"
"ACAA1",0.735712019757909,0.119052552652073,0.167,0.116,1,"13","BCG_treated","week44","IGRApos_BCG_44wk_vs_IGRAneg_BCG_44wk"
"ARHGAP25",0.736831946908312,0.199440869200627,0.548,0.474,1,"13","BCG_treated","week44","IGRApos_BCG_44wk_vs_IGRAneg_BCG_44wk"
"LINS1",0.736975171634958,0.150398412749556,0.246,0.214,1,"13","BCG_treated","week44","IGRApos_BCG_44wk_vs_IGRAneg_BCG_44wk"
"ARMCX3",0.737441761420206,0.360056279484763,0.135,0.11,1,"13","BCG_treated","week44","IGRApos_BCG_44wk_vs_IGRAneg_BCG_44wk"
"SMIM3",0.737486503275614,0.480469812044656,0.167,0.121,1,"13","BCG_treated","week44","IGRApos_BCG_44wk_vs_IGRAneg_BCG_44wk"
"LMAN2",0.738339493366947,-0.114596581290566,0.323,0.272,1,"13","BCG_treated","week44","IGRApos_BCG_44wk_vs_IGRAneg_BCG_44wk"
"ZNF124",0.738379449245801,0.18802251379051,0.193,0.15,1,"13","BCG_treated","week44","IGRApos_BCG_44wk_vs_IGRAneg_BCG_44wk"
"C1orf52",0.738554882009975,0.163139776446344,0.243,0.185,1,"13","BCG_treated","week44","IGRApos_BCG_44wk_vs_IGRAneg_BCG_44wk"
"METAP1",0.739131359735238,0.264975903397069,0.302,0.243,1,"13","BCG_treated","week44","IGRApos_BCG_44wk_vs_IGRAneg_BCG_44wk"
"ACVR1",0.739727950242948,-0.227096716392244,0.193,0.179,1,"13","BCG_treated","week44","IGRApos_BCG_44wk_vs_IGRAneg_BCG_44wk"
"CTSB",0.740425359289279,-0.116350212611938,0.119,0.092,1,"13","BCG_treated","week44","IGRApos_BCG_44wk_vs_IGRAneg_BCG_44wk"
"USP14",0.740650745295736,0.20369934193182,0.413,0.306,1,"13","BCG_treated","week44","IGRApos_BCG_44wk_vs_IGRAneg_BCG_44wk"
"ZNF646",0.74073404954965,0.230083506497112,0.151,0.11,1,"13","BCG_treated","week44","IGRApos_BCG_44wk_vs_IGRAneg_BCG_44wk"
"IL2RB",0.741651902352883,0.156038338469038,0.825,0.751,1,"13","BCG_treated","week44","IGRApos_BCG_44wk_vs_IGRAneg_BCG_44wk"
"CYRIA",0.741843808911371,0.221938808765993,0.31,0.243,1,"13","BCG_treated","week44","IGRApos_BCG_44wk_vs_IGRAneg_BCG_44wk"
"RNF19B",0.742185278680447,0.29467909127335,0.386,0.318,1,"13","BCG_treated","week44","IGRApos_BCG_44wk_vs_IGRAneg_BCG_44wk"
"PAK4",0.742614967382275,-0.12057498940689,0.198,0.173,1,"13","BCG_treated","week44","IGRApos_BCG_44wk_vs_IGRAneg_BCG_44wk"
"GLIPR2",0.7428474122743,-0.274289681141611,0.362,0.353,1,"13","BCG_treated","week44","IGRApos_BCG_44wk_vs_IGRAneg_BCG_44wk"
"DKC1",0.742924694708179,-0.199306084367419,0.246,0.191,1,"13","BCG_treated","week44","IGRApos_BCG_44wk_vs_IGRAneg_BCG_44wk"
"TTN",0.743126607969836,0.208875996000215,0.376,0.358,1,"13","BCG_treated","week44","IGRApos_BCG_44wk_vs_IGRAneg_BCG_44wk"
"GUK1",0.743913061558349,-0.234306007646686,0.146,0.133,1,"13","BCG_treated","week44","IGRApos_BCG_44wk_vs_IGRAneg_BCG_44wk"
"MAIP1",0.744025490301714,-0.308834968609994,0.119,0.121,1,"13","BCG_treated","week44","IGRApos_BCG_44wk_vs_IGRAneg_BCG_44wk"
"MIER3",0.744204043109371,0.3256521607049,0.259,0.173,1,"13","BCG_treated","week44","IGRApos_BCG_44wk_vs_IGRAneg_BCG_44wk"
"DPH1",0.744912925803097,0.188374817544546,0.169,0.11,1,"13","BCG_treated","week44","IGRApos_BCG_44wk_vs_IGRAneg_BCG_44wk"
"MRRF",0.744941236089108,0.219827316454694,0.23,0.191,1,"13","BCG_treated","week44","IGRApos_BCG_44wk_vs_IGRAneg_BCG_44wk"
"MINDY2",0.74507185886466,0.156534560677623,0.36,0.295,1,"13","BCG_treated","week44","IGRApos_BCG_44wk_vs_IGRAneg_BCG_44wk"
"BMS1P20",0.74507960127763,0.394468082422454,0.132,0.098,1,"13","BCG_treated","week44","IGRApos_BCG_44wk_vs_IGRAneg_BCG_44wk"
"AMMECR1L",0.7450953972299,0.492357283676705,0.243,0.173,1,"13","BCG_treated","week44","IGRApos_BCG_44wk_vs_IGRAneg_BCG_44wk"
"RTN3",0.745116565559782,0.187609022795747,0.376,0.295,1,"13","BCG_treated","week44","IGRApos_BCG_44wk_vs_IGRAneg_BCG_44wk"
"EMC7",0.745172598139193,0.570339555969093,0.161,0.11,1,"13","BCG_treated","week44","IGRApos_BCG_44wk_vs_IGRAneg_BCG_44wk"
"OFD1",0.745530971453058,0.123167885678064,0.624,0.509,1,"13","BCG_treated","week44","IGRApos_BCG_44wk_vs_IGRAneg_BCG_44wk"
"TBC1D10B",0.745651251847382,-0.117456650599643,0.167,0.133,1,"13","BCG_treated","week44","IGRApos_BCG_44wk_vs_IGRAneg_BCG_44wk"
"WBP4",0.745840316063391,0.341724624744684,0.212,0.145,1,"13","BCG_treated","week44","IGRApos_BCG_44wk_vs_IGRAneg_BCG_44wk"
"ENSG00000267787",0.745896984771145,-0.177387675697982,0.598,0.532,1,"13","BCG_treated","week44","IGRApos_BCG_44wk_vs_IGRAneg_BCG_44wk"
"ADAM17",0.746129479454684,0.126572515919606,0.46,0.353,1,"13","BCG_treated","week44","IGRApos_BCG_44wk_vs_IGRAneg_BCG_44wk"
"AMOTL1",0.74630041086208,-0.246535085046334,0.122,0.098,1,"13","BCG_treated","week44","IGRApos_BCG_44wk_vs_IGRAneg_BCG_44wk"
"DST",0.747011457123215,-0.250251446613792,0.206,0.179,1,"13","BCG_treated","week44","IGRApos_BCG_44wk_vs_IGRAneg_BCG_44wk"
"WDR36",0.747159435174446,-0.179295155720633,0.323,0.283,1,"13","BCG_treated","week44","IGRApos_BCG_44wk_vs_IGRAneg_BCG_44wk"
"CEP68",0.748234635691844,0.312595915954766,0.169,0.116,1,"13","BCG_treated","week44","IGRApos_BCG_44wk_vs_IGRAneg_BCG_44wk"
"CENPC",0.7482481511173,0.121753861748254,0.704,0.578,1,"13","BCG_treated","week44","IGRApos_BCG_44wk_vs_IGRAneg_BCG_44wk"
"MANEA",0.748400896576609,0.103674734673112,0.146,0.104,1,"13","BCG_treated","week44","IGRApos_BCG_44wk_vs_IGRAneg_BCG_44wk"
"MRPS21",0.748677728092775,-0.292807977124947,0.124,0.104,1,"13","BCG_treated","week44","IGRApos_BCG_44wk_vs_IGRAneg_BCG_44wk"
"VIPR2",0.7492346559428,0.425443174211744,0.122,0.075,1,"13","BCG_treated","week44","IGRApos_BCG_44wk_vs_IGRAneg_BCG_44wk"
"CYCS",0.749684379489944,0.270010956266201,0.183,0.121,1,"13","BCG_treated","week44","IGRApos_BCG_44wk_vs_IGRAneg_BCG_44wk"
"C1RL-AS1",0.749784954492429,0.286738321680503,0.169,0.121,1,"13","BCG_treated","week44","IGRApos_BCG_44wk_vs_IGRAneg_BCG_44wk"
"SLAIN2",0.750217685101789,0.14813058944071,0.534,0.462,1,"13","BCG_treated","week44","IGRApos_BCG_44wk_vs_IGRAneg_BCG_44wk"
"BAP1",0.750345135850184,-0.315918172541997,0.114,0.104,1,"13","BCG_treated","week44","IGRApos_BCG_44wk_vs_IGRAneg_BCG_44wk"
"HECTD3",0.751837874514136,-0.12976642437853,0.175,0.15,1,"13","BCG_treated","week44","IGRApos_BCG_44wk_vs_IGRAneg_BCG_44wk"
"HELQ",0.751936954944633,-0.252160966323635,0.19,0.179,1,"13","BCG_treated","week44","IGRApos_BCG_44wk_vs_IGRAneg_BCG_44wk"
"RMDN1",0.752156115462408,-0.151285647855624,0.214,0.197,1,"13","BCG_treated","week44","IGRApos_BCG_44wk_vs_IGRAneg_BCG_44wk"
"LTV1",0.752540450517322,-0.180761081752402,0.214,0.202,1,"13","BCG_treated","week44","IGRApos_BCG_44wk_vs_IGRAneg_BCG_44wk"
"ENSG00000283696",0.752916967895702,0.805477118761991,0.101,0.064,1,"13","BCG_treated","week44","IGRApos_BCG_44wk_vs_IGRAneg_BCG_44wk"
"LUC7L2",0.753198924728908,0.131640768462724,0.757,0.642,1,"13","BCG_treated","week44","IGRApos_BCG_44wk_vs_IGRAneg_BCG_44wk"
"MMP24OS",0.753211384163337,0.387698295233968,0.373,0.277,1,"13","BCG_treated","week44","IGRApos_BCG_44wk_vs_IGRAneg_BCG_44wk"
"CCDC50",0.755686494607744,0.32001628779936,0.402,0.301,1,"13","BCG_treated","week44","IGRApos_BCG_44wk_vs_IGRAneg_BCG_44wk"
"RHEB",0.756253103530143,0.225182004047523,0.394,0.289,1,"13","BCG_treated","week44","IGRApos_BCG_44wk_vs_IGRAneg_BCG_44wk"
"IQGAP1",0.757728298675997,0.109630445436381,0.91,0.867,1,"13","BCG_treated","week44","IGRApos_BCG_44wk_vs_IGRAneg_BCG_44wk"
"WDR3",0.758169530005088,-0.118607884557577,0.209,0.197,1,"13","BCG_treated","week44","IGRApos_BCG_44wk_vs_IGRAneg_BCG_44wk"
"RNF214",0.758437792375605,-0.150802885801745,0.23,0.208,1,"13","BCG_treated","week44","IGRApos_BCG_44wk_vs_IGRAneg_BCG_44wk"
"SEPHS1",0.758466515376586,0.262979582599374,0.161,0.11,1,"13","BCG_treated","week44","IGRApos_BCG_44wk_vs_IGRAneg_BCG_44wk"
"RRP1",0.758669508630585,-0.404740867079144,0.101,0.104,1,"13","BCG_treated","week44","IGRApos_BCG_44wk_vs_IGRAneg_BCG_44wk"
"TBC1D25",0.759358220874964,0.214261702130414,0.201,0.168,1,"13","BCG_treated","week44","IGRApos_BCG_44wk_vs_IGRAneg_BCG_44wk"
"COMMD10",0.759490087834678,0.167835080563584,0.667,0.59,1,"13","BCG_treated","week44","IGRApos_BCG_44wk_vs_IGRAneg_BCG_44wk"
"TSPYL1",0.759863638865988,0.205962375555147,0.23,0.162,1,"13","BCG_treated","week44","IGRApos_BCG_44wk_vs_IGRAneg_BCG_44wk"
"FBXO42",0.759919877708626,0.146326009933434,0.481,0.376,1,"13","BCG_treated","week44","IGRApos_BCG_44wk_vs_IGRAneg_BCG_44wk"
"PLEKHB2",0.760523663848421,0.405447562527772,0.307,0.231,1,"13","BCG_treated","week44","IGRApos_BCG_44wk_vs_IGRAneg_BCG_44wk"
"UBE3D",0.760531548435208,0.228931444009011,0.275,0.202,1,"13","BCG_treated","week44","IGRApos_BCG_44wk_vs_IGRAneg_BCG_44wk"
"ZNF813",0.760684350138141,0.162062494434314,0.111,0.075,1,"13","BCG_treated","week44","IGRApos_BCG_44wk_vs_IGRAneg_BCG_44wk"
"TARS2",0.76077031403994,0.113874914245202,0.122,0.092,1,"13","BCG_treated","week44","IGRApos_BCG_44wk_vs_IGRAneg_BCG_44wk"
"FMNL2",0.761586158337688,-0.11802607630237,0.161,0.145,1,"13","BCG_treated","week44","IGRApos_BCG_44wk_vs_IGRAneg_BCG_44wk"
"MAILR",0.761952902197283,0.285275288426642,0.161,0.139,1,"13","BCG_treated","week44","IGRApos_BCG_44wk_vs_IGRAneg_BCG_44wk"
"PCAT1",0.762609841879275,0.1664163573144,0.302,0.26,1,"13","BCG_treated","week44","IGRApos_BCG_44wk_vs_IGRAneg_BCG_44wk"
"AP3M2",0.762652037899067,0.206958625098098,0.19,0.145,1,"13","BCG_treated","week44","IGRApos_BCG_44wk_vs_IGRAneg_BCG_44wk"
"QRSL1",0.763650234688798,0.388468600499439,0.201,0.133,1,"13","BCG_treated","week44","IGRApos_BCG_44wk_vs_IGRAneg_BCG_44wk"
"KIT",0.763807132257759,-0.132426291386883,0.344,0.318,1,"13","BCG_treated","week44","IGRApos_BCG_44wk_vs_IGRAneg_BCG_44wk"
"RECQL5",0.763965857520839,0.611819908208261,0.124,0.069,1,"13","BCG_treated","week44","IGRApos_BCG_44wk_vs_IGRAneg_BCG_44wk"
"CERS4",0.764190229917978,-0.206219324259873,0.54,0.514,1,"13","BCG_treated","week44","IGRApos_BCG_44wk_vs_IGRAneg_BCG_44wk"
"CEP72",0.764283745190091,-0.320065234681663,0.106,0.11,1,"13","BCG_treated","week44","IGRApos_BCG_44wk_vs_IGRAneg_BCG_44wk"
"E2F5",0.764291152729556,0.401947587115885,0.159,0.121,1,"13","BCG_treated","week44","IGRApos_BCG_44wk_vs_IGRAneg_BCG_44wk"
"KDELR1",0.764373229903342,-0.134324572973624,0.119,0.098,1,"13","BCG_treated","week44","IGRApos_BCG_44wk_vs_IGRAneg_BCG_44wk"
"RUVBL2",0.765917764094262,0.510402912780006,0.116,0.081,1,"13","BCG_treated","week44","IGRApos_BCG_44wk_vs_IGRAneg_BCG_44wk"
"CRLS1",0.766630762732094,0.288846189226996,0.246,0.173,1,"13","BCG_treated","week44","IGRApos_BCG_44wk_vs_IGRAneg_BCG_44wk"
"NR1D2",0.767215199882997,0.309387413090231,0.159,0.104,1,"13","BCG_treated","week44","IGRApos_BCG_44wk_vs_IGRAneg_BCG_44wk"
"STK35",0.767706348468443,0.344365288446054,0.275,0.208,1,"13","BCG_treated","week44","IGRApos_BCG_44wk_vs_IGRAneg_BCG_44wk"
"CBX1",0.768898813916803,0.311441035100843,0.114,0.075,1,"13","BCG_treated","week44","IGRApos_BCG_44wk_vs_IGRAneg_BCG_44wk"
"CD74",0.769266460687063,0.137057944624228,0.614,0.532,1,"13","BCG_treated","week44","IGRApos_BCG_44wk_vs_IGRAneg_BCG_44wk"
"CD81",0.769811373375757,-0.165587389945078,0.132,0.121,1,"13","BCG_treated","week44","IGRApos_BCG_44wk_vs_IGRAneg_BCG_44wk"
"SRP9",0.769962458186061,0.254759190951639,0.286,0.202,1,"13","BCG_treated","week44","IGRApos_BCG_44wk_vs_IGRAneg_BCG_44wk"
"NCKIPSD",0.769978637332087,0.525597790578636,0.106,0.069,1,"13","BCG_treated","week44","IGRApos_BCG_44wk_vs_IGRAneg_BCG_44wk"
"ABCA5",0.770636073107033,0.141997576005275,0.497,0.41,1,"13","BCG_treated","week44","IGRApos_BCG_44wk_vs_IGRAneg_BCG_44wk"
"RAB5C",0.771420074492636,-0.244802732105225,0.23,0.202,1,"13","BCG_treated","week44","IGRApos_BCG_44wk_vs_IGRAneg_BCG_44wk"
"LINC01409",0.771962646462672,0.205393025922168,0.14,0.098,1,"13","BCG_treated","week44","IGRApos_BCG_44wk_vs_IGRAneg_BCG_44wk"
"EXT2",0.772103085681838,0.203003701531953,0.397,0.329,1,"13","BCG_treated","week44","IGRApos_BCG_44wk_vs_IGRAneg_BCG_44wk"
"DNAJC14",0.772470387801221,0.39726446531262,0.103,0.064,1,"13","BCG_treated","week44","IGRApos_BCG_44wk_vs_IGRAneg_BCG_44wk"
"MINPP1",0.772804186802733,0.118603683381133,0.143,0.11,1,"13","BCG_treated","week44","IGRApos_BCG_44wk_vs_IGRAneg_BCG_44wk"
"TMEM138",0.773442641613235,0.260462902883287,0.13,0.087,1,"13","BCG_treated","week44","IGRApos_BCG_44wk_vs_IGRAneg_BCG_44wk"
"CENATAC",0.773479195854771,-0.184205004639037,0.368,0.318,1,"13","BCG_treated","week44","IGRApos_BCG_44wk_vs_IGRAneg_BCG_44wk"
"LINC00426",0.774030505400046,-0.365905592435068,0.108,0.116,1,"13","BCG_treated","week44","IGRApos_BCG_44wk_vs_IGRAneg_BCG_44wk"
"TRIM52",0.774285263234112,-0.193878173004027,0.233,0.214,1,"13","BCG_treated","week44","IGRApos_BCG_44wk_vs_IGRAneg_BCG_44wk"
"DHX40",0.774511687754036,-0.321554239259954,0.188,0.156,1,"13","BCG_treated","week44","IGRApos_BCG_44wk_vs_IGRAneg_BCG_44wk"
"CSNK1D",0.774590755687349,0.151951735888461,0.672,0.555,1,"13","BCG_treated","week44","IGRApos_BCG_44wk_vs_IGRAneg_BCG_44wk"
"CGRRF1",0.774669233778904,-0.192820034165141,0.13,0.121,1,"13","BCG_treated","week44","IGRApos_BCG_44wk_vs_IGRAneg_BCG_44wk"
"PRIM2",0.774754429526279,0.129875755075819,0.463,0.399,1,"13","BCG_treated","week44","IGRApos_BCG_44wk_vs_IGRAneg_BCG_44wk"
"CCDC7",0.775951403491261,0.409725578690515,0.378,0.277,1,"13","BCG_treated","week44","IGRApos_BCG_44wk_vs_IGRAneg_BCG_44wk"
"PPME1",0.776425671922717,-0.220140788261978,0.251,0.214,1,"13","BCG_treated","week44","IGRApos_BCG_44wk_vs_IGRAneg_BCG_44wk"
"LINC00467",0.776981624195257,-0.247884486013413,0.132,0.133,1,"13","BCG_treated","week44","IGRApos_BCG_44wk_vs_IGRAneg_BCG_44wk"
"RBM15",0.777026293114325,0.484904511389891,0.235,0.15,1,"13","BCG_treated","week44","IGRApos_BCG_44wk_vs_IGRAneg_BCG_44wk"
"ZNF33B",0.777119109963368,0.312306742713543,0.421,0.335,1,"13","BCG_treated","week44","IGRApos_BCG_44wk_vs_IGRAneg_BCG_44wk"
"PIP5K1A",0.77721847185049,0.126706245822281,0.466,0.358,1,"13","BCG_treated","week44","IGRApos_BCG_44wk_vs_IGRAneg_BCG_44wk"
"NPC1",0.777246525942941,-0.215096264860206,0.413,0.387,1,"13","BCG_treated","week44","IGRApos_BCG_44wk_vs_IGRAneg_BCG_44wk"
"TMEM167A",0.777525225129273,0.149086172154211,0.27,0.191,1,"13","BCG_treated","week44","IGRApos_BCG_44wk_vs_IGRAneg_BCG_44wk"
"CCNY-AS1",0.778143751950875,-0.332019478677156,0.124,0.121,1,"13","BCG_treated","week44","IGRApos_BCG_44wk_vs_IGRAneg_BCG_44wk"
"AHSA1",0.77820281484301,-0.181227297815465,0.185,0.173,1,"13","BCG_treated","week44","IGRApos_BCG_44wk_vs_IGRAneg_BCG_44wk"
"MAP9",0.778211726339541,0.283704356458125,0.124,0.081,1,"13","BCG_treated","week44","IGRApos_BCG_44wk_vs_IGRAneg_BCG_44wk"
"LINC00862",0.778278971855193,-0.181375204571951,0.111,0.11,1,"13","BCG_treated","week44","IGRApos_BCG_44wk_vs_IGRAneg_BCG_44wk"
"CDK19",0.778584079905158,0.208965058368289,0.545,0.422,1,"13","BCG_treated","week44","IGRApos_BCG_44wk_vs_IGRAneg_BCG_44wk"
"TMEM241",0.778781263025964,-0.197568049286218,0.243,0.197,1,"13","BCG_treated","week44","IGRApos_BCG_44wk_vs_IGRAneg_BCG_44wk"
"HMCES",0.778872307126432,-0.116117533937505,0.18,0.15,1,"13","BCG_treated","week44","IGRApos_BCG_44wk_vs_IGRAneg_BCG_44wk"
"SHLD2",0.779223629263344,0.311977096897005,0.405,0.312,1,"13","BCG_treated","week44","IGRApos_BCG_44wk_vs_IGRAneg_BCG_44wk"
"ZBTB26",0.779409304392952,-0.197040171225528,0.135,0.11,1,"13","BCG_treated","week44","IGRApos_BCG_44wk_vs_IGRAneg_BCG_44wk"
"TUBGCP6",0.779701319891237,0.139531129404747,0.235,0.162,1,"13","BCG_treated","week44","IGRApos_BCG_44wk_vs_IGRAneg_BCG_44wk"
"KIAA0513",0.780047007299909,-0.193721402860623,0.188,0.179,1,"13","BCG_treated","week44","IGRApos_BCG_44wk_vs_IGRAneg_BCG_44wk"
"FAM78A",0.780619575113146,0.151154768933431,0.183,0.127,1,"13","BCG_treated","week44","IGRApos_BCG_44wk_vs_IGRAneg_BCG_44wk"
"ENSG00000144785",0.780949546198411,-0.236629776391607,0.267,0.214,1,"13","BCG_treated","week44","IGRApos_BCG_44wk_vs_IGRAneg_BCG_44wk"
"ZNF518B",0.781014440610214,-0.257642304458618,0.161,0.139,1,"13","BCG_treated","week44","IGRApos_BCG_44wk_vs_IGRAneg_BCG_44wk"
"MOB1A",0.781372546654887,0.137923469088457,0.566,0.468,1,"13","BCG_treated","week44","IGRApos_BCG_44wk_vs_IGRAneg_BCG_44wk"
"ISCU",0.782355930470676,-0.182489427409887,0.196,0.173,1,"13","BCG_treated","week44","IGRApos_BCG_44wk_vs_IGRAneg_BCG_44wk"
"ATP6V1G1",0.783089113398129,-0.273469888457591,0.19,0.179,1,"13","BCG_treated","week44","IGRApos_BCG_44wk_vs_IGRAneg_BCG_44wk"
"IPP",0.783605911301534,0.304849216544882,0.111,0.075,1,"13","BCG_treated","week44","IGRApos_BCG_44wk_vs_IGRAneg_BCG_44wk"
"TMEM126B",0.78385978550649,0.318917792026966,0.119,0.081,1,"13","BCG_treated","week44","IGRApos_BCG_44wk_vs_IGRAneg_BCG_44wk"
"RAB29",0.784422489639861,-0.135454599275947,0.302,0.266,1,"13","BCG_treated","week44","IGRApos_BCG_44wk_vs_IGRAneg_BCG_44wk"
"PKN1",0.785064733225033,0.18794729478408,0.405,0.329,1,"13","BCG_treated","week44","IGRApos_BCG_44wk_vs_IGRAneg_BCG_44wk"
"CRELD2",0.785251009334101,0.206770023474049,0.156,0.104,1,"13","BCG_treated","week44","IGRApos_BCG_44wk_vs_IGRAneg_BCG_44wk"
"ARL15",0.785386118325547,0.111595459732113,0.738,0.653,1,"13","BCG_treated","week44","IGRApos_BCG_44wk_vs_IGRAneg_BCG_44wk"
"TENM1",0.785924129943533,0.136892226244073,0.148,0.098,1,"13","BCG_treated","week44","IGRApos_BCG_44wk_vs_IGRAneg_BCG_44wk"
"NSA2",0.786079463048284,-0.208266910215925,0.18,0.156,1,"13","BCG_treated","week44","IGRApos_BCG_44wk_vs_IGRAneg_BCG_44wk"
"S1PR1",0.786101894968285,-0.112942059946432,0.283,0.272,1,"13","BCG_treated","week44","IGRApos_BCG_44wk_vs_IGRAneg_BCG_44wk"
"HBS1L",0.786215967308466,0.236473819277883,0.524,0.393,1,"13","BCG_treated","week44","IGRApos_BCG_44wk_vs_IGRAneg_BCG_44wk"
"UCP2",0.786363821434518,-0.20186242229503,0.143,0.133,1,"13","BCG_treated","week44","IGRApos_BCG_44wk_vs_IGRAneg_BCG_44wk"
"IER3IP1",0.786432943993553,0.328169586074166,0.122,0.11,1,"13","BCG_treated","week44","IGRApos_BCG_44wk_vs_IGRAneg_BCG_44wk"
"AP2A2",0.786811790291733,0.15307888083488,0.452,0.341,1,"13","BCG_treated","week44","IGRApos_BCG_44wk_vs_IGRAneg_BCG_44wk"
"ITCH",0.786880524650468,0.121059800172136,0.899,0.792,1,"13","BCG_treated","week44","IGRApos_BCG_44wk_vs_IGRAneg_BCG_44wk"
"PES1",0.788146257941496,0.553342721703505,0.148,0.087,1,"13","BCG_treated","week44","IGRApos_BCG_44wk_vs_IGRAneg_BCG_44wk"
"XPA",0.788514960149135,0.133987513041579,0.257,0.197,1,"13","BCG_treated","week44","IGRApos_BCG_44wk_vs_IGRAneg_BCG_44wk"
"PEX19",0.78867199865123,0.253427233112887,0.103,0.069,1,"13","BCG_treated","week44","IGRApos_BCG_44wk_vs_IGRAneg_BCG_44wk"
"NMT2",0.789164946428003,0.303369117900338,0.325,0.254,1,"13","BCG_treated","week44","IGRApos_BCG_44wk_vs_IGRAneg_BCG_44wk"
"RREB1",0.789550633855669,0.290571716961532,0.505,0.41,1,"13","BCG_treated","week44","IGRApos_BCG_44wk_vs_IGRAneg_BCG_44wk"
"DDX54",0.789638596628946,0.254882518468042,0.217,0.173,1,"13","BCG_treated","week44","IGRApos_BCG_44wk_vs_IGRAneg_BCG_44wk"
"FLOT1",0.790007428722378,-0.133405226175856,0.431,0.393,1,"13","BCG_treated","week44","IGRApos_BCG_44wk_vs_IGRAneg_BCG_44wk"
"MECR",0.790060266640707,-0.209522510517582,0.114,0.098,1,"13","BCG_treated","week44","IGRApos_BCG_44wk_vs_IGRAneg_BCG_44wk"
"SHMT1",0.79013250020804,-0.112371561086757,0.111,0.081,1,"13","BCG_treated","week44","IGRApos_BCG_44wk_vs_IGRAneg_BCG_44wk"
"RORA",0.790214141041519,0.522454965572491,0.582,0.497,1,"13","BCG_treated","week44","IGRApos_BCG_44wk_vs_IGRAneg_BCG_44wk"
"FANCA",0.790566395890647,0.534942034254193,0.288,0.185,1,"13","BCG_treated","week44","IGRApos_BCG_44wk_vs_IGRAneg_BCG_44wk"
"PDK1-AS1",0.790587737808585,0.386127617818563,0.206,0.145,1,"13","BCG_treated","week44","IGRApos_BCG_44wk_vs_IGRAneg_BCG_44wk"
"ZC3H12B",0.791046473902181,0.174700451513106,0.323,0.283,1,"13","BCG_treated","week44","IGRApos_BCG_44wk_vs_IGRAneg_BCG_44wk"
"PDCD6IP",0.791153576520805,0.142131150318353,0.587,0.468,1,"13","BCG_treated","week44","IGRApos_BCG_44wk_vs_IGRAneg_BCG_44wk"
"RALGAPB",0.791380898908495,0.19457383817727,0.614,0.474,1,"13","BCG_treated","week44","IGRApos_BCG_44wk_vs_IGRAneg_BCG_44wk"
"ATP5PO",0.791558406118772,0.296674450829383,0.13,0.087,1,"13","BCG_treated","week44","IGRApos_BCG_44wk_vs_IGRAneg_BCG_44wk"
"IFT140",0.79158998321694,0.252949054638229,0.146,0.098,1,"13","BCG_treated","week44","IGRApos_BCG_44wk_vs_IGRAneg_BCG_44wk"
"FKBP8",0.794139926396243,0.251167017704185,0.177,0.121,1,"13","BCG_treated","week44","IGRApos_BCG_44wk_vs_IGRAneg_BCG_44wk"
"PUS1",0.794164599052092,-0.161330983891996,0.13,0.11,1,"13","BCG_treated","week44","IGRApos_BCG_44wk_vs_IGRAneg_BCG_44wk"
"GRAMD2B",0.79451511086928,0.121237816023905,0.146,0.127,1,"13","BCG_treated","week44","IGRApos_BCG_44wk_vs_IGRAneg_BCG_44wk"
"CCDC9",0.794544603755464,0.141629072607127,0.135,0.104,1,"13","BCG_treated","week44","IGRApos_BCG_44wk_vs_IGRAneg_BCG_44wk"
"LPAR6",0.794856291006085,0.528113293894219,0.106,0.075,1,"13","BCG_treated","week44","IGRApos_BCG_44wk_vs_IGRAneg_BCG_44wk"
"SLC25A44",0.795261393223997,-0.160889541693448,0.193,0.179,1,"13","BCG_treated","week44","IGRApos_BCG_44wk_vs_IGRAneg_BCG_44wk"
"NOL9",0.795262494933896,0.231986978088742,0.288,0.202,1,"13","BCG_treated","week44","IGRApos_BCG_44wk_vs_IGRAneg_BCG_44wk"
"GOT2",0.79526696037641,0.55268351884601,0.193,0.133,1,"13","BCG_treated","week44","IGRApos_BCG_44wk_vs_IGRAneg_BCG_44wk"
"EGLN3",0.79555227258874,0.249844152109022,0.212,0.15,1,"13","BCG_treated","week44","IGRApos_BCG_44wk_vs_IGRAneg_BCG_44wk"
"S1PR5",0.795602945543155,-0.614636024283536,0.122,0.11,1,"13","BCG_treated","week44","IGRApos_BCG_44wk_vs_IGRAneg_BCG_44wk"
"B4GALT4",0.795777253812991,0.175593958608267,0.124,0.098,1,"13","BCG_treated","week44","IGRApos_BCG_44wk_vs_IGRAneg_BCG_44wk"
"PUS7",0.796242904549206,0.381744100006729,0.238,0.168,1,"13","BCG_treated","week44","IGRApos_BCG_44wk_vs_IGRAneg_BCG_44wk"
"HSDL1",0.796329046982686,0.310202909700678,0.108,0.069,1,"13","BCG_treated","week44","IGRApos_BCG_44wk_vs_IGRAneg_BCG_44wk"
"SOCS7",0.797063995663949,0.338861353155782,0.198,0.139,1,"13","BCG_treated","week44","IGRApos_BCG_44wk_vs_IGRAneg_BCG_44wk"
"ARF3",0.7971809147085,0.482987902749796,0.257,0.173,1,"13","BCG_treated","week44","IGRApos_BCG_44wk_vs_IGRAneg_BCG_44wk"
"OGFOD3",0.797354836670329,-0.280100304240073,0.101,0.092,1,"13","BCG_treated","week44","IGRApos_BCG_44wk_vs_IGRAneg_BCG_44wk"
"CTNND1",0.797721265540507,-0.132112256144978,0.175,0.15,1,"13","BCG_treated","week44","IGRApos_BCG_44wk_vs_IGRAneg_BCG_44wk"
"XPO4",0.797809003087234,0.162480431612791,0.455,0.347,1,"13","BCG_treated","week44","IGRApos_BCG_44wk_vs_IGRAneg_BCG_44wk"
"SEPTIN1",0.797849907550862,-0.250938599020352,0.148,0.139,1,"13","BCG_treated","week44","IGRApos_BCG_44wk_vs_IGRAneg_BCG_44wk"
"TSC22D3",0.798136433087442,0.177856907612146,0.132,0.098,1,"13","BCG_treated","week44","IGRApos_BCG_44wk_vs_IGRAneg_BCG_44wk"
"NFYA",0.798218696067843,0.273465854651426,0.188,0.156,1,"13","BCG_treated","week44","IGRApos_BCG_44wk_vs_IGRAneg_BCG_44wk"
"MYEF2",0.798306797401558,0.203059896859269,0.116,0.087,1,"13","BCG_treated","week44","IGRApos_BCG_44wk_vs_IGRAneg_BCG_44wk"
"NIPSNAP2",0.798313115323065,-0.141936522985589,0.352,0.324,1,"13","BCG_treated","week44","IGRApos_BCG_44wk_vs_IGRAneg_BCG_44wk"
"E4F1",0.798528428352685,0.121315459469546,0.13,0.092,1,"13","BCG_treated","week44","IGRApos_BCG_44wk_vs_IGRAneg_BCG_44wk"
"ZNF253",0.798906907220689,0.148263175540582,0.249,0.197,1,"13","BCG_treated","week44","IGRApos_BCG_44wk_vs_IGRAneg_BCG_44wk"
"TNPO2",0.799062324162174,0.140533616221225,0.294,0.214,1,"13","BCG_treated","week44","IGRApos_BCG_44wk_vs_IGRAneg_BCG_44wk"
"PARK7",0.799359934399143,-0.18247284412001,0.302,0.254,1,"13","BCG_treated","week44","IGRApos_BCG_44wk_vs_IGRAneg_BCG_44wk"
"MTA3",0.799387455073056,0.175551082462993,0.349,0.301,1,"13","BCG_treated","week44","IGRApos_BCG_44wk_vs_IGRAneg_BCG_44wk"
"BCAR3",0.799609665524274,0.26502619499154,0.328,0.295,1,"13","BCG_treated","week44","IGRApos_BCG_44wk_vs_IGRAneg_BCG_44wk"
"SEPTIN11",0.799798555830048,0.162015590972797,0.452,0.376,1,"13","BCG_treated","week44","IGRApos_BCG_44wk_vs_IGRAneg_BCG_44wk"
"MPLKIP",0.799894598106776,-0.138636768533893,0.106,0.081,1,"13","BCG_treated","week44","IGRApos_BCG_44wk_vs_IGRAneg_BCG_44wk"
"PUS10",0.800075293882302,0.109931018835819,0.161,0.121,1,"13","BCG_treated","week44","IGRApos_BCG_44wk_vs_IGRAneg_BCG_44wk"
"UPF3B",0.800995231081675,-0.233689822840147,0.352,0.318,1,"13","BCG_treated","week44","IGRApos_BCG_44wk_vs_IGRAneg_BCG_44wk"
"LIN9",0.801074899983849,-0.22987754543644,0.114,0.11,1,"13","BCG_treated","week44","IGRApos_BCG_44wk_vs_IGRAneg_BCG_44wk"
"ENSG00000176593",0.801181943833718,-0.32871607733285,0.206,0.208,1,"13","BCG_treated","week44","IGRApos_BCG_44wk_vs_IGRAneg_BCG_44wk"
"GANC",0.801191041123842,0.365661101537595,0.198,0.145,1,"13","BCG_treated","week44","IGRApos_BCG_44wk_vs_IGRAneg_BCG_44wk"
"HCFC2",0.801347063575432,-0.101112000548258,0.262,0.208,1,"13","BCG_treated","week44","IGRApos_BCG_44wk_vs_IGRAneg_BCG_44wk"
"C4orf3",0.80148992339588,0.185188984518382,0.135,0.098,1,"13","BCG_treated","week44","IGRApos_BCG_44wk_vs_IGRAneg_BCG_44wk"
"CPNE1",0.801989475849922,0.326754759742189,0.638,0.48,1,"13","BCG_treated","week44","IGRApos_BCG_44wk_vs_IGRAneg_BCG_44wk"
"KDSR",0.802096892159694,-0.197070040216268,0.161,0.162,1,"13","BCG_treated","week44","IGRApos_BCG_44wk_vs_IGRAneg_BCG_44wk"
"TMCO3",0.802618039385776,0.114599038208674,0.317,0.266,1,"13","BCG_treated","week44","IGRApos_BCG_44wk_vs_IGRAneg_BCG_44wk"
"LMBR1L",0.802736546282104,-0.144025785211651,0.233,0.208,1,"13","BCG_treated","week44","IGRApos_BCG_44wk_vs_IGRAneg_BCG_44wk"
"L3MBTL1",0.802783752747427,0.289048484813748,0.172,0.116,1,"13","BCG_treated","week44","IGRApos_BCG_44wk_vs_IGRAneg_BCG_44wk"
"MAGED2",0.803345703744864,0.412012434885696,0.201,0.127,1,"13","BCG_treated","week44","IGRApos_BCG_44wk_vs_IGRAneg_BCG_44wk"
"COX18",0.803408965622942,-0.414763673738787,0.116,0.104,1,"13","BCG_treated","week44","IGRApos_BCG_44wk_vs_IGRAneg_BCG_44wk"
"INPP5K",0.803488293905915,0.218577304442405,0.143,0.116,1,"13","BCG_treated","week44","IGRApos_BCG_44wk_vs_IGRAneg_BCG_44wk"
"DNAJC24",0.803692807636764,-0.110170465042825,0.299,0.249,1,"13","BCG_treated","week44","IGRApos_BCG_44wk_vs_IGRAneg_BCG_44wk"
"BBS9",0.803999158644262,-0.187239748791112,0.63,0.584,1,"13","BCG_treated","week44","IGRApos_BCG_44wk_vs_IGRAneg_BCG_44wk"
"ZNF587B",0.804048854349403,-0.369763493148306,0.106,0.11,1,"13","BCG_treated","week44","IGRApos_BCG_44wk_vs_IGRAneg_BCG_44wk"
"MSTO1",0.804376973318558,0.212691968216671,0.177,0.15,1,"13","BCG_treated","week44","IGRApos_BCG_44wk_vs_IGRAneg_BCG_44wk"
"CBX7",0.804672560431018,0.206482082294897,0.122,0.092,1,"13","BCG_treated","week44","IGRApos_BCG_44wk_vs_IGRAneg_BCG_44wk"
"RAD23B",0.80477842306228,0.212514499291103,0.611,0.486,1,"13","BCG_treated","week44","IGRApos_BCG_44wk_vs_IGRAneg_BCG_44wk"
"MRTFB",0.805513941352625,-0.121429368634254,0.418,0.393,1,"13","BCG_treated","week44","IGRApos_BCG_44wk_vs_IGRAneg_BCG_44wk"
"STX16-NPEPL1",0.805701819333183,0.222952518928748,0.135,0.098,1,"13","BCG_treated","week44","IGRApos_BCG_44wk_vs_IGRAneg_BCG_44wk"
"PYGB",0.806361417490537,-0.186258640852824,0.241,0.208,1,"13","BCG_treated","week44","IGRApos_BCG_44wk_vs_IGRAneg_BCG_44wk"
"NOD1",0.806622755080484,-0.584047131917938,0.135,0.133,1,"13","BCG_treated","week44","IGRApos_BCG_44wk_vs_IGRAneg_BCG_44wk"
"DHX57",0.806637651529957,0.294752470801827,0.243,0.168,1,"13","BCG_treated","week44","IGRApos_BCG_44wk_vs_IGRAneg_BCG_44wk"
"CSK",0.806695762780176,0.247369230961492,0.442,0.341,1,"13","BCG_treated","week44","IGRApos_BCG_44wk_vs_IGRAneg_BCG_44wk"
"KIF3A",0.807661930539257,0.362311943191551,0.217,0.162,1,"13","BCG_treated","week44","IGRApos_BCG_44wk_vs_IGRAneg_BCG_44wk"
"ZNF865",0.808192768716511,-0.105003042704778,0.124,0.104,1,"13","BCG_treated","week44","IGRApos_BCG_44wk_vs_IGRAneg_BCG_44wk"
"ADAR",0.808461852841745,0.14528391727599,0.849,0.734,1,"13","BCG_treated","week44","IGRApos_BCG_44wk_vs_IGRAneg_BCG_44wk"
"CCZ1P1",0.808580658466542,0.121809726104323,0.108,0.092,1,"13","BCG_treated","week44","IGRApos_BCG_44wk_vs_IGRAneg_BCG_44wk"
"KCTD18",0.809432751216271,0.133106630974749,0.108,0.081,1,"13","BCG_treated","week44","IGRApos_BCG_44wk_vs_IGRAneg_BCG_44wk"
"ZFYVE9",0.809803710136911,-0.107081585368171,0.124,0.116,1,"13","BCG_treated","week44","IGRApos_BCG_44wk_vs_IGRAneg_BCG_44wk"
"COPS7B",0.809822774258015,0.533351283951311,0.217,0.133,1,"13","BCG_treated","week44","IGRApos_BCG_44wk_vs_IGRAneg_BCG_44wk"
"LINC00486",0.810147388477352,0.342243644193083,0.206,0.15,1,"13","BCG_treated","week44","IGRApos_BCG_44wk_vs_IGRAneg_BCG_44wk"
"DBI",0.81099202378948,-0.31076433909418,0.111,0.104,1,"13","BCG_treated","week44","IGRApos_BCG_44wk_vs_IGRAneg_BCG_44wk"
"ZNF641",0.811040415618937,-0.348750253002194,0.169,0.168,1,"13","BCG_treated","week44","IGRApos_BCG_44wk_vs_IGRAneg_BCG_44wk"
"ZFAND6",0.811990837316157,0.16254940870202,0.63,0.543,1,"13","BCG_treated","week44","IGRApos_BCG_44wk_vs_IGRAneg_BCG_44wk"
"TXNL4A",0.812407213964084,-0.153176337008646,0.222,0.214,1,"13","BCG_treated","week44","IGRApos_BCG_44wk_vs_IGRAneg_BCG_44wk"
"MALAT1",0.812817988659567,-0.105632976386657,1,1,1,"13","BCG_treated","week44","IGRApos_BCG_44wk_vs_IGRAneg_BCG_44wk"
"RYR2",0.813039460308703,0.583572063105046,0.101,0.075,1,"13","BCG_treated","week44","IGRApos_BCG_44wk_vs_IGRAneg_BCG_44wk"
"ACVR1B",0.814181588836943,0.214878585815771,0.19,0.145,1,"13","BCG_treated","week44","IGRApos_BCG_44wk_vs_IGRAneg_BCG_44wk"
"LPCAT4",0.814354134936873,-0.116182137666481,0.135,0.11,1,"13","BCG_treated","week44","IGRApos_BCG_44wk_vs_IGRAneg_BCG_44wk"
"MCCC1",0.814904016143975,0.205817798205344,0.365,0.289,1,"13","BCG_treated","week44","IGRApos_BCG_44wk_vs_IGRAneg_BCG_44wk"
"GLTP",0.815592331452596,-0.285655605096057,0.175,0.139,1,"13","BCG_treated","week44","IGRApos_BCG_44wk_vs_IGRAneg_BCG_44wk"
"SPATS2L",0.815605208379423,0.240146359844926,0.333,0.254,1,"13","BCG_treated","week44","IGRApos_BCG_44wk_vs_IGRAneg_BCG_44wk"
"MTHFD1",0.815887839637354,0.244334015898272,0.233,0.191,1,"13","BCG_treated","week44","IGRApos_BCG_44wk_vs_IGRAneg_BCG_44wk"
"ZBTB44",0.816637405862291,0.156136178415678,0.561,0.468,1,"13","BCG_treated","week44","IGRApos_BCG_44wk_vs_IGRAneg_BCG_44wk"
"AMMECR1",0.817141869237513,-0.304061086428216,0.307,0.277,1,"13","BCG_treated","week44","IGRApos_BCG_44wk_vs_IGRAneg_BCG_44wk"
"IDNK",0.817333077123882,-0.102948754721919,0.138,0.133,1,"13","BCG_treated","week44","IGRApos_BCG_44wk_vs_IGRAneg_BCG_44wk"
"MEX3C",0.817710038279753,0.17979039331263,0.294,0.22,1,"13","BCG_treated","week44","IGRApos_BCG_44wk_vs_IGRAneg_BCG_44wk"
"DGUOK",0.818085271310621,0.141532149160809,0.392,0.324,1,"13","BCG_treated","week44","IGRApos_BCG_44wk_vs_IGRAneg_BCG_44wk"
"KNOP1",0.818324152907436,-0.486397322288887,0.106,0.11,1,"13","BCG_treated","week44","IGRApos_BCG_44wk_vs_IGRAneg_BCG_44wk"
"ACBD5",0.818799394739661,0.181311053096876,0.217,0.15,1,"13","BCG_treated","week44","IGRApos_BCG_44wk_vs_IGRAneg_BCG_44wk"
"CIAO2A",0.818837016233095,-0.218984808008847,0.106,0.092,1,"13","BCG_treated","week44","IGRApos_BCG_44wk_vs_IGRAneg_BCG_44wk"
"DUSP22",0.819144440265481,0.101006021452919,0.349,0.301,1,"13","BCG_treated","week44","IGRApos_BCG_44wk_vs_IGRAneg_BCG_44wk"
"PNRC2",0.819148289590433,0.211376046827575,0.267,0.185,1,"13","BCG_treated","week44","IGRApos_BCG_44wk_vs_IGRAneg_BCG_44wk"
"AZI2",0.819655747860027,0.251995288783259,0.167,0.11,1,"13","BCG_treated","week44","IGRApos_BCG_44wk_vs_IGRAneg_BCG_44wk"
"NBEAL2",0.819708660309734,-0.12304811791087,0.519,0.474,1,"13","BCG_treated","week44","IGRApos_BCG_44wk_vs_IGRAneg_BCG_44wk"
"HPS1",0.819978659661416,0.230722979989342,0.257,0.197,1,"13","BCG_treated","week44","IGRApos_BCG_44wk_vs_IGRAneg_BCG_44wk"
"EEPD1",0.820275784519596,0.497854910765015,0.127,0.098,1,"13","BCG_treated","week44","IGRApos_BCG_44wk_vs_IGRAneg_BCG_44wk"
"P4HA1",0.820619842222748,0.227251105399447,0.304,0.214,1,"13","BCG_treated","week44","IGRApos_BCG_44wk_vs_IGRAneg_BCG_44wk"
"SENP2",0.821021796419992,0.113130712386991,0.317,0.266,1,"13","BCG_treated","week44","IGRApos_BCG_44wk_vs_IGRAneg_BCG_44wk"
"ZNF76",0.821589541855601,0.2351463498104,0.299,0.214,1,"13","BCG_treated","week44","IGRApos_BCG_44wk_vs_IGRAneg_BCG_44wk"
"SETD1A",0.822662741886825,0.468574083170714,0.235,0.162,1,"13","BCG_treated","week44","IGRApos_BCG_44wk_vs_IGRAneg_BCG_44wk"
"ZC3H12C",0.823125976823194,0.131622614345072,0.106,0.075,1,"13","BCG_treated","week44","IGRApos_BCG_44wk_vs_IGRAneg_BCG_44wk"
"MRPL14",0.824230033438699,-0.286411930651488,0.146,0.139,1,"13","BCG_treated","week44","IGRApos_BCG_44wk_vs_IGRAneg_BCG_44wk"
"UBA5",0.824759733631504,0.125772170150598,0.238,0.202,1,"13","BCG_treated","week44","IGRApos_BCG_44wk_vs_IGRAneg_BCG_44wk"
"CAB39L",0.824806938691035,-0.101081254227818,0.159,0.139,1,"13","BCG_treated","week44","IGRApos_BCG_44wk_vs_IGRAneg_BCG_44wk"
"RGS10",0.825026611318852,-0.215501353936445,0.161,0.156,1,"13","BCG_treated","week44","IGRApos_BCG_44wk_vs_IGRAneg_BCG_44wk"
"ZNF79",0.825671958150481,0.298155965247749,0.14,0.098,1,"13","BCG_treated","week44","IGRApos_BCG_44wk_vs_IGRAneg_BCG_44wk"
"PALM2AKAP2",0.825711266904415,0.123418434385002,0.124,0.098,1,"13","BCG_treated","week44","IGRApos_BCG_44wk_vs_IGRAneg_BCG_44wk"
"IFRD1",0.825789310146917,0.140221633476975,0.323,0.231,1,"13","BCG_treated","week44","IGRApos_BCG_44wk_vs_IGRAneg_BCG_44wk"
"SIDT1",0.826166642916243,0.144326586530821,0.601,0.497,1,"13","BCG_treated","week44","IGRApos_BCG_44wk_vs_IGRAneg_BCG_44wk"
"SPRYD7",0.826592877493787,-0.34587669111986,0.106,0.104,1,"13","BCG_treated","week44","IGRApos_BCG_44wk_vs_IGRAneg_BCG_44wk"
"CUL1",0.82673901479087,0.118683356818965,0.669,0.601,1,"13","BCG_treated","week44","IGRApos_BCG_44wk_vs_IGRAneg_BCG_44wk"
"TXNIP",0.826975552015436,0.194901713003739,0.312,0.243,1,"13","BCG_treated","week44","IGRApos_BCG_44wk_vs_IGRAneg_BCG_44wk"
"ENSG00000240553",0.82707896316149,0.14833118600978,0.13,0.098,1,"13","BCG_treated","week44","IGRApos_BCG_44wk_vs_IGRAneg_BCG_44wk"
"HSPA14",0.827494455029415,0.121912961463306,0.161,0.133,1,"13","BCG_treated","week44","IGRApos_BCG_44wk_vs_IGRAneg_BCG_44wk"
"SIL1",0.827881084828711,0.257803665165958,0.386,0.312,1,"13","BCG_treated","week44","IGRApos_BCG_44wk_vs_IGRAneg_BCG_44wk"
"GTF2H1",0.828103247715108,0.291836448193149,0.431,0.312,1,"13","BCG_treated","week44","IGRApos_BCG_44wk_vs_IGRAneg_BCG_44wk"
"MTG2",0.828155278791697,-0.208048492284804,0.228,0.214,1,"13","BCG_treated","week44","IGRApos_BCG_44wk_vs_IGRAneg_BCG_44wk"
"PTS",0.829605191231437,-0.188663699634446,0.296,0.272,1,"13","BCG_treated","week44","IGRApos_BCG_44wk_vs_IGRAneg_BCG_44wk"
"RBM7",0.829753239141896,0.203453951668116,0.146,0.098,1,"13","BCG_treated","week44","IGRApos_BCG_44wk_vs_IGRAneg_BCG_44wk"
"NOP2",0.830702167892885,0.212109710575414,0.225,0.173,1,"13","BCG_treated","week44","IGRApos_BCG_44wk_vs_IGRAneg_BCG_44wk"
"C1orf174",0.831085633932145,-0.115409661973374,0.119,0.098,1,"13","BCG_treated","week44","IGRApos_BCG_44wk_vs_IGRAneg_BCG_44wk"
"ZNF600",0.831694359512898,-0.105136465997783,0.561,0.491,1,"13","BCG_treated","week44","IGRApos_BCG_44wk_vs_IGRAneg_BCG_44wk"
"GABPA",0.831971325404416,-0.109952684925557,0.22,0.185,1,"13","BCG_treated","week44","IGRApos_BCG_44wk_vs_IGRAneg_BCG_44wk"
"RNF114",0.832573380072283,-0.203956892459882,0.164,0.145,1,"13","BCG_treated","week44","IGRApos_BCG_44wk_vs_IGRAneg_BCG_44wk"
"ENSG00000257176",0.833411936877317,-0.396006924209983,0.103,0.098,1,"13","BCG_treated","week44","IGRApos_BCG_44wk_vs_IGRAneg_BCG_44wk"
"TAF13",0.8339660861276,0.346351978090798,0.132,0.087,1,"13","BCG_treated","week44","IGRApos_BCG_44wk_vs_IGRAneg_BCG_44wk"
"ENTPD5",0.834077285150482,-0.238131048007621,0.103,0.092,1,"13","BCG_treated","week44","IGRApos_BCG_44wk_vs_IGRAneg_BCG_44wk"
"REPS1",0.834419388984013,0.216050591864702,0.616,0.532,1,"13","BCG_treated","week44","IGRApos_BCG_44wk_vs_IGRAneg_BCG_44wk"
"KANTR",0.834625043852483,0.270677237767282,0.251,0.173,1,"13","BCG_treated","week44","IGRApos_BCG_44wk_vs_IGRAneg_BCG_44wk"
"ZNF71",0.8351291141023,-0.118964035977217,0.122,0.116,1,"13","BCG_treated","week44","IGRApos_BCG_44wk_vs_IGRAneg_BCG_44wk"
"SESTD1",0.835248035999842,0.268626081579206,0.442,0.347,1,"13","BCG_treated","week44","IGRApos_BCG_44wk_vs_IGRAneg_BCG_44wk"
"COPG2",0.836353556565139,0.503510026992781,0.19,0.127,1,"13","BCG_treated","week44","IGRApos_BCG_44wk_vs_IGRAneg_BCG_44wk"
"DTWD2",0.837128817248419,0.246727296087952,0.167,0.121,1,"13","BCG_treated","week44","IGRApos_BCG_44wk_vs_IGRAneg_BCG_44wk"
"PIAS3",0.837247412938234,0.122590489091839,0.116,0.087,1,"13","BCG_treated","week44","IGRApos_BCG_44wk_vs_IGRAneg_BCG_44wk"
"PXDNL",0.837303527864244,0.240804880909644,0.169,0.133,1,"13","BCG_treated","week44","IGRApos_BCG_44wk_vs_IGRAneg_BCG_44wk"
"GOLGA2",0.83746986083737,0.120289510872057,0.328,0.249,1,"13","BCG_treated","week44","IGRApos_BCG_44wk_vs_IGRAneg_BCG_44wk"
"PTER",0.837818817403173,-0.11051005867105,0.28,0.231,1,"13","BCG_treated","week44","IGRApos_BCG_44wk_vs_IGRAneg_BCG_44wk"
"FUCA2",0.838528779248266,0.459116023291365,0.156,0.104,1,"13","BCG_treated","week44","IGRApos_BCG_44wk_vs_IGRAneg_BCG_44wk"
"NDUFS4",0.838707057708499,0.288534928819599,0.344,0.26,1,"13","BCG_treated","week44","IGRApos_BCG_44wk_vs_IGRAneg_BCG_44wk"
"ENSG00000255292",0.838854924507389,-0.171883848620938,0.108,0.11,1,"13","BCG_treated","week44","IGRApos_BCG_44wk_vs_IGRAneg_BCG_44wk"
"MATK",0.839153330820767,0.199052105264155,0.344,0.266,1,"13","BCG_treated","week44","IGRApos_BCG_44wk_vs_IGRAneg_BCG_44wk"
"STX5",0.839172077065118,0.293077220886012,0.341,0.249,1,"13","BCG_treated","week44","IGRApos_BCG_44wk_vs_IGRAneg_BCG_44wk"
"UBR5",0.839775179136636,0.100397570040783,0.873,0.798,1,"13","BCG_treated","week44","IGRApos_BCG_44wk_vs_IGRAneg_BCG_44wk"
"STAG3",0.839999292482817,-0.462545056542839,0.143,0.145,1,"13","BCG_treated","week44","IGRApos_BCG_44wk_vs_IGRAneg_BCG_44wk"
"TRABD",0.840295536869684,0.139157461555729,0.288,0.22,1,"13","BCG_treated","week44","IGRApos_BCG_44wk_vs_IGRAneg_BCG_44wk"
"SEMA6A-AS1",0.840948008075781,0.144411089656906,0.151,0.116,1,"13","BCG_treated","week44","IGRApos_BCG_44wk_vs_IGRAneg_BCG_44wk"
"ZMPSTE24",0.84102663761301,0.248824223656138,0.222,0.156,1,"13","BCG_treated","week44","IGRApos_BCG_44wk_vs_IGRAneg_BCG_44wk"
"SPNS1",0.841125739382555,0.211627916508978,0.101,0.069,1,"13","BCG_treated","week44","IGRApos_BCG_44wk_vs_IGRAneg_BCG_44wk"
"CPSF3",0.841164588798133,0.271411912457234,0.228,0.185,1,"13","BCG_treated","week44","IGRApos_BCG_44wk_vs_IGRAneg_BCG_44wk"
"NFIC",0.841308229919238,0.267266055249124,0.257,0.208,1,"13","BCG_treated","week44","IGRApos_BCG_44wk_vs_IGRAneg_BCG_44wk"
"SLC27A2",0.841549961190841,0.538933920898204,0.209,0.139,1,"13","BCG_treated","week44","IGRApos_BCG_44wk_vs_IGRAneg_BCG_44wk"
"LDAH",0.84206310133732,0.313911937561647,0.296,0.22,1,"13","BCG_treated","week44","IGRApos_BCG_44wk_vs_IGRAneg_BCG_44wk"
"MRPL32",0.842070327147692,-0.376342517817044,0.114,0.11,1,"13","BCG_treated","week44","IGRApos_BCG_44wk_vs_IGRAneg_BCG_44wk"
"RPL22",0.84220337633165,0.117415227644881,0.196,0.139,1,"13","BCG_treated","week44","IGRApos_BCG_44wk_vs_IGRAneg_BCG_44wk"
"PSMB7",0.842469253405821,0.139343968647134,0.333,0.254,1,"13","BCG_treated","week44","IGRApos_BCG_44wk_vs_IGRAneg_BCG_44wk"
"ATP6AP1",0.842701395747825,-0.265143059521873,0.119,0.087,1,"13","BCG_treated","week44","IGRApos_BCG_44wk_vs_IGRAneg_BCG_44wk"
"PLAC8",0.842729183909325,0.1827670649168,0.458,0.387,1,"13","BCG_treated","week44","IGRApos_BCG_44wk_vs_IGRAneg_BCG_44wk"
"OTUD4",0.842834287288584,0.100704653734563,0.505,0.405,1,"13","BCG_treated","week44","IGRApos_BCG_44wk_vs_IGRAneg_BCG_44wk"
"MAGT1",0.843467833562433,0.172022358406753,0.381,0.283,1,"13","BCG_treated","week44","IGRApos_BCG_44wk_vs_IGRAneg_BCG_44wk"
"RAVER1",0.843979444451738,-0.112857338489938,0.177,0.139,1,"13","BCG_treated","week44","IGRApos_BCG_44wk_vs_IGRAneg_BCG_44wk"
"CD72",0.843981860406645,-0.186561376905496,0.101,0.092,1,"13","BCG_treated","week44","IGRApos_BCG_44wk_vs_IGRAneg_BCG_44wk"
"SCCPDH",0.845063647526468,0.283150557845921,0.101,0.069,1,"13","BCG_treated","week44","IGRApos_BCG_44wk_vs_IGRAneg_BCG_44wk"
"ETV3",0.845079496464411,0.1830196100064,0.31,0.22,1,"13","BCG_treated","week44","IGRApos_BCG_44wk_vs_IGRAneg_BCG_44wk"
"HEXIM2-AS1",0.845386388479887,-0.13451928399551,0.233,0.202,1,"13","BCG_treated","week44","IGRApos_BCG_44wk_vs_IGRAneg_BCG_44wk"
"ENSG00000240401",0.846046722731261,0.280948394075921,0.122,0.087,1,"13","BCG_treated","week44","IGRApos_BCG_44wk_vs_IGRAneg_BCG_44wk"
"RNPS1",0.846452313685115,0.127590103757506,0.381,0.301,1,"13","BCG_treated","week44","IGRApos_BCG_44wk_vs_IGRAneg_BCG_44wk"
"ZNF652",0.846456024351694,0.158304437345578,0.37,0.295,1,"13","BCG_treated","week44","IGRApos_BCG_44wk_vs_IGRAneg_BCG_44wk"
"SNX19",0.847025790303718,0.25970055243377,0.392,0.306,1,"13","BCG_treated","week44","IGRApos_BCG_44wk_vs_IGRAneg_BCG_44wk"
"TSEN54",0.847474890104377,-0.107030333617692,0.32,0.266,1,"13","BCG_treated","week44","IGRApos_BCG_44wk_vs_IGRAneg_BCG_44wk"
"CDHR3",0.847480644161278,0.12190493094655,0.46,0.434,1,"13","BCG_treated","week44","IGRApos_BCG_44wk_vs_IGRAneg_BCG_44wk"
"TBCCD1",0.847655249282097,0.550816787543557,0.177,0.116,1,"13","BCG_treated","week44","IGRApos_BCG_44wk_vs_IGRAneg_BCG_44wk"
"TOGARAM1",0.848154126389985,0.131852975623816,0.312,0.231,1,"13","BCG_treated","week44","IGRApos_BCG_44wk_vs_IGRAneg_BCG_44wk"
"ENSG00000287092",0.848447244383706,0.402650595392664,0.132,0.121,1,"13","BCG_treated","week44","IGRApos_BCG_44wk_vs_IGRAneg_BCG_44wk"
"EIF4A3",0.848475523618083,0.468436534486045,0.167,0.11,1,"13","BCG_treated","week44","IGRApos_BCG_44wk_vs_IGRAneg_BCG_44wk"
"DYNLL1",0.848508145030901,-0.317643789074509,0.151,0.133,1,"13","BCG_treated","week44","IGRApos_BCG_44wk_vs_IGRAneg_BCG_44wk"
"MIDEAS",0.848600636752068,0.202269829918974,0.513,0.393,1,"13","BCG_treated","week44","IGRApos_BCG_44wk_vs_IGRAneg_BCG_44wk"
"ANXA6",0.848616821129863,-0.111388670750443,0.415,0.37,1,"13","BCG_treated","week44","IGRApos_BCG_44wk_vs_IGRAneg_BCG_44wk"
"TMEM62",0.848854538171572,0.195456875944053,0.32,0.231,1,"13","BCG_treated","week44","IGRApos_BCG_44wk_vs_IGRAneg_BCG_44wk"
"TRERF1",0.849337732228887,-0.177149207020457,0.437,0.399,1,"13","BCG_treated","week44","IGRApos_BCG_44wk_vs_IGRAneg_BCG_44wk"
"ZNF280D",0.849439262184597,-0.143192996114725,0.413,0.37,1,"13","BCG_treated","week44","IGRApos_BCG_44wk_vs_IGRAneg_BCG_44wk"
"MCRS1",0.849841537283707,0.181891218324691,0.138,0.11,1,"13","BCG_treated","week44","IGRApos_BCG_44wk_vs_IGRAneg_BCG_44wk"
"ZNF320",0.849900064889346,0.339358037493029,0.127,0.081,1,"13","BCG_treated","week44","IGRApos_BCG_44wk_vs_IGRAneg_BCG_44wk"
"RAP2C",0.850748032696639,-0.189520140272147,0.198,0.173,1,"13","BCG_treated","week44","IGRApos_BCG_44wk_vs_IGRAneg_BCG_44wk"
"OGFR",0.851650570273106,-0.169811356559523,0.235,0.22,1,"13","BCG_treated","week44","IGRApos_BCG_44wk_vs_IGRAneg_BCG_44wk"
"PCGF6",0.851864482395206,-0.165672079942065,0.177,0.156,1,"13","BCG_treated","week44","IGRApos_BCG_44wk_vs_IGRAneg_BCG_44wk"
"HNRNPH2",0.852511328455369,-0.18131815491969,0.251,0.22,1,"13","BCG_treated","week44","IGRApos_BCG_44wk_vs_IGRAneg_BCG_44wk"
"FAM120AOS",0.852511575307275,-0.115273144949898,0.233,0.208,1,"13","BCG_treated","week44","IGRApos_BCG_44wk_vs_IGRAneg_BCG_44wk"
"PCMTD1",0.853101695834964,0.262629993249538,0.828,0.746,1,"13","BCG_treated","week44","IGRApos_BCG_44wk_vs_IGRAneg_BCG_44wk"
"SKP2",0.853216034495994,0.139398701872967,0.132,0.092,1,"13","BCG_treated","week44","IGRApos_BCG_44wk_vs_IGRAneg_BCG_44wk"
"TMEM156",0.854332173919999,0.127477407222226,0.328,0.26,1,"13","BCG_treated","week44","IGRApos_BCG_44wk_vs_IGRAneg_BCG_44wk"
"ZNF678",0.854558080946595,-0.215801595558563,0.23,0.214,1,"13","BCG_treated","week44","IGRApos_BCG_44wk_vs_IGRAneg_BCG_44wk"
"PLAGL2",0.854896119901558,0.316860953379891,0.114,0.081,1,"13","BCG_treated","week44","IGRApos_BCG_44wk_vs_IGRAneg_BCG_44wk"
"SETDB2",0.855482477336842,0.296228601261065,0.381,0.283,1,"13","BCG_treated","week44","IGRApos_BCG_44wk_vs_IGRAneg_BCG_44wk"
"CEP250",0.856128018457346,0.201447700288653,0.347,0.26,1,"13","BCG_treated","week44","IGRApos_BCG_44wk_vs_IGRAneg_BCG_44wk"
"TSC1",0.856214581061407,0.199986481552707,0.368,0.283,1,"13","BCG_treated","week44","IGRApos_BCG_44wk_vs_IGRAneg_BCG_44wk"
"FAM199X",0.857590652242419,0.163892626702477,0.241,0.173,1,"13","BCG_treated","week44","IGRApos_BCG_44wk_vs_IGRAneg_BCG_44wk"
"ITPRID2",0.857661610743232,0.141301722172436,0.302,0.243,1,"13","BCG_treated","week44","IGRApos_BCG_44wk_vs_IGRAneg_BCG_44wk"
"CCDC144BP",0.857693919913777,-0.32944734426426,0.156,0.139,1,"13","BCG_treated","week44","IGRApos_BCG_44wk_vs_IGRAneg_BCG_44wk"
"HMGCR",0.857768031511844,0.319566303782858,0.206,0.15,1,"13","BCG_treated","week44","IGRApos_BCG_44wk_vs_IGRAneg_BCG_44wk"
"TBCB",0.859452625910303,-0.133194409462255,0.188,0.15,1,"13","BCG_treated","week44","IGRApos_BCG_44wk_vs_IGRAneg_BCG_44wk"
"SNX3",0.859493840982315,-0.157285707470297,0.283,0.249,1,"13","BCG_treated","week44","IGRApos_BCG_44wk_vs_IGRAneg_BCG_44wk"
"TFRC",0.859947594457211,0.29098175476243,0.312,0.254,1,"13","BCG_treated","week44","IGRApos_BCG_44wk_vs_IGRAneg_BCG_44wk"
"GK5",0.860011780992232,0.151233679593287,0.545,0.422,1,"13","BCG_treated","week44","IGRApos_BCG_44wk_vs_IGRAneg_BCG_44wk"
"SAP30BP",0.860644022743948,0.117126184854865,0.344,0.283,1,"13","BCG_treated","week44","IGRApos_BCG_44wk_vs_IGRAneg_BCG_44wk"
"PICALM",0.861138444756719,0.119863772229943,0.947,0.873,1,"13","BCG_treated","week44","IGRApos_BCG_44wk_vs_IGRAneg_BCG_44wk"
"TSG101",0.86114922524939,-0.220488239101744,0.447,0.399,1,"13","BCG_treated","week44","IGRApos_BCG_44wk_vs_IGRAneg_BCG_44wk"
"ARFIP1",0.861608335326547,0.234966108919552,0.577,0.451,1,"13","BCG_treated","week44","IGRApos_BCG_44wk_vs_IGRAneg_BCG_44wk"
"ZC3H4",0.862329983224599,0.164916503276786,0.426,0.318,1,"13","BCG_treated","week44","IGRApos_BCG_44wk_vs_IGRAneg_BCG_44wk"
"KDM1A",0.86251932070267,0.119151199978204,0.386,0.289,1,"13","BCG_treated","week44","IGRApos_BCG_44wk_vs_IGRAneg_BCG_44wk"
"POT1",0.862765769498683,0.1689460732216,0.243,0.208,1,"13","BCG_treated","week44","IGRApos_BCG_44wk_vs_IGRAneg_BCG_44wk"
"DVL2",0.862857049808513,0.362256368747664,0.114,0.075,1,"13","BCG_treated","week44","IGRApos_BCG_44wk_vs_IGRAneg_BCG_44wk"
"MINK1",0.863296513313931,0.145545595308981,0.381,0.289,1,"13","BCG_treated","week44","IGRApos_BCG_44wk_vs_IGRAneg_BCG_44wk"
"NDUFAB1",0.863497149178177,0.182517828081281,0.103,0.087,1,"13","BCG_treated","week44","IGRApos_BCG_44wk_vs_IGRAneg_BCG_44wk"
"ZCCHC9",0.863688200943113,-0.127310047215215,0.127,0.11,1,"13","BCG_treated","week44","IGRApos_BCG_44wk_vs_IGRAneg_BCG_44wk"
"CHMP6",0.863990947580589,-0.107822853477037,0.116,0.11,1,"13","BCG_treated","week44","IGRApos_BCG_44wk_vs_IGRAneg_BCG_44wk"
"OTUB1",0.864646343196903,-0.117037165104757,0.183,0.139,1,"13","BCG_treated","week44","IGRApos_BCG_44wk_vs_IGRAneg_BCG_44wk"
"VPS13C",0.86485803307359,0.15873236328734,0.934,0.867,1,"13","BCG_treated","week44","IGRApos_BCG_44wk_vs_IGRAneg_BCG_44wk"
"LDB2",0.865145596750248,-0.33623419074327,0.204,0.225,1,"13","BCG_treated","week44","IGRApos_BCG_44wk_vs_IGRAneg_BCG_44wk"
"RALGDS",0.865580582540045,0.22021981430609,0.45,0.347,1,"13","BCG_treated","week44","IGRApos_BCG_44wk_vs_IGRAneg_BCG_44wk"
"MINDY3",0.865669072992516,0.118892294070666,0.429,0.329,1,"13","BCG_treated","week44","IGRApos_BCG_44wk_vs_IGRAneg_BCG_44wk"
"ANKRD36C",0.865766709008711,0.234581283424197,0.574,0.462,1,"13","BCG_treated","week44","IGRApos_BCG_44wk_vs_IGRAneg_BCG_44wk"
"MIR181A1HG",0.866127858262712,0.327222957102046,0.537,0.439,1,"13","BCG_treated","week44","IGRApos_BCG_44wk_vs_IGRAneg_BCG_44wk"
"TRIM69",0.866856217977996,0.295501261611357,0.161,0.116,1,"13","BCG_treated","week44","IGRApos_BCG_44wk_vs_IGRAneg_BCG_44wk"
"BRPF3",0.867418841063282,0.311371233600928,0.169,0.116,1,"13","BCG_treated","week44","IGRApos_BCG_44wk_vs_IGRAneg_BCG_44wk"
"HSF1",0.868078626807782,0.137106608001243,0.312,0.237,1,"13","BCG_treated","week44","IGRApos_BCG_44wk_vs_IGRAneg_BCG_44wk"
"RHOF",0.868115304567421,0.122867636212267,0.439,0.353,1,"13","BCG_treated","week44","IGRApos_BCG_44wk_vs_IGRAneg_BCG_44wk"
"DLL1",0.868122040192951,0.325256682316471,0.103,0.075,1,"13","BCG_treated","week44","IGRApos_BCG_44wk_vs_IGRAneg_BCG_44wk"
"ZNF175",0.868964025716493,0.144645758853747,0.124,0.098,1,"13","BCG_treated","week44","IGRApos_BCG_44wk_vs_IGRAneg_BCG_44wk"
"TTN-AS1",0.869625092186293,-0.142275062223729,0.275,0.249,1,"13","BCG_treated","week44","IGRApos_BCG_44wk_vs_IGRAneg_BCG_44wk"
"PRKACA",0.869873613220467,0.110112315969293,0.143,0.116,1,"13","BCG_treated","week44","IGRApos_BCG_44wk_vs_IGRAneg_BCG_44wk"
"ELOVL5",0.870204310067415,0.15183252256019,0.608,0.538,1,"13","BCG_treated","week44","IGRApos_BCG_44wk_vs_IGRAneg_BCG_44wk"
"DCTD",0.870972196931036,0.140771032723134,0.225,0.168,1,"13","BCG_treated","week44","IGRApos_BCG_44wk_vs_IGRAneg_BCG_44wk"
"TSPYL4",0.871491020344848,-0.105238070051698,0.114,0.104,1,"13","BCG_treated","week44","IGRApos_BCG_44wk_vs_IGRAneg_BCG_44wk"
"JMJD7",0.871521654437262,0.36685591541861,0.116,0.075,1,"13","BCG_treated","week44","IGRApos_BCG_44wk_vs_IGRAneg_BCG_44wk"
"EFCAB2",0.872153246280668,0.192477683446691,0.214,0.179,1,"13","BCG_treated","week44","IGRApos_BCG_44wk_vs_IGRAneg_BCG_44wk"
"MBOAT1",0.873656834966168,0.392078007213737,0.249,0.185,1,"13","BCG_treated","week44","IGRApos_BCG_44wk_vs_IGRAneg_BCG_44wk"
"ANGEL1",0.874002790090598,0.177094917214598,0.209,0.15,1,"13","BCG_treated","week44","IGRApos_BCG_44wk_vs_IGRAneg_BCG_44wk"
"PIK3CB",0.874824439019078,0.22396167655624,0.41,0.318,1,"13","BCG_treated","week44","IGRApos_BCG_44wk_vs_IGRAneg_BCG_44wk"
"EDRF1",0.875591587483477,0.156397446399924,0.444,0.347,1,"13","BCG_treated","week44","IGRApos_BCG_44wk_vs_IGRAneg_BCG_44wk"
"KDM4B",0.876484196415709,0.111508060024346,0.608,0.509,1,"13","BCG_treated","week44","IGRApos_BCG_44wk_vs_IGRAneg_BCG_44wk"
"SNAPC4",0.876657610332127,0.236229576111874,0.177,0.139,1,"13","BCG_treated","week44","IGRApos_BCG_44wk_vs_IGRAneg_BCG_44wk"
"MAN1B1",0.877047734047675,0.373643096035021,0.23,0.162,1,"13","BCG_treated","week44","IGRApos_BCG_44wk_vs_IGRAneg_BCG_44wk"
"THUMPD3-AS1",0.87768528974258,-0.114628417340579,0.384,0.335,1,"13","BCG_treated","week44","IGRApos_BCG_44wk_vs_IGRAneg_BCG_44wk"
"URB2",0.878507590226107,-0.38910578082716,0.127,0.121,1,"13","BCG_treated","week44","IGRApos_BCG_44wk_vs_IGRAneg_BCG_44wk"
"TSC2",0.878560066098872,0.265982351753757,0.323,0.254,1,"13","BCG_treated","week44","IGRApos_BCG_44wk_vs_IGRAneg_BCG_44wk"
"SLC25A42",0.879455845072223,-0.111006980603261,0.164,0.145,1,"13","BCG_treated","week44","IGRApos_BCG_44wk_vs_IGRAneg_BCG_44wk"
"BCL2A1",0.880003214098178,0.433879709347922,0.167,0.116,1,"13","BCG_treated","week44","IGRApos_BCG_44wk_vs_IGRAneg_BCG_44wk"
"SEC24C",0.88005629191895,0.168464864538963,0.429,0.329,1,"13","BCG_treated","week44","IGRApos_BCG_44wk_vs_IGRAneg_BCG_44wk"
"METTL8",0.880074740837221,-0.185116731187914,0.214,0.202,1,"13","BCG_treated","week44","IGRApos_BCG_44wk_vs_IGRAneg_BCG_44wk"
"GGA2",0.881070780804699,0.146354239702237,0.529,0.416,1,"13","BCG_treated","week44","IGRApos_BCG_44wk_vs_IGRAneg_BCG_44wk"
"COG6",0.881396034525682,-0.168122321546378,0.384,0.329,1,"13","BCG_treated","week44","IGRApos_BCG_44wk_vs_IGRAneg_BCG_44wk"
"C2orf76",0.881434954566837,-0.272777078579681,0.159,0.156,1,"13","BCG_treated","week44","IGRApos_BCG_44wk_vs_IGRAneg_BCG_44wk"
"FAM13A",0.881630430493948,-0.181785568594967,0.18,0.168,1,"13","BCG_treated","week44","IGRApos_BCG_44wk_vs_IGRAneg_BCG_44wk"
"SLC25A43",0.881684590709892,-0.32134944796056,0.225,0.197,1,"13","BCG_treated","week44","IGRApos_BCG_44wk_vs_IGRAneg_BCG_44wk"
"PIGK",0.881756133773762,-0.193819349107887,0.235,0.202,1,"13","BCG_treated","week44","IGRApos_BCG_44wk_vs_IGRAneg_BCG_44wk"
"ITPRIP",0.882344389168543,0.193496375431611,0.249,0.185,1,"13","BCG_treated","week44","IGRApos_BCG_44wk_vs_IGRAneg_BCG_44wk"
"SYNE2",0.882444028251703,0.132700866754993,0.614,0.549,1,"13","BCG_treated","week44","IGRApos_BCG_44wk_vs_IGRAneg_BCG_44wk"
"MRPS25",0.882726675544622,0.31720852544289,0.328,0.266,1,"13","BCG_treated","week44","IGRApos_BCG_44wk_vs_IGRAneg_BCG_44wk"
"ANKRD6",0.883132264318719,0.130956528185637,0.278,0.231,1,"13","BCG_treated","week44","IGRApos_BCG_44wk_vs_IGRAneg_BCG_44wk"
"KIN",0.885192029929946,0.17823167624273,0.291,0.225,1,"13","BCG_treated","week44","IGRApos_BCG_44wk_vs_IGRAneg_BCG_44wk"
"SLC35A5",0.88721216785477,0.282935135729436,0.127,0.087,1,"13","BCG_treated","week44","IGRApos_BCG_44wk_vs_IGRAneg_BCG_44wk"
"PTCD3",0.887700121996395,0.241275594552536,0.455,0.353,1,"13","BCG_treated","week44","IGRApos_BCG_44wk_vs_IGRAneg_BCG_44wk"
"WWOX",0.888064578237252,0.142881983188813,0.638,0.543,1,"13","BCG_treated","week44","IGRApos_BCG_44wk_vs_IGRAneg_BCG_44wk"
"PDHB",0.888190415352627,-0.191164402662579,0.114,0.092,1,"13","BCG_treated","week44","IGRApos_BCG_44wk_vs_IGRAneg_BCG_44wk"
"SEPTIN7P2",0.888308318608304,-0.269491834377817,0.114,0.087,1,"13","BCG_treated","week44","IGRApos_BCG_44wk_vs_IGRAneg_BCG_44wk"
"WARS2",0.888606710212324,-0.170893239861418,0.206,0.202,1,"13","BCG_treated","week44","IGRApos_BCG_44wk_vs_IGRAneg_BCG_44wk"
"PMS2P3.1",0.888798740272344,0.422196619997247,0.108,0.081,1,"13","BCG_treated","week44","IGRApos_BCG_44wk_vs_IGRAneg_BCG_44wk"
"FNBP4",0.888816034873079,0.136830668172621,0.849,0.763,1,"13","BCG_treated","week44","IGRApos_BCG_44wk_vs_IGRAneg_BCG_44wk"
"TRMT11",0.891264366426507,0.127564633998813,0.376,0.301,1,"13","BCG_treated","week44","IGRApos_BCG_44wk_vs_IGRAneg_BCG_44wk"
"USP9X",0.892242760583952,0.104248852053527,0.775,0.659,1,"13","BCG_treated","week44","IGRApos_BCG_44wk_vs_IGRAneg_BCG_44wk"
"TXNL4B",0.892920821560363,-0.124831725168958,0.114,0.098,1,"13","BCG_treated","week44","IGRApos_BCG_44wk_vs_IGRAneg_BCG_44wk"
"ZDHHC8",0.893232758798638,0.385388689729735,0.103,0.075,1,"13","BCG_treated","week44","IGRApos_BCG_44wk_vs_IGRAneg_BCG_44wk"
"TYW1",0.893265024845672,0.208430779346856,0.497,0.393,1,"13","BCG_treated","week44","IGRApos_BCG_44wk_vs_IGRAneg_BCG_44wk"
"CFAP36",0.893453605844998,0.180945456976621,0.106,0.075,1,"13","BCG_treated","week44","IGRApos_BCG_44wk_vs_IGRAneg_BCG_44wk"
"GOLGA8N",0.893558900042897,0.212394568073145,0.127,0.098,1,"13","BCG_treated","week44","IGRApos_BCG_44wk_vs_IGRAneg_BCG_44wk"
"FBXW2",0.893567935374426,0.361374877813789,0.405,0.289,1,"13","BCG_treated","week44","IGRApos_BCG_44wk_vs_IGRAneg_BCG_44wk"
"ZNF211",0.894168405850704,0.144292763312485,0.122,0.092,1,"13","BCG_treated","week44","IGRApos_BCG_44wk_vs_IGRAneg_BCG_44wk"
"AMFR",0.894549971711878,0.147422952267788,0.288,0.214,1,"13","BCG_treated","week44","IGRApos_BCG_44wk_vs_IGRAneg_BCG_44wk"
"MECP2",0.894712102460921,0.1052571582119,0.635,0.532,1,"13","BCG_treated","week44","IGRApos_BCG_44wk_vs_IGRAneg_BCG_44wk"
"SCD5",0.894871253101172,-0.16753549856403,0.122,0.11,1,"13","BCG_treated","week44","IGRApos_BCG_44wk_vs_IGRAneg_BCG_44wk"
"LSM12",0.895972318824896,0.113462883853274,0.188,0.145,1,"13","BCG_treated","week44","IGRApos_BCG_44wk_vs_IGRAneg_BCG_44wk"
"SWT1",0.895981427352685,0.439437448182286,0.19,0.139,1,"13","BCG_treated","week44","IGRApos_BCG_44wk_vs_IGRAneg_BCG_44wk"
"N4BP2L1",0.896729406354218,0.190397626335274,0.585,0.474,1,"13","BCG_treated","week44","IGRApos_BCG_44wk_vs_IGRAneg_BCG_44wk"
"SHLD1",0.897278776732398,0.171433986470735,0.397,0.301,1,"13","BCG_treated","week44","IGRApos_BCG_44wk_vs_IGRAneg_BCG_44wk"
"ABI3",0.897398473878146,-0.276874872562457,0.116,0.11,1,"13","BCG_treated","week44","IGRApos_BCG_44wk_vs_IGRAneg_BCG_44wk"
"STYK1",0.897589931344774,-0.188855535071111,0.18,0.185,1,"13","BCG_treated","week44","IGRApos_BCG_44wk_vs_IGRAneg_BCG_44wk"
"PAPOLG",0.897633926904679,0.197509378644375,0.389,0.289,1,"13","BCG_treated","week44","IGRApos_BCG_44wk_vs_IGRAneg_BCG_44wk"
"POLK",0.897731171474895,0.109972496149466,0.437,0.37,1,"13","BCG_treated","week44","IGRApos_BCG_44wk_vs_IGRAneg_BCG_44wk"
"ASH2L",0.897825909420155,0.274761377024538,0.336,0.26,1,"13","BCG_treated","week44","IGRApos_BCG_44wk_vs_IGRAneg_BCG_44wk"
"COX7A2L",0.898965086713076,0.158314670046955,0.188,0.139,1,"13","BCG_treated","week44","IGRApos_BCG_44wk_vs_IGRAneg_BCG_44wk"
"CTSW",0.899044486664473,-0.224014202945054,0.537,0.491,1,"13","BCG_treated","week44","IGRApos_BCG_44wk_vs_IGRAneg_BCG_44wk"
"YIPF3",0.899479693458596,0.439039507004882,0.14,0.092,1,"13","BCG_treated","week44","IGRApos_BCG_44wk_vs_IGRAneg_BCG_44wk"
"ZMYM3",0.899719295444428,0.331322096179821,0.143,0.098,1,"13","BCG_treated","week44","IGRApos_BCG_44wk_vs_IGRAneg_BCG_44wk"
"TINF2",0.89981524715871,0.146328510150097,0.177,0.133,1,"13","BCG_treated","week44","IGRApos_BCG_44wk_vs_IGRAneg_BCG_44wk"
"B3GNT2",0.899952890163471,0.169958698315169,0.503,0.399,1,"13","BCG_treated","week44","IGRApos_BCG_44wk_vs_IGRAneg_BCG_44wk"
"NUDCD1",0.900210495425211,0.163865214472201,0.272,0.202,1,"13","BCG_treated","week44","IGRApos_BCG_44wk_vs_IGRAneg_BCG_44wk"
"SF3A1",0.900443039918306,0.473289268039844,0.397,0.272,1,"13","BCG_treated","week44","IGRApos_BCG_44wk_vs_IGRAneg_BCG_44wk"
"PMPCB",0.900599981731586,0.110838076427095,0.336,0.26,1,"13","BCG_treated","week44","IGRApos_BCG_44wk_vs_IGRAneg_BCG_44wk"
"GSS",0.900929480177106,0.184794098997862,0.132,0.104,1,"13","BCG_treated","week44","IGRApos_BCG_44wk_vs_IGRAneg_BCG_44wk"
"RUSF1",0.901718632634561,0.132753705568833,0.114,0.098,1,"13","BCG_treated","week44","IGRApos_BCG_44wk_vs_IGRAneg_BCG_44wk"
"LIPE-AS1",0.901803975762089,0.255726163538809,0.222,0.179,1,"13","BCG_treated","week44","IGRApos_BCG_44wk_vs_IGRAneg_BCG_44wk"
"ORMDL3",0.902200214874074,0.508527847919181,0.108,0.069,1,"13","BCG_treated","week44","IGRApos_BCG_44wk_vs_IGRAneg_BCG_44wk"
"ZNF550",0.902373514090303,0.304118689039275,0.138,0.092,1,"13","BCG_treated","week44","IGRApos_BCG_44wk_vs_IGRAneg_BCG_44wk"
"CAMSAP1-DT",0.902779347420816,0.10236648573643,0.103,0.081,1,"13","BCG_treated","week44","IGRApos_BCG_44wk_vs_IGRAneg_BCG_44wk"
"LPCAT1",0.903538285515078,0.162373014231337,0.693,0.578,1,"13","BCG_treated","week44","IGRApos_BCG_44wk_vs_IGRAneg_BCG_44wk"
"POLR3A",0.903736881881283,0.262839834231214,0.317,0.249,1,"13","BCG_treated","week44","IGRApos_BCG_44wk_vs_IGRAneg_BCG_44wk"
"TNFRSF1B",0.90380361024363,-0.230040361416354,0.442,0.382,1,"13","BCG_treated","week44","IGRApos_BCG_44wk_vs_IGRAneg_BCG_44wk"
"PLEKHA5",0.904782112830512,0.195153703513749,0.352,0.283,1,"13","BCG_treated","week44","IGRApos_BCG_44wk_vs_IGRAneg_BCG_44wk"
"DLEU1",0.906131322628328,-0.5063089901206,0.265,0.22,1,"13","BCG_treated","week44","IGRApos_BCG_44wk_vs_IGRAneg_BCG_44wk"
"PASK",0.906242860741486,0.40166749697573,0.146,0.121,1,"13","BCG_treated","week44","IGRApos_BCG_44wk_vs_IGRAneg_BCG_44wk"
"BBIP1",0.906913007376188,0.296833122927037,0.138,0.104,1,"13","BCG_treated","week44","IGRApos_BCG_44wk_vs_IGRAneg_BCG_44wk"
"PDSS1",0.907855945769741,0.211486360303461,0.14,0.11,1,"13","BCG_treated","week44","IGRApos_BCG_44wk_vs_IGRAneg_BCG_44wk"
"LPAL2",0.908093313692598,-0.282480745541295,0.106,0.104,1,"13","BCG_treated","week44","IGRApos_BCG_44wk_vs_IGRAneg_BCG_44wk"
"TMC6",0.908450961968952,-0.116429320992904,0.526,0.497,1,"13","BCG_treated","week44","IGRApos_BCG_44wk_vs_IGRAneg_BCG_44wk"
"BFAR",0.909179937816887,0.146977186986948,0.315,0.249,1,"13","BCG_treated","week44","IGRApos_BCG_44wk_vs_IGRAneg_BCG_44wk"
"PGLS-DT",0.909304201836174,-0.184732951919931,0.106,0.098,1,"13","BCG_treated","week44","IGRApos_BCG_44wk_vs_IGRAneg_BCG_44wk"
"ATP6V0D1-DT",0.909736058475891,-0.222600693006075,0.138,0.121,1,"13","BCG_treated","week44","IGRApos_BCG_44wk_vs_IGRAneg_BCG_44wk"
"ZNF566",0.909980524782106,0.269681247057296,0.156,0.127,1,"13","BCG_treated","week44","IGRApos_BCG_44wk_vs_IGRAneg_BCG_44wk"
"SYVN1",0.910181635633142,0.24871684077728,0.153,0.104,1,"13","BCG_treated","week44","IGRApos_BCG_44wk_vs_IGRAneg_BCG_44wk"
"UTP18",0.910641896729288,-0.162229807566593,0.214,0.197,1,"13","BCG_treated","week44","IGRApos_BCG_44wk_vs_IGRAneg_BCG_44wk"
"TADA2A",0.911014877411686,0.249884102234236,0.265,0.214,1,"13","BCG_treated","week44","IGRApos_BCG_44wk_vs_IGRAneg_BCG_44wk"
"SLC4A1AP",0.912063289276411,-0.469857122665509,0.23,0.225,1,"13","BCG_treated","week44","IGRApos_BCG_44wk_vs_IGRAneg_BCG_44wk"
"RPS6KB2",0.912104950339234,0.215177341212694,0.148,0.11,1,"13","BCG_treated","week44","IGRApos_BCG_44wk_vs_IGRAneg_BCG_44wk"
"NUP155",0.912640925309483,0.210968614558938,0.251,0.191,1,"13","BCG_treated","week44","IGRApos_BCG_44wk_vs_IGRAneg_BCG_44wk"
"RABGEF1P1",0.913540948361448,-0.125985242164752,0.19,0.15,1,"13","BCG_treated","week44","IGRApos_BCG_44wk_vs_IGRAneg_BCG_44wk"
"PTPRK",0.914006516557436,0.112453143606156,0.132,0.11,1,"13","BCG_treated","week44","IGRApos_BCG_44wk_vs_IGRAneg_BCG_44wk"
"MRPL30",0.914313757060475,0.403384561308386,0.127,0.087,1,"13","BCG_treated","week44","IGRApos_BCG_44wk_vs_IGRAneg_BCG_44wk"
"UBE2F",0.914569859688473,0.152469595257779,0.59,0.491,1,"13","BCG_treated","week44","IGRApos_BCG_44wk_vs_IGRAneg_BCG_44wk"
"MIRLET7A1HG",0.914937387363206,0.121163016845935,0.249,0.202,1,"13","BCG_treated","week44","IGRApos_BCG_44wk_vs_IGRAneg_BCG_44wk"
"USP33",0.915579436285232,0.111124957425788,0.706,0.601,1,"13","BCG_treated","week44","IGRApos_BCG_44wk_vs_IGRAneg_BCG_44wk"
"RIC1",0.916084840367722,0.106511080759716,0.513,0.405,1,"13","BCG_treated","week44","IGRApos_BCG_44wk_vs_IGRAneg_BCG_44wk"
"APOOL",0.916163697090125,0.173268453242659,0.14,0.11,1,"13","BCG_treated","week44","IGRApos_BCG_44wk_vs_IGRAneg_BCG_44wk"
"TM2D1",0.916409483596666,0.222658680077402,0.405,0.306,1,"13","BCG_treated","week44","IGRApos_BCG_44wk_vs_IGRAneg_BCG_44wk"
"ACOXL",0.916668035418336,-0.26504657887656,0.132,0.11,1,"13","BCG_treated","week44","IGRApos_BCG_44wk_vs_IGRAneg_BCG_44wk"
"IFT27",0.916707292989699,0.394711378014004,0.119,0.081,1,"13","BCG_treated","week44","IGRApos_BCG_44wk_vs_IGRAneg_BCG_44wk"
"VRK2",0.917093237245188,-0.100432104195347,0.421,0.353,1,"13","BCG_treated","week44","IGRApos_BCG_44wk_vs_IGRAneg_BCG_44wk"
"TTLL11",0.917214651599789,-0.248370817834019,0.262,0.225,1,"13","BCG_treated","week44","IGRApos_BCG_44wk_vs_IGRAneg_BCG_44wk"
"NR6A1",0.917349425682915,0.295365462411199,0.228,0.15,1,"13","BCG_treated","week44","IGRApos_BCG_44wk_vs_IGRAneg_BCG_44wk"
"DNAJC13",0.917389811842564,0.33212051735975,0.511,0.387,1,"13","BCG_treated","week44","IGRApos_BCG_44wk_vs_IGRAneg_BCG_44wk"
"PTPN2",0.917580798042917,0.113102007326899,0.664,0.561,1,"13","BCG_treated","week44","IGRApos_BCG_44wk_vs_IGRAneg_BCG_44wk"
"ZGRF1",0.917761991000477,0.28936021083698,0.127,0.104,1,"13","BCG_treated","week44","IGRApos_BCG_44wk_vs_IGRAneg_BCG_44wk"
"NMD3",0.917971022601051,0.181687202408281,0.185,0.145,1,"13","BCG_treated","week44","IGRApos_BCG_44wk_vs_IGRAneg_BCG_44wk"
"TMEM131",0.918218386719029,0.118509520802801,0.844,0.74,1,"13","BCG_treated","week44","IGRApos_BCG_44wk_vs_IGRAneg_BCG_44wk"
"P2RX4",0.918269401987719,0.359274188425362,0.177,0.139,1,"13","BCG_treated","week44","IGRApos_BCG_44wk_vs_IGRAneg_BCG_44wk"
"TDP1",0.918337487989723,0.132249808193004,0.405,0.324,1,"13","BCG_treated","week44","IGRApos_BCG_44wk_vs_IGRAneg_BCG_44wk"
"GALNT2",0.919613692706843,0.137195657794906,0.791,0.682,1,"13","BCG_treated","week44","IGRApos_BCG_44wk_vs_IGRAneg_BCG_44wk"
"CLPB",0.920172987618292,-0.152335037807678,0.198,0.173,1,"13","BCG_treated","week44","IGRApos_BCG_44wk_vs_IGRAneg_BCG_44wk"
"BIN3",0.920325812769356,-0.213528287594625,0.22,0.185,1,"13","BCG_treated","week44","IGRApos_BCG_44wk_vs_IGRAneg_BCG_44wk"
"RNF170",0.920853365565906,-0.122290547317248,0.159,0.145,1,"13","BCG_treated","week44","IGRApos_BCG_44wk_vs_IGRAneg_BCG_44wk"
"CTSA",0.921158169417944,0.177418742301549,0.116,0.092,1,"13","BCG_treated","week44","IGRApos_BCG_44wk_vs_IGRAneg_BCG_44wk"
"AP4E1",0.921171120357932,0.376692354343718,0.378,0.283,1,"13","BCG_treated","week44","IGRApos_BCG_44wk_vs_IGRAneg_BCG_44wk"
"PPP4R2",0.921449900723029,0.185636981712103,0.601,0.486,1,"13","BCG_treated","week44","IGRApos_BCG_44wk_vs_IGRAneg_BCG_44wk"
"CASP10",0.921974665753906,0.21370346216423,0.204,0.168,1,"13","BCG_treated","week44","IGRApos_BCG_44wk_vs_IGRAneg_BCG_44wk"
"ENSG00000183308",0.922606437045844,-0.392096303439531,0.111,0.11,1,"13","BCG_treated","week44","IGRApos_BCG_44wk_vs_IGRAneg_BCG_44wk"
"ATG14",0.92262493533069,-0.130876237444868,0.381,0.341,1,"13","BCG_treated","week44","IGRApos_BCG_44wk_vs_IGRAneg_BCG_44wk"
"PRR14L",0.922821338951207,0.203915666986752,0.632,0.532,1,"13","BCG_treated","week44","IGRApos_BCG_44wk_vs_IGRAneg_BCG_44wk"
"SUPT3H",0.922939579812121,-0.118340488039276,0.688,0.618,1,"13","BCG_treated","week44","IGRApos_BCG_44wk_vs_IGRAneg_BCG_44wk"
"NUBP1",0.923392580642172,-0.316694666420029,0.185,0.162,1,"13","BCG_treated","week44","IGRApos_BCG_44wk_vs_IGRAneg_BCG_44wk"
"ABHD17B",0.924910539017777,0.258757668802438,0.407,0.324,1,"13","BCG_treated","week44","IGRApos_BCG_44wk_vs_IGRAneg_BCG_44wk"
"IGFLR1",0.925306972446531,-0.145630102217889,0.124,0.104,1,"13","BCG_treated","week44","IGRApos_BCG_44wk_vs_IGRAneg_BCG_44wk"
"PIH1D1",0.925362026933172,-0.188571127034485,0.143,0.116,1,"13","BCG_treated","week44","IGRApos_BCG_44wk_vs_IGRAneg_BCG_44wk"
"PSMD12",0.925970540281126,0.136265447664039,0.386,0.312,1,"13","BCG_treated","week44","IGRApos_BCG_44wk_vs_IGRAneg_BCG_44wk"
"INTS1",0.926384023368762,0.199154533451393,0.275,0.197,1,"13","BCG_treated","week44","IGRApos_BCG_44wk_vs_IGRAneg_BCG_44wk"
"ZSCAN30",0.926855080975023,0.126865976286897,0.196,0.168,1,"13","BCG_treated","week44","IGRApos_BCG_44wk_vs_IGRAneg_BCG_44wk"
"PWWP3A",0.927070913317426,0.107225344028193,0.294,0.237,1,"13","BCG_treated","week44","IGRApos_BCG_44wk_vs_IGRAneg_BCG_44wk"
"DDX49",0.927770254229657,0.569841797480608,0.111,0.081,1,"13","BCG_treated","week44","IGRApos_BCG_44wk_vs_IGRAneg_BCG_44wk"
"TMEM182",0.928436352868161,0.381217810844507,0.106,0.069,1,"13","BCG_treated","week44","IGRApos_BCG_44wk_vs_IGRAneg_BCG_44wk"
"NEK4",0.928594443331992,0.196507794254466,0.209,0.156,1,"13","BCG_treated","week44","IGRApos_BCG_44wk_vs_IGRAneg_BCG_44wk"
"RNPEP",0.92861439121349,0.231704745545724,0.169,0.121,1,"13","BCG_treated","week44","IGRApos_BCG_44wk_vs_IGRAneg_BCG_44wk"
"CERS5",0.929569727525756,0.147368682560476,0.357,0.295,1,"13","BCG_treated","week44","IGRApos_BCG_44wk_vs_IGRAneg_BCG_44wk"
"POLA2",0.929584989652875,0.286780860890121,0.175,0.127,1,"13","BCG_treated","week44","IGRApos_BCG_44wk_vs_IGRAneg_BCG_44wk"
"ALKBH1",0.93079466797869,0.215976959267877,0.209,0.173,1,"13","BCG_treated","week44","IGRApos_BCG_44wk_vs_IGRAneg_BCG_44wk"
"ZNF91",0.932680603020997,0.106087438046338,0.545,0.457,1,"13","BCG_treated","week44","IGRApos_BCG_44wk_vs_IGRAneg_BCG_44wk"
"ZNF341",0.932886211673704,0.24993440415099,0.108,0.075,1,"13","BCG_treated","week44","IGRApos_BCG_44wk_vs_IGRAneg_BCG_44wk"
"RRAGC",0.933683743422391,0.278574642235253,0.124,0.092,1,"13","BCG_treated","week44","IGRApos_BCG_44wk_vs_IGRAneg_BCG_44wk"
"NINJ1",0.933795080967737,0.342371892115705,0.156,0.11,1,"13","BCG_treated","week44","IGRApos_BCG_44wk_vs_IGRAneg_BCG_44wk"
"SLC17A5",0.933876570180001,0.277981871633437,0.148,0.116,1,"13","BCG_treated","week44","IGRApos_BCG_44wk_vs_IGRAneg_BCG_44wk"
"TRAF3IP1",0.933927095669551,0.311869690361794,0.241,0.168,1,"13","BCG_treated","week44","IGRApos_BCG_44wk_vs_IGRAneg_BCG_44wk"
"IAH1",0.934144755323555,0.187871103154977,0.228,0.168,1,"13","BCG_treated","week44","IGRApos_BCG_44wk_vs_IGRAneg_BCG_44wk"
"SH2D2A",0.934149307593924,0.101536675436828,0.661,0.566,1,"13","BCG_treated","week44","IGRApos_BCG_44wk_vs_IGRAneg_BCG_44wk"
"ADAMTS3",0.934593077998188,0.152126185962441,0.183,0.139,1,"13","BCG_treated","week44","IGRApos_BCG_44wk_vs_IGRAneg_BCG_44wk"
"EMC1",0.934602291597181,0.133914856889017,0.22,0.162,1,"13","BCG_treated","week44","IGRApos_BCG_44wk_vs_IGRAneg_BCG_44wk"
"RIGI",0.934682919811457,0.109992512034272,0.558,0.468,1,"13","BCG_treated","week44","IGRApos_BCG_44wk_vs_IGRAneg_BCG_44wk"
"ACAP3",0.935085341576457,0.431054512117516,0.101,0.064,1,"13","BCG_treated","week44","IGRApos_BCG_44wk_vs_IGRAneg_BCG_44wk"
"OSBPL2",0.935255222852642,0.196360939028371,0.323,0.249,1,"13","BCG_treated","week44","IGRApos_BCG_44wk_vs_IGRAneg_BCG_44wk"
"ZC3H14",0.935941315676322,0.28758957478712,0.434,0.324,1,"13","BCG_treated","week44","IGRApos_BCG_44wk_vs_IGRAneg_BCG_44wk"
"PUS7L",0.936757778199593,0.101845964111126,0.291,0.237,1,"13","BCG_treated","week44","IGRApos_BCG_44wk_vs_IGRAneg_BCG_44wk"
"EGLN1",0.936981170112501,0.275584124857901,0.349,0.249,1,"13","BCG_treated","week44","IGRApos_BCG_44wk_vs_IGRAneg_BCG_44wk"
"ATXN3",0.937455261433544,0.167675818842824,0.468,0.399,1,"13","BCG_treated","week44","IGRApos_BCG_44wk_vs_IGRAneg_BCG_44wk"
"LRSAM1",0.937611840741278,0.239191862801905,0.212,0.168,1,"13","BCG_treated","week44","IGRApos_BCG_44wk_vs_IGRAneg_BCG_44wk"
"CDC7",0.937938352227481,0.147536776409409,0.151,0.121,1,"13","BCG_treated","week44","IGRApos_BCG_44wk_vs_IGRAneg_BCG_44wk"
"LBH",0.938226161395707,0.174987454894272,0.172,0.145,1,"13","BCG_treated","week44","IGRApos_BCG_44wk_vs_IGRAneg_BCG_44wk"
"RASSF3",0.938303912958821,0.237258735764091,0.608,0.509,1,"13","BCG_treated","week44","IGRApos_BCG_44wk_vs_IGRAneg_BCG_44wk"
"RPTOR",0.938386803350829,0.140535383726316,0.749,0.653,1,"13","BCG_treated","week44","IGRApos_BCG_44wk_vs_IGRAneg_BCG_44wk"
"ERI3",0.938648751053269,0.113718027442069,0.423,0.353,1,"13","BCG_treated","week44","IGRApos_BCG_44wk_vs_IGRAneg_BCG_44wk"
"LMNB1",0.9391256135756,0.344428474603572,0.18,0.121,1,"13","BCG_treated","week44","IGRApos_BCG_44wk_vs_IGRAneg_BCG_44wk"
"PRANCR",0.940128720803492,0.119164985521951,0.222,0.197,1,"13","BCG_treated","week44","IGRApos_BCG_44wk_vs_IGRAneg_BCG_44wk"
"FAM135A",0.940130783616749,0.100405793226861,0.246,0.208,1,"13","BCG_treated","week44","IGRApos_BCG_44wk_vs_IGRAneg_BCG_44wk"
"LRPAP1",0.940139208457177,0.347206453109114,0.262,0.168,1,"13","BCG_treated","week44","IGRApos_BCG_44wk_vs_IGRAneg_BCG_44wk"
"LRCH4",0.940401423178282,0.102489999651349,0.167,0.133,1,"13","BCG_treated","week44","IGRApos_BCG_44wk_vs_IGRAneg_BCG_44wk"
"ZC3H7B",0.940657376437858,0.150714964261531,0.394,0.318,1,"13","BCG_treated","week44","IGRApos_BCG_44wk_vs_IGRAneg_BCG_44wk"
"TRAF4",0.941143340360846,-0.361730085800808,0.138,0.121,1,"13","BCG_treated","week44","IGRApos_BCG_44wk_vs_IGRAneg_BCG_44wk"
"DDIT4",0.941221243332255,0.161867547311414,0.328,0.254,1,"13","BCG_treated","week44","IGRApos_BCG_44wk_vs_IGRAneg_BCG_44wk"
"TEPSIN",0.941701797527068,0.181733158215496,0.14,0.104,1,"13","BCG_treated","week44","IGRApos_BCG_44wk_vs_IGRAneg_BCG_44wk"
"SEC22B",0.942052778440788,0.246933981932179,0.217,0.145,1,"13","BCG_treated","week44","IGRApos_BCG_44wk_vs_IGRAneg_BCG_44wk"
"MTMR10",0.942747024306353,-0.116593370360449,0.228,0.202,1,"13","BCG_treated","week44","IGRApos_BCG_44wk_vs_IGRAneg_BCG_44wk"
"DEAF1",0.943448114933616,0.243741861848568,0.341,0.266,1,"13","BCG_treated","week44","IGRApos_BCG_44wk_vs_IGRAneg_BCG_44wk"
"OCIAD1",0.943585759948151,0.145823339749771,0.495,0.387,1,"13","BCG_treated","week44","IGRApos_BCG_44wk_vs_IGRAneg_BCG_44wk"
"CCNL2",0.944235508953672,0.131002912216056,0.423,0.329,1,"13","BCG_treated","week44","IGRApos_BCG_44wk_vs_IGRAneg_BCG_44wk"
"MOB3B",0.945457906116343,0.620241142252106,0.103,0.069,1,"13","BCG_treated","week44","IGRApos_BCG_44wk_vs_IGRAneg_BCG_44wk"
"PDSS2",0.945528608537015,0.190600948125556,0.571,0.486,1,"13","BCG_treated","week44","IGRApos_BCG_44wk_vs_IGRAneg_BCG_44wk"
"ZBED1",0.945695997245286,0.22951127892817,0.201,0.15,1,"13","BCG_treated","week44","IGRApos_BCG_44wk_vs_IGRAneg_BCG_44wk"
"NFXL1",0.945991582468823,0.225648395689429,0.22,0.168,1,"13","BCG_treated","week44","IGRApos_BCG_44wk_vs_IGRAneg_BCG_44wk"
"CHPF2",0.946110100547774,0.345454246808405,0.164,0.116,1,"13","BCG_treated","week44","IGRApos_BCG_44wk_vs_IGRAneg_BCG_44wk"
"PDP1",0.946210232644504,0.264887857303012,0.116,0.075,1,"13","BCG_treated","week44","IGRApos_BCG_44wk_vs_IGRAneg_BCG_44wk"
"STAM2",0.946593651659605,-0.108258128726153,0.407,0.364,1,"13","BCG_treated","week44","IGRApos_BCG_44wk_vs_IGRAneg_BCG_44wk"
"EPAS1",0.946843048692589,-0.116283498575861,0.185,0.156,1,"13","BCG_treated","week44","IGRApos_BCG_44wk_vs_IGRAneg_BCG_44wk"
"CTPS2",0.946946794315175,0.231311972622373,0.235,0.162,1,"13","BCG_treated","week44","IGRApos_BCG_44wk_vs_IGRAneg_BCG_44wk"
"RMI1",0.947968411629854,0.157333375079286,0.103,0.081,1,"13","BCG_treated","week44","IGRApos_BCG_44wk_vs_IGRAneg_BCG_44wk"
"NELFB",0.948674895481519,-0.131806478922086,0.146,0.133,1,"13","BCG_treated","week44","IGRApos_BCG_44wk_vs_IGRAneg_BCG_44wk"
"TMEM230",0.948696150963204,0.187846686277463,0.225,0.173,1,"13","BCG_treated","week44","IGRApos_BCG_44wk_vs_IGRAneg_BCG_44wk"
"SYNJ2BP",0.948704142420583,0.222074237664572,0.122,0.092,1,"13","BCG_treated","week44","IGRApos_BCG_44wk_vs_IGRAneg_BCG_44wk"
"HOTAIRM1",0.950434582431264,-0.10488386692399,0.114,0.092,1,"13","BCG_treated","week44","IGRApos_BCG_44wk_vs_IGRAneg_BCG_44wk"
"DOCK4",0.95140774660702,-0.142145112866938,0.106,0.092,1,"13","BCG_treated","week44","IGRApos_BCG_44wk_vs_IGRAneg_BCG_44wk"
"UPRT",0.951986426421703,0.300144438692437,0.161,0.116,1,"13","BCG_treated","week44","IGRApos_BCG_44wk_vs_IGRAneg_BCG_44wk"
"RRP8",0.952066442945023,-0.149631584596992,0.159,0.133,1,"13","BCG_treated","week44","IGRApos_BCG_44wk_vs_IGRAneg_BCG_44wk"
"NADK2",0.952185455909675,0.15711154612656,0.132,0.11,1,"13","BCG_treated","week44","IGRApos_BCG_44wk_vs_IGRAneg_BCG_44wk"
"NUP188",0.952779674801938,0.155583710018561,0.328,0.254,1,"13","BCG_treated","week44","IGRApos_BCG_44wk_vs_IGRAneg_BCG_44wk"
"AMZ2",0.953146875744665,0.14583623678947,0.582,0.48,1,"13","BCG_treated","week44","IGRApos_BCG_44wk_vs_IGRAneg_BCG_44wk"
"MCPH1-AS1",0.953591449174505,0.268959607201459,0.169,0.133,1,"13","BCG_treated","week44","IGRApos_BCG_44wk_vs_IGRAneg_BCG_44wk"
"ZNF525",0.95368373757501,-0.136674263727681,0.18,0.156,1,"13","BCG_treated","week44","IGRApos_BCG_44wk_vs_IGRAneg_BCG_44wk"
"NOL6",0.953859541860401,0.214009077520723,0.103,0.069,1,"13","BCG_treated","week44","IGRApos_BCG_44wk_vs_IGRAneg_BCG_44wk"
"LINC00667",0.954831430189168,0.137324611534969,0.132,0.11,1,"13","BCG_treated","week44","IGRApos_BCG_44wk_vs_IGRAneg_BCG_44wk"
"ANXA11",0.955050667097016,0.134435382491764,0.579,0.486,1,"13","BCG_treated","week44","IGRApos_BCG_44wk_vs_IGRAneg_BCG_44wk"
"SHISAL2A",0.955508890635737,-0.291909493583983,0.172,0.168,1,"13","BCG_treated","week44","IGRApos_BCG_44wk_vs_IGRAneg_BCG_44wk"
"BRF1",0.956002918932752,0.142179396695958,0.447,0.353,1,"13","BCG_treated","week44","IGRApos_BCG_44wk_vs_IGRAneg_BCG_44wk"
"ELL2",0.956369110866629,0.20577142523553,0.495,0.399,1,"13","BCG_treated","week44","IGRApos_BCG_44wk_vs_IGRAneg_BCG_44wk"
"SELENOI",0.956589479150521,0.299821130944382,0.325,0.249,1,"13","BCG_treated","week44","IGRApos_BCG_44wk_vs_IGRAneg_BCG_44wk"
"GATD1",0.956607852354319,0.350568503347457,0.116,0.087,1,"13","BCG_treated","week44","IGRApos_BCG_44wk_vs_IGRAneg_BCG_44wk"
"PSMB8",0.956743533132497,0.192942123703814,0.143,0.104,1,"13","BCG_treated","week44","IGRApos_BCG_44wk_vs_IGRAneg_BCG_44wk"
"XRN2",0.957557725398528,0.158324468906756,0.614,0.503,1,"13","BCG_treated","week44","IGRApos_BCG_44wk_vs_IGRAneg_BCG_44wk"
"WDR25",0.95801705818777,0.193122401461713,0.175,0.139,1,"13","BCG_treated","week44","IGRApos_BCG_44wk_vs_IGRAneg_BCG_44wk"
"SUN1",0.958490527498729,0.171947412651047,0.354,0.306,1,"13","BCG_treated","week44","IGRApos_BCG_44wk_vs_IGRAneg_BCG_44wk"
"TMEM214",0.959357997768581,0.102380550105619,0.225,0.179,1,"13","BCG_treated","week44","IGRApos_BCG_44wk_vs_IGRAneg_BCG_44wk"
"ENSG00000290548",0.959415634040471,0.382043081274833,0.204,0.145,1,"13","BCG_treated","week44","IGRApos_BCG_44wk_vs_IGRAneg_BCG_44wk"
"PRNP",0.959501761770554,-0.118337042197818,0.19,0.162,1,"13","BCG_treated","week44","IGRApos_BCG_44wk_vs_IGRAneg_BCG_44wk"
"ZNF322",0.959853435215812,0.429186446326494,0.116,0.081,1,"13","BCG_treated","week44","IGRApos_BCG_44wk_vs_IGRAneg_BCG_44wk"
"UBE2J2",0.960034311038673,0.220747492172558,0.31,0.249,1,"13","BCG_treated","week44","IGRApos_BCG_44wk_vs_IGRAneg_BCG_44wk"
"RALGPS1",0.960993174410656,0.116060397325666,0.405,0.335,1,"13","BCG_treated","week44","IGRApos_BCG_44wk_vs_IGRAneg_BCG_44wk"
"SQLE",0.961071817825106,0.196842785352113,0.209,0.162,1,"13","BCG_treated","week44","IGRApos_BCG_44wk_vs_IGRAneg_BCG_44wk"
"FBXL19",0.961452568136622,0.300935087034326,0.114,0.081,1,"13","BCG_treated","week44","IGRApos_BCG_44wk_vs_IGRAneg_BCG_44wk"
"CAPN12",0.962659208588564,-0.264072202166558,0.135,0.121,1,"13","BCG_treated","week44","IGRApos_BCG_44wk_vs_IGRAneg_BCG_44wk"
"SELENOS",0.962719258415039,0.147071646772119,0.283,0.22,1,"13","BCG_treated","week44","IGRApos_BCG_44wk_vs_IGRAneg_BCG_44wk"
"MMUT",0.962763418872715,0.368479171400279,0.106,0.081,1,"13","BCG_treated","week44","IGRApos_BCG_44wk_vs_IGRAneg_BCG_44wk"
"CLASP2",0.963589805551201,0.108596810054898,0.733,0.647,1,"13","BCG_treated","week44","IGRApos_BCG_44wk_vs_IGRAneg_BCG_44wk"
"ASTL",0.963598521241189,-0.132046123299853,0.114,0.104,1,"13","BCG_treated","week44","IGRApos_BCG_44wk_vs_IGRAneg_BCG_44wk"
"NTPCR",0.964338674797771,0.243517819233667,0.132,0.098,1,"13","BCG_treated","week44","IGRApos_BCG_44wk_vs_IGRAneg_BCG_44wk"
"EOLA2-DT",0.964453627848505,-0.194743357849605,0.304,0.26,1,"13","BCG_treated","week44","IGRApos_BCG_44wk_vs_IGRAneg_BCG_44wk"
"TRGC1",0.964665199375441,-0.187163894200998,0.156,0.127,1,"13","BCG_treated","week44","IGRApos_BCG_44wk_vs_IGRAneg_BCG_44wk"
"DOP1B",0.964998762522452,0.103634775501816,0.354,0.295,1,"13","BCG_treated","week44","IGRApos_BCG_44wk_vs_IGRAneg_BCG_44wk"
"SPINDOC",0.967502534945848,0.123034033405937,0.14,0.116,1,"13","BCG_treated","week44","IGRApos_BCG_44wk_vs_IGRAneg_BCG_44wk"
"THOC7",0.967548471564934,0.112994346233501,0.249,0.202,1,"13","BCG_treated","week44","IGRApos_BCG_44wk_vs_IGRAneg_BCG_44wk"
"RPGR",0.967576900284484,-0.407069105045374,0.132,0.127,1,"13","BCG_treated","week44","IGRApos_BCG_44wk_vs_IGRAneg_BCG_44wk"
"ZRANB3",0.967731815184906,0.298972180901643,0.376,0.295,1,"13","BCG_treated","week44","IGRApos_BCG_44wk_vs_IGRAneg_BCG_44wk"
"PARP11",0.968217596989502,0.123422822729277,0.524,0.428,1,"13","BCG_treated","week44","IGRApos_BCG_44wk_vs_IGRAneg_BCG_44wk"
"SLC39A11",0.968764387543312,0.202522159351287,0.511,0.428,1,"13","BCG_treated","week44","IGRApos_BCG_44wk_vs_IGRAneg_BCG_44wk"
"LSM3",0.969139406883503,0.172441545553152,0.101,0.069,1,"13","BCG_treated","week44","IGRApos_BCG_44wk_vs_IGRAneg_BCG_44wk"
"RPS20",0.969372116854206,0.19392850704553,0.235,0.168,1,"13","BCG_treated","week44","IGRApos_BCG_44wk_vs_IGRAneg_BCG_44wk"
"ZSCAN32",0.969456460133874,-0.192813173061724,0.161,0.139,1,"13","BCG_treated","week44","IGRApos_BCG_44wk_vs_IGRAneg_BCG_44wk"
"METAP2",0.970052919436368,0.184149092109366,0.339,0.272,1,"13","BCG_treated","week44","IGRApos_BCG_44wk_vs_IGRAneg_BCG_44wk"
"SFXN1",0.970381291101736,0.290803370864986,0.407,0.306,1,"13","BCG_treated","week44","IGRApos_BCG_44wk_vs_IGRAneg_BCG_44wk"
"NFYB",0.970512302739206,0.105239570453098,0.108,0.087,1,"13","BCG_treated","week44","IGRApos_BCG_44wk_vs_IGRAneg_BCG_44wk"
"UQCRC2",0.971679245963346,0.131432997908366,0.405,0.318,1,"13","BCG_treated","week44","IGRApos_BCG_44wk_vs_IGRAneg_BCG_44wk"
"PNO1",0.971885867845814,0.115264991677423,0.156,0.11,1,"13","BCG_treated","week44","IGRApos_BCG_44wk_vs_IGRAneg_BCG_44wk"
"LRRC47",0.971989481476603,0.259452876250817,0.143,0.098,1,"13","BCG_treated","week44","IGRApos_BCG_44wk_vs_IGRAneg_BCG_44wk"
"ENPP1",0.972144214617785,0.133251797563848,0.246,0.225,1,"13","BCG_treated","week44","IGRApos_BCG_44wk_vs_IGRAneg_BCG_44wk"
"DCUN1D3",0.97265502945681,-0.159083644813716,0.14,0.116,1,"13","BCG_treated","week44","IGRApos_BCG_44wk_vs_IGRAneg_BCG_44wk"
"ADSL",0.972929695697677,0.174419998159944,0.241,0.185,1,"13","BCG_treated","week44","IGRApos_BCG_44wk_vs_IGRAneg_BCG_44wk"
"SMNDC1",0.972942872969719,-0.197068943972809,0.175,0.162,1,"13","BCG_treated","week44","IGRApos_BCG_44wk_vs_IGRAneg_BCG_44wk"
"GNA13",0.973308420813172,0.228895713985441,0.611,0.491,1,"13","BCG_treated","week44","IGRApos_BCG_44wk_vs_IGRAneg_BCG_44wk"
"PCYT1A",0.973404856349983,0.180427046831148,0.423,0.329,1,"13","BCG_treated","week44","IGRApos_BCG_44wk_vs_IGRAneg_BCG_44wk"
"NHSL2",0.973615656267487,0.181653481482053,0.22,0.185,1,"13","BCG_treated","week44","IGRApos_BCG_44wk_vs_IGRAneg_BCG_44wk"
"PEX7",0.974538043459117,-0.248722965801245,0.13,0.116,1,"13","BCG_treated","week44","IGRApos_BCG_44wk_vs_IGRAneg_BCG_44wk"
"RCN1",0.974570042051424,0.197192367597203,0.14,0.104,1,"13","BCG_treated","week44","IGRApos_BCG_44wk_vs_IGRAneg_BCG_44wk"
"PAGR1",0.974572301435339,-0.100278522689568,0.135,0.11,1,"13","BCG_treated","week44","IGRApos_BCG_44wk_vs_IGRAneg_BCG_44wk"
"RINT1",0.974843099163152,0.250928336247349,0.169,0.127,1,"13","BCG_treated","week44","IGRApos_BCG_44wk_vs_IGRAneg_BCG_44wk"
"PREP",0.974959292455685,0.134712557528631,0.418,0.358,1,"13","BCG_treated","week44","IGRApos_BCG_44wk_vs_IGRAneg_BCG_44wk"
"KLRC4",0.974964999325335,0.146056539143657,0.556,0.468,1,"13","BCG_treated","week44","IGRApos_BCG_44wk_vs_IGRAneg_BCG_44wk"
"PDCD6",0.975507051034896,0.268047233196194,0.37,0.289,1,"13","BCG_treated","week44","IGRApos_BCG_44wk_vs_IGRAneg_BCG_44wk"
"SRP19",0.975740803906053,0.165969101854359,0.328,0.283,1,"13","BCG_treated","week44","IGRApos_BCG_44wk_vs_IGRAneg_BCG_44wk"
"IFI16",0.975850495255785,0.101787889236963,0.849,0.763,1,"13","BCG_treated","week44","IGRApos_BCG_44wk_vs_IGRAneg_BCG_44wk"
"FOXJ2",0.97587064548109,0.307725635984977,0.122,0.087,1,"13","BCG_treated","week44","IGRApos_BCG_44wk_vs_IGRAneg_BCG_44wk"
"GNL2",0.977308238608585,0.209229078357068,0.288,0.22,1,"13","BCG_treated","week44","IGRApos_BCG_44wk_vs_IGRAneg_BCG_44wk"
"XPNPEP1",0.977391292923014,0.110910597716359,0.481,0.393,1,"13","BCG_treated","week44","IGRApos_BCG_44wk_vs_IGRAneg_BCG_44wk"
"MKKS",0.977812543787745,0.227389568820074,0.159,0.127,1,"13","BCG_treated","week44","IGRApos_BCG_44wk_vs_IGRAneg_BCG_44wk"
"RECQL",0.978444662599644,-0.11312631315847,0.257,0.225,1,"13","BCG_treated","week44","IGRApos_BCG_44wk_vs_IGRAneg_BCG_44wk"
"ZNFX1",0.978535439953848,0.15553808029309,0.503,0.393,1,"13","BCG_treated","week44","IGRApos_BCG_44wk_vs_IGRAneg_BCG_44wk"
"EXOC7",0.978826825236609,0.212704133174938,0.421,0.318,1,"13","BCG_treated","week44","IGRApos_BCG_44wk_vs_IGRAneg_BCG_44wk"
"GOSR2",0.978842137743758,0.149140963444918,0.32,0.249,1,"13","BCG_treated","week44","IGRApos_BCG_44wk_vs_IGRAneg_BCG_44wk"
"UQCC1",0.979641316549676,0.131328978259753,0.394,0.312,1,"13","BCG_treated","week44","IGRApos_BCG_44wk_vs_IGRAneg_BCG_44wk"
"MTRF1",0.979940961109195,0.247436598744289,0.188,0.139,1,"13","BCG_treated","week44","IGRApos_BCG_44wk_vs_IGRAneg_BCG_44wk"
"NELFE",0.980754854260379,0.252426579611595,0.185,0.127,1,"13","BCG_treated","week44","IGRApos_BCG_44wk_vs_IGRAneg_BCG_44wk"
"DPH5-DT",0.981322261426997,0.248055239410333,0.302,0.231,1,"13","BCG_treated","week44","IGRApos_BCG_44wk_vs_IGRAneg_BCG_44wk"
"EPB41L2",0.982986152583734,0.11844694916913,0.156,0.133,1,"13","BCG_treated","week44","IGRApos_BCG_44wk_vs_IGRAneg_BCG_44wk"
"TXNDC16",0.984760010416984,0.178709033822141,0.235,0.185,1,"13","BCG_treated","week44","IGRApos_BCG_44wk_vs_IGRAneg_BCG_44wk"
"INO80",0.984974228786556,0.114724252622111,0.582,0.503,1,"13","BCG_treated","week44","IGRApos_BCG_44wk_vs_IGRAneg_BCG_44wk"
"TCAIM",0.985785391309466,0.175909256257,0.291,0.225,1,"13","BCG_treated","week44","IGRApos_BCG_44wk_vs_IGRAneg_BCG_44wk"
"ARMH3",0.986240600207628,0.136646137212338,0.704,0.59,1,"13","BCG_treated","week44","IGRApos_BCG_44wk_vs_IGRAneg_BCG_44wk"
"TXLNG",0.986700406778178,0.14189773674955,0.265,0.208,1,"13","BCG_treated","week44","IGRApos_BCG_44wk_vs_IGRAneg_BCG_44wk"
"STX11",0.987497484048495,0.116016797583894,0.392,0.324,1,"13","BCG_treated","week44","IGRApos_BCG_44wk_vs_IGRAneg_BCG_44wk"
"TOP3B",0.987743305284755,0.201816912296231,0.209,0.162,1,"13","BCG_treated","week44","IGRApos_BCG_44wk_vs_IGRAneg_BCG_44wk"
"PAFAH2",0.987823522933829,-0.42031613197579,0.143,0.133,1,"13","BCG_treated","week44","IGRApos_BCG_44wk_vs_IGRAneg_BCG_44wk"
"MAP1S",0.988532802855267,0.358011979887945,0.108,0.075,1,"13","BCG_treated","week44","IGRApos_BCG_44wk_vs_IGRAneg_BCG_44wk"
"FBXO8",0.988782476177781,0.405279328233404,0.127,0.087,1,"13","BCG_treated","week44","IGRApos_BCG_44wk_vs_IGRAneg_BCG_44wk"
"TRNT1",0.989497767205448,0.112664668581896,0.288,0.231,1,"13","BCG_treated","week44","IGRApos_BCG_44wk_vs_IGRAneg_BCG_44wk"
"ALG6",0.990237863108996,0.108618708630605,0.222,0.168,1,"13","BCG_treated","week44","IGRApos_BCG_44wk_vs_IGRAneg_BCG_44wk"
"ACAD10",0.990573589271097,0.235971052695346,0.167,0.133,1,"13","BCG_treated","week44","IGRApos_BCG_44wk_vs_IGRAneg_BCG_44wk"
"DLGAP1-AS1",0.991156145388067,0.103050901625994,0.153,0.121,1,"13","BCG_treated","week44","IGRApos_BCG_44wk_vs_IGRAneg_BCG_44wk"
"RCN2",0.991237640587224,0.165811118556411,0.198,0.156,1,"13","BCG_treated","week44","IGRApos_BCG_44wk_vs_IGRAneg_BCG_44wk"
"ZCCHC4",0.991322582101204,0.311134754456915,0.172,0.127,1,"13","BCG_treated","week44","IGRApos_BCG_44wk_vs_IGRAneg_BCG_44wk"
"NUDCD3",0.992003514050594,0.155857771637892,0.423,0.341,1,"13","BCG_treated","week44","IGRApos_BCG_44wk_vs_IGRAneg_BCG_44wk"
"ZNF394",0.992313175077667,0.149859248115691,0.339,0.272,1,"13","BCG_treated","week44","IGRApos_BCG_44wk_vs_IGRAneg_BCG_44wk"
"KHDC4",0.99255267229606,0.171827065201442,0.421,0.335,1,"13","BCG_treated","week44","IGRApos_BCG_44wk_vs_IGRAneg_BCG_44wk"
"TTC31",0.992896902641516,0.188385809402415,0.164,0.121,1,"13","BCG_treated","week44","IGRApos_BCG_44wk_vs_IGRAneg_BCG_44wk"
"POU2F1",0.992988672171223,0.127550394006031,0.545,0.474,1,"13","BCG_treated","week44","IGRApos_BCG_44wk_vs_IGRAneg_BCG_44wk"
"CSRNP2",0.993439277766693,0.190193377202457,0.246,0.202,1,"13","BCG_treated","week44","IGRApos_BCG_44wk_vs_IGRAneg_BCG_44wk"
"CDK17",0.993586282534808,0.107913293628993,0.897,0.827,1,"13","BCG_treated","week44","IGRApos_BCG_44wk_vs_IGRAneg_BCG_44wk"
"PGM2L1",0.994204294704202,0.433392935936133,0.116,0.092,1,"13","BCG_treated","week44","IGRApos_BCG_44wk_vs_IGRAneg_BCG_44wk"
"LINC02256",0.99474245537299,-0.117680516282249,0.103,0.087,1,"13","BCG_treated","week44","IGRApos_BCG_44wk_vs_IGRAneg_BCG_44wk"
"CCDC25",0.994817816443592,-0.375716382709854,0.14,0.121,1,"13","BCG_treated","week44","IGRApos_BCG_44wk_vs_IGRAneg_BCG_44wk"
"GNB1L",0.995009944146583,0.155561615332156,0.124,0.098,1,"13","BCG_treated","week44","IGRApos_BCG_44wk_vs_IGRAneg_BCG_44wk"
"TUBD1",0.995951116637435,0.369992320926819,0.13,0.087,1,"13","BCG_treated","week44","IGRApos_BCG_44wk_vs_IGRAneg_BCG_44wk"
"ZNF134",0.99625938814509,0.137127265556703,0.159,0.127,1,"13","BCG_treated","week44","IGRApos_BCG_44wk_vs_IGRAneg_BCG_44wk"
"DNPEP",0.996276978650521,0.103288968784063,0.217,0.173,1,"13","BCG_treated","week44","IGRApos_BCG_44wk_vs_IGRAneg_BCG_44wk"
"ADSS2",0.996511572576503,0.190743354846485,0.611,0.509,1,"13","BCG_treated","week44","IGRApos_BCG_44wk_vs_IGRAneg_BCG_44wk"
"ATP1B1",0.998525606043873,-0.176520413549883,0.122,0.11,1,"13","BCG_treated","week44","IGRApos_BCG_44wk_vs_IGRAneg_BCG_44wk"
"ZMYM6",0.998591655272918,0.163494124818936,0.32,0.26,1,"13","BCG_treated","week44","IGRApos_BCG_44wk_vs_IGRAneg_BCG_44wk"
"NUDT21",0.998664703017372,0.186413117784661,0.246,0.197,1,"13","BCG_treated","week44","IGRApos_BCG_44wk_vs_IGRAneg_BCG_44wk"
"SKI",0.99932428686553,0.10013919163462,0.458,0.399,1,"13","BCG_treated","week44","IGRApos_BCG_44wk_vs_IGRAneg_BCG_44wk"
"MRPS15",0.999345073823421,-0.206371402513209,0.106,0.092,1,"13","BCG_treated","week44","IGRApos_BCG_44wk_vs_IGRAneg_BCG_44wk"
"PEPD",0.999590980292733,0.181911868394192,0.201,0.162,1,"13","BCG_treated","week44","IGRApos_BCG_44wk_vs_IGRAneg_BCG_44wk"
"ORMDL1",0.999774867822247,0.231168559978788,0.325,0.243,1,"13","BCG_treated","week44","IGRApos_BCG_44wk_vs_IGRAneg_BCG_44wk"
